9.042639160156250000e+01 0.000000000000000000e+00 0.000000000000000000e+00
9.042639160156250000e+01 0.000000000000000000e+00 0.000000000000000000e+00
9.038018798828125000e+01 0.000000000000000000e+00 0.000000000000000000e+00
8.885522460937500000e+01 0.000000000000000000e+00 0.000000000000000000e+00
8.798150634765625000e+01 0.000000000000000000e+00 0.000000000000000000e+00
8.744213867187500000e+01 0.000000000000000000e+00 0.000000000000000000e+00
8.696716308593750000e+01 0.000000000000000000e+00 0.000000000000000000e+00
8.661730957031250000e+01 0.000000000000000000e+00 0.000000000000000000e+00
8.636706542968750000e+01 0.000000000000000000e+00 0.000000000000000000e+00
8.575225830078125000e+01 0.000000000000000000e+00 0.000000000000000000e+00
8.559906005859375000e+01 0.000000000000000000e+00 0.000000000000000000e+00
8.553106689453125000e+01 0.000000000000000000e+00 0.000000000000000000e+00
8.546514892578125000e+01 0.000000000000000000e+00 0.000000000000000000e+00
8.540789794921875000e+01 0.000000000000000000e+00 0.000000000000000000e+00
8.547167968750000000e+01 0.000000000000000000e+00 0.000000000000000000e+00
8.558966064453125000e+01 0.000000000000000000e+00 0.000000000000000000e+00
8.564764404296875000e+01 0.000000000000000000e+00 0.000000000000000000e+00
8.553576660156250000e+01 0.000000000000000000e+00 0.000000000000000000e+00
8.530676269531250000e+01 0.000000000000000000e+00 0.000000000000000000e+00
8.511169433593750000e+01 0.000000000000000000e+00 0.000000000000000000e+00
8.505230712890625000e+01 0.000000000000000000e+00 0.000000000000000000e+00
8.485760498046875000e+01 0.000000000000000000e+00 0.000000000000000000e+00
8.478192138671875000e+01 0.000000000000000000e+00 0.000000000000000000e+00
8.473870849609375000e+01 0.000000000000000000e+00 0.000000000000000000e+00
8.463305664062500000e+01 0.000000000000000000e+00 0.000000000000000000e+00
8.448577880859375000e+01 0.000000000000000000e+00 0.000000000000000000e+00
8.446331787109375000e+01 0.000000000000000000e+00 0.000000000000000000e+00
8.449884033203125000e+01 0.000000000000000000e+00 0.000000000000000000e+00
8.452392578125000000e+01 0.000000000000000000e+00 0.000000000000000000e+00
8.444543457031250000e+01 0.000000000000000000e+00 0.000000000000000000e+00
8.442242431640625000e+01 0.000000000000000000e+00 0.000000000000000000e+00
8.441741943359375000e+01 0.000000000000000000e+00 0.000000000000000000e+00
8.437988281250000000e+01 0.000000000000000000e+00 0.000000000000000000e+00
8.430914306640625000e+01 0.000000000000000000e+00 0.000000000000000000e+00
8.425988769531250000e+01 0.000000000000000000e+00 0.000000000000000000e+00
8.431384277343750000e+01 0.000000000000000000e+00 0.000000000000000000e+00
8.432116699218750000e+01 0.000000000000000000e+00 0.000000000000000000e+00
8.432598876953125000e+01 0.000000000000000000e+00 0.000000000000000000e+00
8.422479248046875000e+01 0.000000000000000000e+00 0.000000000000000000e+00
8.417590332031250000e+01 0.000000000000000000e+00 0.000000000000000000e+00
8.416931152343750000e+01 0.000000000000000000e+00 0.000000000000000000e+00
8.428924560546875000e+01 0.000000000000000000e+00 0.000000000000000000e+00
8.435058593750000000e+01 0.000000000000000000e+00 0.000000000000000000e+00
8.442614746093750000e+01 0.000000000000000000e+00 0.000000000000000000e+00
8.452862548828125000e+01 0.000000000000000000e+00 0.000000000000000000e+00
8.457678222656250000e+01 0.000000000000000000e+00 0.000000000000000000e+00
8.463232421875000000e+01 0.000000000000000000e+00 0.000000000000000000e+00
8.461267089843750000e+01 0.000000000000000000e+00 0.000000000000000000e+00
8.464581298828125000e+01 0.000000000000000000e+00 0.000000000000000000e+00
8.460675048828125000e+01 0.000000000000000000e+00 0.000000000000000000e+00
8.464337158203125000e+01 0.000000000000000000e+00 0.000000000000000000e+00
8.470367431640625000e+01 0.000000000000000000e+00 0.000000000000000000e+00
8.470483398437500000e+01 0.000000000000000000e+00 0.000000000000000000e+00
8.473809814453125000e+01 0.000000000000000000e+00 0.000000000000000000e+00
8.499761962890625000e+01 0.000000000000000000e+00 0.000000000000000000e+00
8.492425537109375000e+01 0.000000000000000000e+00 0.000000000000000000e+00
8.492376708984375000e+01 0.000000000000000000e+00 0.000000000000000000e+00
8.471618652343750000e+01 0.000000000000000000e+00 0.000000000000000000e+00
8.457513427734375000e+01 0.000000000000000000e+00 0.000000000000000000e+00
8.448553466796875000e+01 0.000000000000000000e+00 0.000000000000000000e+00
8.468438720703125000e+01 0.000000000000000000e+00 0.000000000000000000e+00
8.486340332031250000e+01 0.000000000000000000e+00 0.000000000000000000e+00
8.479992675781250000e+01 0.000000000000000000e+00 0.000000000000000000e+00
8.485571289062500000e+01 0.000000000000000000e+00 0.000000000000000000e+00
8.491162109375000000e+01 0.000000000000000000e+00 0.000000000000000000e+00
8.486767578125000000e+01 0.000000000000000000e+00 0.000000000000000000e+00
8.463153076171875000e+01 0.000000000000000000e+00 0.000000000000000000e+00
8.457672119140625000e+01 0.000000000000000000e+00 0.000000000000000000e+00
8.446398925781250000e+01 0.000000000000000000e+00 0.000000000000000000e+00
8.434906005859375000e+01 0.000000000000000000e+00 0.000000000000000000e+00
8.409332275390625000e+01 0.000000000000000000e+00 0.000000000000000000e+00
8.388293457031250000e+01 0.000000000000000000e+00 0.000000000000000000e+00
8.384161376953125000e+01 0.000000000000000000e+00 0.000000000000000000e+00
8.383557128906250000e+01 0.000000000000000000e+00 0.000000000000000000e+00
8.379827880859375000e+01 0.000000000000000000e+00 0.000000000000000000e+00
8.374633789062500000e+01 0.000000000000000000e+00 0.000000000000000000e+00
8.379046630859375000e+01 0.000000000000000000e+00 0.000000000000000000e+00
8.368487548828125000e+01 0.000000000000000000e+00 0.000000000000000000e+00
8.366033935546875000e+01 0.000000000000000000e+00 0.000000000000000000e+00
8.368560791015625000e+01 0.000000000000000000e+00 0.000000000000000000e+00
8.358239746093750000e+01 0.000000000000000000e+00 0.000000000000000000e+00
8.359075927734375000e+01 0.000000000000000000e+00 0.000000000000000000e+00
8.375738525390625000e+01 0.000000000000000000e+00 0.000000000000000000e+00
8.384045410156250000e+01 0.000000000000000000e+00 0.000000000000000000e+00
8.386242675781250000e+01 0.000000000000000000e+00 0.000000000000000000e+00
8.387536621093750000e+01 0.000000000000000000e+00 0.000000000000000000e+00
8.398950195312500000e+01 0.000000000000000000e+00 0.000000000000000000e+00
8.396246337890625000e+01 0.000000000000000000e+00 0.000000000000000000e+00
8.396734619140625000e+01 0.000000000000000000e+00 0.000000000000000000e+00
8.398522949218750000e+01 0.000000000000000000e+00 0.000000000000000000e+00
8.397039794921875000e+01 0.000000000000000000e+00 0.000000000000000000e+00
8.402368164062500000e+01 0.000000000000000000e+00 0.000000000000000000e+00
8.402105712890625000e+01 0.000000000000000000e+00 0.000000000000000000e+00
8.400573730468750000e+01 0.000000000000000000e+00 0.000000000000000000e+00
8.404534912109375000e+01 0.000000000000000000e+00 0.000000000000000000e+00
8.408227539062500000e+01 0.000000000000000000e+00 0.000000000000000000e+00
8.399731445312500000e+01 0.000000000000000000e+00 0.000000000000000000e+00
8.393902587890625000e+01 0.000000000000000000e+00 0.000000000000000000e+00
8.393847656250000000e+01 0.000000000000000000e+00 0.000000000000000000e+00
8.374353027343750000e+01 0.000000000000000000e+00 0.000000000000000000e+00
8.377392578125000000e+01 0.000000000000000000e+00 0.000000000000000000e+00
8.375286865234375000e+01 0.000000000000000000e+00 0.000000000000000000e+00
8.376617431640625000e+01 0.000000000000000000e+00 0.000000000000000000e+00
8.378735351562500000e+01 0.000000000000000000e+00 0.000000000000000000e+00
8.393298339843750000e+01 0.000000000000000000e+00 0.000000000000000000e+00
8.368743896484375000e+01 0.000000000000000000e+00 0.000000000000000000e+00
8.355242919921875000e+01 0.000000000000000000e+00 0.000000000000000000e+00
8.347454833984375000e+01 0.000000000000000000e+00 0.000000000000000000e+00
8.344696044921875000e+01 0.000000000000000000e+00 0.000000000000000000e+00
8.328527832031250000e+01 0.000000000000000000e+00 0.000000000000000000e+00
8.332281494140625000e+01 0.000000000000000000e+00 0.000000000000000000e+00
8.316241455078125000e+01 0.000000000000000000e+00 0.000000000000000000e+00
8.325250244140625000e+01 0.000000000000000000e+00 0.000000000000000000e+00
8.299530029296875000e+01 0.000000000000000000e+00 0.000000000000000000e+00
8.294238281250000000e+01 0.000000000000000000e+00 0.000000000000000000e+00
8.278533935546875000e+01 0.000000000000000000e+00 0.000000000000000000e+00
8.265789794921875000e+01 0.000000000000000000e+00 0.000000000000000000e+00
8.264660644531250000e+01 0.000000000000000000e+00 0.000000000000000000e+00
8.253918457031250000e+01 0.000000000000000000e+00 0.000000000000000000e+00
8.238653564453125000e+01 0.000000000000000000e+00 0.000000000000000000e+00
8.232049560546875000e+01 0.000000000000000000e+00 0.000000000000000000e+00
8.224432373046875000e+01 0.000000000000000000e+00 0.000000000000000000e+00
8.231793212890625000e+01 0.000000000000000000e+00 0.000000000000000000e+00
8.212628173828125000e+01 0.000000000000000000e+00 0.000000000000000000e+00
8.203363037109375000e+01 0.000000000000000000e+00 0.000000000000000000e+00
8.182281494140625000e+01 0.000000000000000000e+00 0.000000000000000000e+00
8.167114257812500000e+01 0.000000000000000000e+00 0.000000000000000000e+00
8.178387451171875000e+01 0.000000000000000000e+00 0.000000000000000000e+00
8.180828857421875000e+01 0.000000000000000000e+00 0.000000000000000000e+00
8.181341552734375000e+01 0.000000000000000000e+00 0.000000000000000000e+00
8.192291259765625000e+01 0.000000000000000000e+00 0.000000000000000000e+00
8.209429931640625000e+01 0.000000000000000000e+00 0.000000000000000000e+00
8.207843017578125000e+01 0.000000000000000000e+00 0.000000000000000000e+00
8.209716796875000000e+01 0.000000000000000000e+00 0.000000000000000000e+00
8.206420898437500000e+01 0.000000000000000000e+00 0.000000000000000000e+00
8.197137451171875000e+01 0.000000000000000000e+00 0.000000000000000000e+00
8.190515136718750000e+01 0.000000000000000000e+00 0.000000000000000000e+00
8.184863281250000000e+01 0.000000000000000000e+00 0.000000000000000000e+00
8.187792968750000000e+01 0.000000000000000000e+00 0.000000000000000000e+00
8.170416259765625000e+01 0.000000000000000000e+00 0.000000000000000000e+00
8.165057373046875000e+01 0.000000000000000000e+00 0.000000000000000000e+00
8.156378173828125000e+01 0.000000000000000000e+00 0.000000000000000000e+00
8.157806396484375000e+01 0.000000000000000000e+00 0.000000000000000000e+00
8.139935302734375000e+01 0.000000000000000000e+00 0.000000000000000000e+00
8.134271240234375000e+01 0.000000000000000000e+00 0.000000000000000000e+00
8.142517089843750000e+01 0.000000000000000000e+00 0.000000000000000000e+00
8.144171142578125000e+01 0.000000000000000000e+00 0.000000000000000000e+00
8.140216064453125000e+01 0.000000000000000000e+00 0.000000000000000000e+00
8.142785644531250000e+01 0.000000000000000000e+00 0.000000000000000000e+00
8.135015869140625000e+01 0.000000000000000000e+00 0.000000000000000000e+00
8.131665039062500000e+01 0.000000000000000000e+00 0.000000000000000000e+00
8.129553222656250000e+01 0.000000000000000000e+00 0.000000000000000000e+00
8.131103515625000000e+01 0.000000000000000000e+00 0.000000000000000000e+00
8.156341552734375000e+01 0.000000000000000000e+00 0.000000000000000000e+00
8.164318847656250000e+01 0.000000000000000000e+00 0.000000000000000000e+00
8.174566650390625000e+01 0.000000000000000000e+00 0.000000000000000000e+00
8.178912353515625000e+01 0.000000000000000000e+00 0.000000000000000000e+00
8.178479003906250000e+01 0.000000000000000000e+00 0.000000000000000000e+00
8.183306884765625000e+01 0.000000000000000000e+00 0.000000000000000000e+00
8.175982666015625000e+01 0.000000000000000000e+00 0.000000000000000000e+00
8.182482910156250000e+01 0.000000000000000000e+00 0.000000000000000000e+00
8.185070800781250000e+01 0.000000000000000000e+00 0.000000000000000000e+00
8.168560791015625000e+01 0.000000000000000000e+00 0.000000000000000000e+00
8.171929931640625000e+01 0.000000000000000000e+00 0.000000000000000000e+00
8.154626464843750000e+01 0.000000000000000000e+00 0.000000000000000000e+00
8.155279541015625000e+01 0.000000000000000000e+00 0.000000000000000000e+00
8.142675781250000000e+01 0.000000000000000000e+00 0.000000000000000000e+00
8.143414306640625000e+01 0.000000000000000000e+00 0.000000000000000000e+00
8.146752929687500000e+01 0.000000000000000000e+00 0.000000000000000000e+00
8.143298339843750000e+01 0.000000000000000000e+00 0.000000000000000000e+00
8.151776123046875000e+01 0.000000000000000000e+00 0.000000000000000000e+00
8.131170654296875000e+01 0.000000000000000000e+00 0.000000000000000000e+00
8.137432861328125000e+01 0.000000000000000000e+00 0.000000000000000000e+00
8.132092285156250000e+01 0.000000000000000000e+00 0.000000000000000000e+00
8.143035888671875000e+01 0.000000000000000000e+00 0.000000000000000000e+00
8.143121337890625000e+01 0.000000000000000000e+00 0.000000000000000000e+00
8.157287597656250000e+01 0.000000000000000000e+00 0.000000000000000000e+00
8.154992675781250000e+01 0.000000000000000000e+00 0.000000000000000000e+00
8.137237548828125000e+01 0.000000000000000000e+00 0.000000000000000000e+00
8.144750976562500000e+01 0.000000000000000000e+00 0.000000000000000000e+00
8.178137207031250000e+01 0.000000000000000000e+00 0.000000000000000000e+00
8.166101074218750000e+01 0.000000000000000000e+00 0.000000000000000000e+00
8.163806152343750000e+01 0.000000000000000000e+00 0.000000000000000000e+00
8.166046142578125000e+01 0.000000000000000000e+00 0.000000000000000000e+00
8.166986083984375000e+01 0.000000000000000000e+00 0.000000000000000000e+00
8.169842529296875000e+01 0.000000000000000000e+00 0.000000000000000000e+00
8.187719726562500000e+01 0.000000000000000000e+00 0.000000000000000000e+00
8.192260742187500000e+01 0.000000000000000000e+00 0.000000000000000000e+00
8.175573730468750000e+01 0.000000000000000000e+00 0.000000000000000000e+00
8.176110839843750000e+01 0.000000000000000000e+00 0.000000000000000000e+00
8.176513671875000000e+01 0.000000000000000000e+00 0.000000000000000000e+00
8.176568603515625000e+01 0.000000000000000000e+00 0.000000000000000000e+00
8.173071289062500000e+01 0.000000000000000000e+00 0.000000000000000000e+00
8.175842285156250000e+01 0.000000000000000000e+00 0.000000000000000000e+00
8.179510498046875000e+01 0.000000000000000000e+00 0.000000000000000000e+00
8.175469970703125000e+01 0.000000000000000000e+00 0.000000000000000000e+00
8.185095214843750000e+01 0.000000000000000000e+00 0.000000000000000000e+00
8.175872802734375000e+01 0.000000000000000000e+00 0.000000000000000000e+00
8.193450927734375000e+01 0.000000000000000000e+00 0.000000000000000000e+00
8.192230224609375000e+01 0.000000000000000000e+00 0.000000000000000000e+00
8.193402099609375000e+01 0.000000000000000000e+00 0.000000000000000000e+00
8.194818115234375000e+01 0.000000000000000000e+00 0.000000000000000000e+00
8.183013916015625000e+01 0.000000000000000000e+00 0.000000000000000000e+00
8.179534912109375000e+01 0.000000000000000000e+00 0.000000000000000000e+00
8.175634765625000000e+01 0.000000000000000000e+00 0.000000000000000000e+00
8.172375488281250000e+01 0.000000000000000000e+00 0.000000000000000000e+00
8.181475830078125000e+01 0.000000000000000000e+00 0.000000000000000000e+00
8.183447265625000000e+01 0.000000000000000000e+00 0.000000000000000000e+00
8.183819580078125000e+01 0.000000000000000000e+00 0.000000000000000000e+00
8.200726318359375000e+01 0.000000000000000000e+00 0.000000000000000000e+00
8.198114013671875000e+01 0.000000000000000000e+00 0.000000000000000000e+00
8.187872314453125000e+01 0.000000000000000000e+00 0.000000000000000000e+00
8.187957763671875000e+01 0.000000000000000000e+00 0.000000000000000000e+00
8.188299560546875000e+01 0.000000000000000000e+00 0.000000000000000000e+00
8.189099121093750000e+01 0.000000000000000000e+00 0.000000000000000000e+00
8.196759033203125000e+01 0.000000000000000000e+00 0.000000000000000000e+00
8.200854492187500000e+01 0.000000000000000000e+00 0.000000000000000000e+00
8.192541503906250000e+01 0.000000000000000000e+00 0.000000000000000000e+00
8.190856933593750000e+01 0.000000000000000000e+00 0.000000000000000000e+00
8.177545166015625000e+01 0.000000000000000000e+00 0.000000000000000000e+00
8.185186767578125000e+01 0.000000000000000000e+00 0.000000000000000000e+00
8.185394287109375000e+01 0.000000000000000000e+00 0.000000000000000000e+00
8.188061523437500000e+01 0.000000000000000000e+00 0.000000000000000000e+00
8.188641357421875000e+01 0.000000000000000000e+00 0.000000000000000000e+00
8.193041992187500000e+01 0.000000000000000000e+00 0.000000000000000000e+00
8.198120117187500000e+01 0.000000000000000000e+00 0.000000000000000000e+00
8.180987548828125000e+01 0.000000000000000000e+00 0.000000000000000000e+00
8.188543701171875000e+01 0.000000000000000000e+00 0.000000000000000000e+00
8.185998535156250000e+01 0.000000000000000000e+00 0.000000000000000000e+00
8.185089111328125000e+01 0.000000000000000000e+00 0.000000000000000000e+00
8.185913085937500000e+01 0.000000000000000000e+00 0.000000000000000000e+00
8.190777587890625000e+01 0.000000000000000000e+00 0.000000000000000000e+00
8.192340087890625000e+01 0.000000000000000000e+00 0.000000000000000000e+00
8.190362548828125000e+01 0.000000000000000000e+00 0.000000000000000000e+00
8.196313476562500000e+01 0.000000000000000000e+00 0.000000000000000000e+00
8.209356689453125000e+01 0.000000000000000000e+00 0.000000000000000000e+00
8.216308593750000000e+01 0.000000000000000000e+00 0.000000000000000000e+00
8.211346435546875000e+01 0.000000000000000000e+00 0.000000000000000000e+00
8.213995361328125000e+01 0.000000000000000000e+00 0.000000000000000000e+00
8.219628906250000000e+01 0.000000000000000000e+00 0.000000000000000000e+00
8.228936767578125000e+01 0.000000000000000000e+00 0.000000000000000000e+00
8.229833984375000000e+01 0.000000000000000000e+00 0.000000000000000000e+00
8.229321289062500000e+01 0.000000000000000000e+00 0.000000000000000000e+00
8.230883789062500000e+01 0.000000000000000000e+00 0.000000000000000000e+00
8.228912353515625000e+01 0.000000000000000000e+00 0.000000000000000000e+00
8.229302978515625000e+01 0.000000000000000000e+00 0.000000000000000000e+00
8.229016113281250000e+01 0.000000000000000000e+00 0.000000000000000000e+00
8.227136230468750000e+01 0.000000000000000000e+00 0.000000000000000000e+00
8.232165527343750000e+01 0.000000000000000000e+00 0.000000000000000000e+00
8.229309082031250000e+01 0.000000000000000000e+00 0.000000000000000000e+00
8.222711181640625000e+01 0.000000000000000000e+00 0.000000000000000000e+00
8.224890136718750000e+01 0.000000000000000000e+00 0.000000000000000000e+00
8.227850341796875000e+01 0.000000000000000000e+00 0.000000000000000000e+00
8.218786621093750000e+01 0.000000000000000000e+00 0.000000000000000000e+00
8.214862060546875000e+01 0.000000000000000000e+00 0.000000000000000000e+00
8.203070068359375000e+01 0.000000000000000000e+00 0.000000000000000000e+00
8.205767822265625000e+01 0.000000000000000000e+00 0.000000000000000000e+00
8.207189941406250000e+01 0.000000000000000000e+00 0.000000000000000000e+00
8.203234863281250000e+01 0.000000000000000000e+00 0.000000000000000000e+00
8.192309570312500000e+01 0.000000000000000000e+00 0.000000000000000000e+00
8.187298583984375000e+01 0.000000000000000000e+00 0.000000000000000000e+00
8.189440917968750000e+01 0.000000000000000000e+00 0.000000000000000000e+00
8.186853027343750000e+01 0.000000000000000000e+00 0.000000000000000000e+00
8.193212890625000000e+01 0.000000000000000000e+00 0.000000000000000000e+00
8.196472167968750000e+01 0.000000000000000000e+00 0.000000000000000000e+00
8.196081542968750000e+01 0.000000000000000000e+00 0.000000000000000000e+00
8.195166015625000000e+01 0.000000000000000000e+00 0.000000000000000000e+00
8.198687744140625000e+01 0.000000000000000000e+00 0.000000000000000000e+00
8.199316406250000000e+01 0.000000000000000000e+00 0.000000000000000000e+00
8.223181152343750000e+01 0.000000000000000000e+00 0.000000000000000000e+00
8.217846679687500000e+01 0.000000000000000000e+00 0.000000000000000000e+00
8.214440917968750000e+01 0.000000000000000000e+00 0.000000000000000000e+00
8.205932617187500000e+01 0.000000000000000000e+00 0.000000000000000000e+00
8.204248046875000000e+01 0.000000000000000000e+00 0.000000000000000000e+00
8.181658935546875000e+01 0.000000000000000000e+00 0.000000000000000000e+00
8.161328125000000000e+01 0.000000000000000000e+00 0.000000000000000000e+00
8.160754394531250000e+01 0.000000000000000000e+00 0.000000000000000000e+00
8.156762695312500000e+01 0.000000000000000000e+00 0.000000000000000000e+00
8.153210449218750000e+01 0.000000000000000000e+00 0.000000000000000000e+00
8.155920410156250000e+01 0.000000000000000000e+00 0.000000000000000000e+00
8.154522705078125000e+01 0.000000000000000000e+00 0.000000000000000000e+00
8.140087890625000000e+01 0.000000000000000000e+00 0.000000000000000000e+00
8.140087890625000000e+01 0.000000000000000000e+00 0.000000000000000000e+00
8.140789794921875000e+01 0.000000000000000000e+00 0.000000000000000000e+00
8.138470458984375000e+01 0.000000000000000000e+00 0.000000000000000000e+00
8.146429443359375000e+01 0.000000000000000000e+00 0.000000000000000000e+00
8.148925781250000000e+01 0.000000000000000000e+00 0.000000000000000000e+00
8.153399658203125000e+01 0.000000000000000000e+00 0.000000000000000000e+00
8.149096679687500000e+01 0.000000000000000000e+00 0.000000000000000000e+00
8.141552734375000000e+01 0.000000000000000000e+00 0.000000000000000000e+00
8.131738281250000000e+01 0.000000000000000000e+00 0.000000000000000000e+00
8.138861083984375000e+01 0.000000000000000000e+00 0.000000000000000000e+00
8.143872070312500000e+01 0.000000000000000000e+00 0.000000000000000000e+00
8.150488281250000000e+01 0.000000000000000000e+00 0.000000000000000000e+00
8.163977050781250000e+01 0.000000000000000000e+00 0.000000000000000000e+00
8.161474609375000000e+01 0.000000000000000000e+00 0.000000000000000000e+00
8.161309814453125000e+01 0.000000000000000000e+00 0.000000000000000000e+00
8.157861328125000000e+01 0.000000000000000000e+00 0.000000000000000000e+00
8.142047119140625000e+01 0.000000000000000000e+00 0.000000000000000000e+00
8.143847656250000000e+01 0.000000000000000000e+00 0.000000000000000000e+00
8.173461914062500000e+01 0.000000000000000000e+00 0.000000000000000000e+00
8.141119384765625000e+01 0.000000000000000000e+00 0.000000000000000000e+00
8.125836181640625000e+01 0.000000000000000000e+00 0.000000000000000000e+00
8.133996582031250000e+01 0.000000000000000000e+00 0.000000000000000000e+00
8.111920166015625000e+01 0.000000000000000000e+00 0.000000000000000000e+00
8.092883300781250000e+01 0.000000000000000000e+00 0.000000000000000000e+00
8.095648193359375000e+01 0.000000000000000000e+00 0.000000000000000000e+00
8.102441406250000000e+01 0.000000000000000000e+00 0.000000000000000000e+00
8.096868896484375000e+01 0.000000000000000000e+00 0.000000000000000000e+00
8.116186523437500000e+01 0.000000000000000000e+00 0.000000000000000000e+00
8.120471191406250000e+01 0.000000000000000000e+00 0.000000000000000000e+00
8.137628173828125000e+01 0.000000000000000000e+00 0.000000000000000000e+00
8.153649902343750000e+01 0.000000000000000000e+00 0.000000000000000000e+00
8.171520996093750000e+01 0.000000000000000000e+00 0.000000000000000000e+00
8.167834472656250000e+01 0.000000000000000000e+00 0.000000000000000000e+00
8.167437744140625000e+01 0.000000000000000000e+00 0.000000000000000000e+00
8.174383544921875000e+01 0.000000000000000000e+00 0.000000000000000000e+00
8.177124023437500000e+01 0.000000000000000000e+00 0.000000000000000000e+00
8.189294433593750000e+01 0.000000000000000000e+00 0.000000000000000000e+00
8.189685058593750000e+01 0.000000000000000000e+00 0.000000000000000000e+00
8.188201904296875000e+01 0.000000000000000000e+00 0.000000000000000000e+00
8.182806396484375000e+01 0.000000000000000000e+00 0.000000000000000000e+00
8.162023925781250000e+01 0.000000000000000000e+00 0.000000000000000000e+00
8.162646484375000000e+01 0.000000000000000000e+00 0.000000000000000000e+00
8.161022949218750000e+01 0.000000000000000000e+00 0.000000000000000000e+00
8.161840820312500000e+01 0.000000000000000000e+00 0.000000000000000000e+00
8.158435058593750000e+01 0.000000000000000000e+00 0.000000000000000000e+00
8.151544189453125000e+01 0.000000000000000000e+00 0.000000000000000000e+00
8.151379394531250000e+01 0.000000000000000000e+00 0.000000000000000000e+00
8.150512695312500000e+01 0.000000000000000000e+00 0.000000000000000000e+00
8.147454833984375000e+01 0.000000000000000000e+00 0.000000000000000000e+00
8.131994628906250000e+01 0.000000000000000000e+00 0.000000000000000000e+00
8.124865722656250000e+01 0.000000000000000000e+00 0.000000000000000000e+00
8.120233154296875000e+01 0.000000000000000000e+00 0.000000000000000000e+00
8.112689208984375000e+01 0.000000000000000000e+00 0.000000000000000000e+00
8.102246093750000000e+01 0.000000000000000000e+00 0.000000000000000000e+00
8.086248779296875000e+01 0.000000000000000000e+00 0.000000000000000000e+00
8.077545166015625000e+01 0.000000000000000000e+00 0.000000000000000000e+00
8.079144287109375000e+01 0.000000000000000000e+00 0.000000000000000000e+00
8.080877685546875000e+01 0.000000000000000000e+00 0.000000000000000000e+00
8.081567382812500000e+01 0.000000000000000000e+00 0.000000000000000000e+00
8.081341552734375000e+01 0.000000000000000000e+00 0.000000000000000000e+00
8.078601074218750000e+01 0.000000000000000000e+00 0.000000000000000000e+00
8.080065917968750000e+01 0.000000000000000000e+00 0.000000000000000000e+00
8.085253906250000000e+01 0.000000000000000000e+00 0.000000000000000000e+00
8.108404541015625000e+01 0.000000000000000000e+00 0.000000000000000000e+00
8.099865722656250000e+01 0.000000000000000000e+00 0.000000000000000000e+00
8.120324707031250000e+01 0.000000000000000000e+00 0.000000000000000000e+00
8.121722412109375000e+01 0.000000000000000000e+00 0.000000000000000000e+00
8.127868652343750000e+01 0.000000000000000000e+00 0.000000000000000000e+00
8.141351318359375000e+01 0.000000000000000000e+00 0.000000000000000000e+00
8.127539062500000000e+01 0.000000000000000000e+00 0.000000000000000000e+00
8.134808349609375000e+01 0.000000000000000000e+00 0.000000000000000000e+00
8.126599121093750000e+01 0.000000000000000000e+00 0.000000000000000000e+00
8.108459472656250000e+01 0.000000000000000000e+00 0.000000000000000000e+00
8.107873535156250000e+01 0.000000000000000000e+00 0.000000000000000000e+00
8.110003662109375000e+01 0.000000000000000000e+00 0.000000000000000000e+00
8.103411865234375000e+01 0.000000000000000000e+00 0.000000000000000000e+00
8.119799804687500000e+01 0.000000000000000000e+00 0.000000000000000000e+00
8.104962158203125000e+01 0.000000000000000000e+00 0.000000000000000000e+00
8.129376220703125000e+01 0.000000000000000000e+00 0.000000000000000000e+00
8.117559814453125000e+01 0.000000000000000000e+00 0.000000000000000000e+00
8.103698730468750000e+01 0.000000000000000000e+00 0.000000000000000000e+00
8.110308837890625000e+01 0.000000000000000000e+00 0.000000000000000000e+00
8.101525878906250000e+01 0.000000000000000000e+00 0.000000000000000000e+00
8.081945800781250000e+01 0.000000000000000000e+00 0.000000000000000000e+00
8.082434082031250000e+01 0.000000000000000000e+00 0.000000000000000000e+00
8.089123535156250000e+01 0.000000000000000000e+00 0.000000000000000000e+00
8.091015625000000000e+01 0.000000000000000000e+00 0.000000000000000000e+00
8.083947753906250000e+01 0.000000000000000000e+00 0.000000000000000000e+00
8.078247070312500000e+01 0.000000000000000000e+00 0.000000000000000000e+00
8.086444091796875000e+01 0.000000000000000000e+00 0.000000000000000000e+00
8.078393554687500000e+01 0.000000000000000000e+00 0.000000000000000000e+00
8.075561523437500000e+01 0.000000000000000000e+00 0.000000000000000000e+00
8.073010253906250000e+01 0.000000000000000000e+00 0.000000000000000000e+00
8.053753662109375000e+01 0.000000000000000000e+00 0.000000000000000000e+00
8.056213378906250000e+01 0.000000000000000000e+00 0.000000000000000000e+00
8.072210693359375000e+01 0.000000000000000000e+00 0.000000000000000000e+00
8.070678710937500000e+01 0.000000000000000000e+00 0.000000000000000000e+00
8.067883300781250000e+01 0.000000000000000000e+00 0.000000000000000000e+00
8.084411621093750000e+01 0.000000000000000000e+00 0.000000000000000000e+00
8.066320800781250000e+01 0.000000000000000000e+00 0.000000000000000000e+00
8.059704589843750000e+01 0.000000000000000000e+00 0.000000000000000000e+00
8.054583740234375000e+01 0.000000000000000000e+00 0.000000000000000000e+00
8.046173095703125000e+01 0.000000000000000000e+00 0.000000000000000000e+00
8.028619384765625000e+01 0.000000000000000000e+00 0.000000000000000000e+00
8.028363037109375000e+01 0.000000000000000000e+00 0.000000000000000000e+00
8.011383056640625000e+01 0.000000000000000000e+00 0.000000000000000000e+00
8.008618164062500000e+01 0.000000000000000000e+00 0.000000000000000000e+00
7.993133544921875000e+01 0.000000000000000000e+00 0.000000000000000000e+00
7.996551513671875000e+01 0.000000000000000000e+00 0.000000000000000000e+00
7.996533203125000000e+01 0.000000000000000000e+00 0.000000000000000000e+00
8.018109130859375000e+01 0.000000000000000000e+00 0.000000000000000000e+00
8.014782714843750000e+01 0.000000000000000000e+00 0.000000000000000000e+00
8.011602783203125000e+01 0.000000000000000000e+00 0.000000000000000000e+00
8.007458496093750000e+01 0.000000000000000000e+00 0.000000000000000000e+00
8.004974365234375000e+01 0.000000000000000000e+00 0.000000000000000000e+00
7.999530029296875000e+01 0.000000000000000000e+00 0.000000000000000000e+00
7.983636474609375000e+01 0.000000000000000000e+00 0.000000000000000000e+00
7.985437011718750000e+01 0.000000000000000000e+00 0.000000000000000000e+00
8.004644775390625000e+01 0.000000000000000000e+00 0.000000000000000000e+00
7.984161376953125000e+01 0.000000000000000000e+00 0.000000000000000000e+00
7.989361572265625000e+01 0.000000000000000000e+00 0.000000000000000000e+00
7.988525390625000000e+01 0.000000000000000000e+00 0.000000000000000000e+00
7.991754150390625000e+01 0.000000000000000000e+00 0.000000000000000000e+00
7.995727539062500000e+01 0.000000000000000000e+00 0.000000000000000000e+00
8.006610107421875000e+01 0.000000000000000000e+00 0.000000000000000000e+00
8.003466796875000000e+01 0.000000000000000000e+00 0.000000000000000000e+00
7.998956298828125000e+01 0.000000000000000000e+00 0.000000000000000000e+00
7.996380615234375000e+01 0.000000000000000000e+00 0.000000000000000000e+00
7.974023437500000000e+01 0.000000000000000000e+00 0.000000000000000000e+00
7.962066650390625000e+01 0.000000000000000000e+00 0.000000000000000000e+00
7.942102050781250000e+01 0.000000000000000000e+00 0.000000000000000000e+00
7.948620605468750000e+01 0.000000000000000000e+00 0.000000000000000000e+00
7.948620605468750000e+01 0.000000000000000000e+00 0.000000000000000000e+00
7.942797851562500000e+01 0.000000000000000000e+00 0.000000000000000000e+00
7.951635742187500000e+01 0.000000000000000000e+00 0.000000000000000000e+00
7.962091064453125000e+01 0.000000000000000000e+00 0.000000000000000000e+00
7.953698730468750000e+01 0.000000000000000000e+00 0.000000000000000000e+00
7.943829345703125000e+01 0.000000000000000000e+00 0.000000000000000000e+00
7.928479003906250000e+01 0.000000000000000000e+00 0.000000000000000000e+00
7.918981933593750000e+01 0.000000000000000000e+00 0.000000000000000000e+00
7.905383300781250000e+01 0.000000000000000000e+00 0.000000000000000000e+00
7.902136230468750000e+01 0.000000000000000000e+00 0.000000000000000000e+00
7.900451660156250000e+01 0.000000000000000000e+00 0.000000000000000000e+00
7.888537597656250000e+01 0.000000000000000000e+00 0.000000000000000000e+00
7.884851074218750000e+01 0.000000000000000000e+00 0.000000000000000000e+00
7.887585449218750000e+01 0.000000000000000000e+00 0.000000000000000000e+00
7.890466308593750000e+01 0.000000000000000000e+00 0.000000000000000000e+00
7.896740722656250000e+01 0.000000000000000000e+00 0.000000000000000000e+00
7.897509765625000000e+01 0.000000000000000000e+00 0.000000000000000000e+00
7.897460937500000000e+01 0.000000000000000000e+00 0.000000000000000000e+00
7.893310546875000000e+01 0.000000000000000000e+00 0.000000000000000000e+00
7.884790039062500000e+01 0.000000000000000000e+00 0.000000000000000000e+00
7.868579101562500000e+01 0.000000000000000000e+00 0.000000000000000000e+00
7.864825439453125000e+01 0.000000000000000000e+00 0.000000000000000000e+00
7.875183105468750000e+01 0.000000000000000000e+00 0.000000000000000000e+00
7.874243164062500000e+01 0.000000000000000000e+00 0.000000000000000000e+00
7.868994140625000000e+01 0.000000000000000000e+00 0.000000000000000000e+00
7.854772949218750000e+01 0.000000000000000000e+00 0.000000000000000000e+00
7.845959472656250000e+01 0.000000000000000000e+00 0.000000000000000000e+00
7.832318115234375000e+01 0.000000000000000000e+00 0.000000000000000000e+00
7.824700927734375000e+01 0.000000000000000000e+00 0.000000000000000000e+00
7.822564697265625000e+01 0.000000000000000000e+00 0.000000000000000000e+00
7.808782958984375000e+01 0.000000000000000000e+00 0.000000000000000000e+00
7.800372314453125000e+01 0.000000000000000000e+00 0.000000000000000000e+00
7.797210693359375000e+01 0.000000000000000000e+00 0.000000000000000000e+00
7.803875732421875000e+01 0.000000000000000000e+00 0.000000000000000000e+00
7.804095458984375000e+01 0.000000000000000000e+00 0.000000000000000000e+00
7.813043212890625000e+01 0.000000000000000000e+00 0.000000000000000000e+00
7.815600585937500000e+01 0.000000000000000000e+00 0.000000000000000000e+00
7.827288818359375000e+01 0.000000000000000000e+00 0.000000000000000000e+00
7.833319091796875000e+01 0.000000000000000000e+00 0.000000000000000000e+00
7.837054443359375000e+01 0.000000000000000000e+00 0.000000000000000000e+00
7.850695800781250000e+01 0.000000000000000000e+00 0.000000000000000000e+00
7.854510498046875000e+01 0.000000000000000000e+00 0.000000000000000000e+00
7.858801269531250000e+01 0.000000000000000000e+00 0.000000000000000000e+00
7.870550537109375000e+01 0.000000000000000000e+00 0.000000000000000000e+00
7.889471435546875000e+01 0.000000000000000000e+00 0.000000000000000000e+00
7.907653808593750000e+01 0.000000000000000000e+00 0.000000000000000000e+00
7.914361572265625000e+01 0.000000000000000000e+00 0.000000000000000000e+00
7.898059082031250000e+01 0.000000000000000000e+00 0.000000000000000000e+00
7.900878906250000000e+01 0.000000000000000000e+00 0.000000000000000000e+00
7.895166015625000000e+01 0.000000000000000000e+00 0.000000000000000000e+00
7.890728759765625000e+01 0.000000000000000000e+00 0.000000000000000000e+00
7.881512451171875000e+01 0.000000000000000000e+00 0.000000000000000000e+00
7.866516113281250000e+01 0.000000000000000000e+00 0.000000000000000000e+00
7.866821289062500000e+01 0.000000000000000000e+00 0.000000000000000000e+00
7.858996582031250000e+01 0.000000000000000000e+00 0.000000000000000000e+00
7.859497070312500000e+01 0.000000000000000000e+00 0.000000000000000000e+00
7.848846435546875000e+01 0.000000000000000000e+00 0.000000000000000000e+00
7.850170898437500000e+01 0.000000000000000000e+00 0.000000000000000000e+00
7.836694335937500000e+01 0.000000000000000000e+00 0.000000000000000000e+00
7.822265625000000000e+01 0.000000000000000000e+00 0.000000000000000000e+00
7.819433593750000000e+01 0.000000000000000000e+00 0.000000000000000000e+00
7.802044677734375000e+01 0.000000000000000000e+00 0.000000000000000000e+00
7.791235351562500000e+01 0.000000000000000000e+00 0.000000000000000000e+00
7.790850830078125000e+01 0.000000000000000000e+00 0.000000000000000000e+00
7.791448974609375000e+01 0.000000000000000000e+00 0.000000000000000000e+00
7.788665771484375000e+01 0.000000000000000000e+00 0.000000000000000000e+00
7.798223876953125000e+01 0.000000000000000000e+00 0.000000000000000000e+00
7.792730712890625000e+01 0.000000000000000000e+00 0.000000000000000000e+00
7.788226318359375000e+01 0.000000000000000000e+00 0.000000000000000000e+00
7.778051757812500000e+01 0.000000000000000000e+00 0.000000000000000000e+00
7.767041015625000000e+01 0.000000000000000000e+00 0.000000000000000000e+00
7.764270019531250000e+01 0.000000000000000000e+00 0.000000000000000000e+00
7.766296386718750000e+01 0.000000000000000000e+00 0.000000000000000000e+00
7.769274902343750000e+01 0.000000000000000000e+00 0.000000000000000000e+00
7.767706298828125000e+01 0.000000000000000000e+00 0.000000000000000000e+00
7.763018798828125000e+01 0.000000000000000000e+00 0.000000000000000000e+00
7.760125732421875000e+01 0.000000000000000000e+00 0.000000000000000000e+00
7.759289550781250000e+01 0.000000000000000000e+00 0.000000000000000000e+00
7.763928222656250000e+01 0.000000000000000000e+00 0.000000000000000000e+00
7.783361816406250000e+01 0.000000000000000000e+00 0.000000000000000000e+00
7.786492919921875000e+01 0.000000000000000000e+00 0.000000000000000000e+00
7.769201660156250000e+01 0.000000000000000000e+00 0.000000000000000000e+00
7.764685058593750000e+01 0.000000000000000000e+00 0.000000000000000000e+00
7.755950927734375000e+01 0.000000000000000000e+00 0.000000000000000000e+00
7.743139648437500000e+01 0.000000000000000000e+00 0.000000000000000000e+00
7.733654785156250000e+01 0.000000000000000000e+00 0.000000000000000000e+00
7.730603027343750000e+01 0.000000000000000000e+00 0.000000000000000000e+00
7.729852294921875000e+01 0.000000000000000000e+00 0.000000000000000000e+00
7.714947509765625000e+01 0.000000000000000000e+00 0.000000000000000000e+00
7.716674804687500000e+01 0.000000000000000000e+00 0.000000000000000000e+00
7.723114013671875000e+01 0.000000000000000000e+00 0.000000000000000000e+00
7.730316162109375000e+01 0.000000000000000000e+00 0.000000000000000000e+00
7.728479003906250000e+01 0.000000000000000000e+00 0.000000000000000000e+00
7.724627685546875000e+01 0.000000000000000000e+00 0.000000000000000000e+00
7.733563232421875000e+01 0.000000000000000000e+00 0.000000000000000000e+00
7.737274169921875000e+01 0.000000000000000000e+00 0.000000000000000000e+00
7.720031738281250000e+01 0.000000000000000000e+00 0.000000000000000000e+00
7.628594970703125000e+01 0.000000000000000000e+00 0.000000000000000000e+00
7.549609375000000000e+01 0.000000000000000000e+00 0.000000000000000000e+00
7.510345458984375000e+01 0.000000000000000000e+00 0.000000000000000000e+00
7.505871582031250000e+01 0.000000000000000000e+00 0.000000000000000000e+00
7.507061767578125000e+01 0.000000000000000000e+00 0.000000000000000000e+00
7.523681640625000000e+01 0.000000000000000000e+00 0.000000000000000000e+00
7.547735595703125000e+01 0.000000000000000000e+00 0.000000000000000000e+00
7.599700927734375000e+01 0.000000000000000000e+00 0.000000000000000000e+00
7.619366455078125000e+01 0.000000000000000000e+00 0.000000000000000000e+00
7.646246337890625000e+01 0.000000000000000000e+00 0.000000000000000000e+00
7.653320312500000000e+01 0.000000000000000000e+00 0.000000000000000000e+00
7.656988525390625000e+01 0.000000000000000000e+00 0.000000000000000000e+00
7.668389892578125000e+01 0.000000000000000000e+00 0.000000000000000000e+00
7.672454833984375000e+01 0.000000000000000000e+00 0.000000000000000000e+00
7.675598144531250000e+01 0.000000000000000000e+00 0.000000000000000000e+00
7.688073730468750000e+01 0.000000000000000000e+00 0.000000000000000000e+00
7.694580078125000000e+01 0.000000000000000000e+00 0.000000000000000000e+00
7.670910644531250000e+01 0.000000000000000000e+00 0.000000000000000000e+00
7.669873046875000000e+01 0.000000000000000000e+00 0.000000000000000000e+00
7.666033935546875000e+01 0.000000000000000000e+00 0.000000000000000000e+00
7.669403076171875000e+01 0.000000000000000000e+00 0.000000000000000000e+00
7.675823974609375000e+01 0.000000000000000000e+00 0.000000000000000000e+00
7.679089355468750000e+01 0.000000000000000000e+00 0.000000000000000000e+00
7.673822021484375000e+01 0.000000000000000000e+00 0.000000000000000000e+00
7.673345947265625000e+01 0.000000000000000000e+00 0.000000000000000000e+00
7.670861816406250000e+01 0.000000000000000000e+00 0.000000000000000000e+00
7.672766113281250000e+01 0.000000000000000000e+00 0.000000000000000000e+00
7.672058105468750000e+01 0.000000000000000000e+00 0.000000000000000000e+00
7.680609130859375000e+01 0.000000000000000000e+00 0.000000000000000000e+00
7.722692871093750000e+01 0.000000000000000000e+00 0.000000000000000000e+00
7.728527832031250000e+01 0.000000000000000000e+00 0.000000000000000000e+00
7.736389160156250000e+01 0.000000000000000000e+00 0.000000000000000000e+00
7.732373046875000000e+01 0.000000000000000000e+00 0.000000000000000000e+00
7.732934570312500000e+01 0.000000000000000000e+00 0.000000000000000000e+00
7.729412841796875000e+01 0.000000000000000000e+00 0.000000000000000000e+00
7.739837646484375000e+01 0.000000000000000000e+00 0.000000000000000000e+00
7.730615234375000000e+01 0.000000000000000000e+00 0.000000000000000000e+00
7.732958984375000000e+01 0.000000000000000000e+00 0.000000000000000000e+00
7.744183349609375000e+01 0.000000000000000000e+00 0.000000000000000000e+00
7.745404052734375000e+01 0.000000000000000000e+00 0.000000000000000000e+00
7.745385742187500000e+01 0.000000000000000000e+00 0.000000000000000000e+00
7.746020507812500000e+01 0.000000000000000000e+00 0.000000000000000000e+00
7.750744628906250000e+01 0.000000000000000000e+00 0.000000000000000000e+00
7.756964111328125000e+01 0.000000000000000000e+00 0.000000000000000000e+00
7.759460449218750000e+01 0.000000000000000000e+00 0.000000000000000000e+00
7.759613037109375000e+01 0.000000000000000000e+00 0.000000000000000000e+00
7.754730224609375000e+01 0.000000000000000000e+00 0.000000000000000000e+00
7.738873291015625000e+01 0.000000000000000000e+00 0.000000000000000000e+00
7.734869384765625000e+01 0.000000000000000000e+00 0.000000000000000000e+00
7.719757080078125000e+01 0.000000000000000000e+00 0.000000000000000000e+00
7.719274902343750000e+01 0.000000000000000000e+00 0.000000000000000000e+00
7.722906494140625000e+01 0.000000000000000000e+00 0.000000000000000000e+00
7.715972900390625000e+01 0.000000000000000000e+00 0.000000000000000000e+00
7.717187500000000000e+01 0.000000000000000000e+00 0.000000000000000000e+00
7.722052001953125000e+01 0.000000000000000000e+00 0.000000000000000000e+00
7.730761718750000000e+01 0.000000000000000000e+00 0.000000000000000000e+00
7.727539062500000000e+01 0.000000000000000000e+00 0.000000000000000000e+00
7.749182128906250000e+01 0.000000000000000000e+00 0.000000000000000000e+00
7.764886474609375000e+01 0.000000000000000000e+00 0.000000000000000000e+00
7.766925048828125000e+01 0.000000000000000000e+00 0.000000000000000000e+00
7.762579345703125000e+01 0.000000000000000000e+00 0.000000000000000000e+00
7.759558105468750000e+01 0.000000000000000000e+00 0.000000000000000000e+00
7.743334960937500000e+01 0.000000000000000000e+00 0.000000000000000000e+00
7.755975341796875000e+01 0.000000000000000000e+00 0.000000000000000000e+00
7.756372070312500000e+01 0.000000000000000000e+00 0.000000000000000000e+00
7.749206542968750000e+01 0.000000000000000000e+00 0.000000000000000000e+00
7.749438476562500000e+01 0.000000000000000000e+00 0.000000000000000000e+00
7.739184570312500000e+01 0.000000000000000000e+00 0.000000000000000000e+00
7.726324462890625000e+01 0.000000000000000000e+00 0.000000000000000000e+00
7.729180908203125000e+01 0.000000000000000000e+00 0.000000000000000000e+00
7.727862548828125000e+01 0.000000000000000000e+00 0.000000000000000000e+00
7.730310058593750000e+01 0.000000000000000000e+00 0.000000000000000000e+00
7.715643310546875000e+01 0.000000000000000000e+00 0.000000000000000000e+00
7.707073974609375000e+01 0.000000000000000000e+00 0.000000000000000000e+00
7.707000732421875000e+01 0.000000000000000000e+00 0.000000000000000000e+00
7.705395507812500000e+01 0.000000000000000000e+00 0.000000000000000000e+00
7.687841796875000000e+01 0.000000000000000000e+00 0.000000000000000000e+00
7.685302734375000000e+01 0.000000000000000000e+00 0.000000000000000000e+00
7.683105468750000000e+01 0.000000000000000000e+00 0.000000000000000000e+00
7.680828857421875000e+01 0.000000000000000000e+00 0.000000000000000000e+00
7.682678222656250000e+01 0.000000000000000000e+00 0.000000000000000000e+00
7.681384277343750000e+01 0.000000000000000000e+00 0.000000000000000000e+00
7.690350341796875000e+01 0.000000000000000000e+00 0.000000000000000000e+00
7.688684082031250000e+01 0.000000000000000000e+00 0.000000000000000000e+00
7.683276367187500000e+01 0.000000000000000000e+00 0.000000000000000000e+00
7.686041259765625000e+01 0.000000000000000000e+00 0.000000000000000000e+00
7.691967773437500000e+01 0.000000000000000000e+00 0.000000000000000000e+00
7.705792236328125000e+01 0.000000000000000000e+00 0.000000000000000000e+00
7.714227294921875000e+01 0.000000000000000000e+00 0.000000000000000000e+00
7.785247802734375000e+01 0.000000000000000000e+00 0.000000000000000000e+00
7.774359130859375000e+01 0.000000000000000000e+00 0.000000000000000000e+00
7.773931884765625000e+01 0.000000000000000000e+00 0.000000000000000000e+00
7.764642333984375000e+01 0.000000000000000000e+00 0.000000000000000000e+00
7.767413330078125000e+01 0.000000000000000000e+00 0.000000000000000000e+00
7.751892089843750000e+01 0.000000000000000000e+00 0.000000000000000000e+00
7.752709960937500000e+01 0.000000000000000000e+00 0.000000000000000000e+00
7.739916992187500000e+01 0.000000000000000000e+00 0.000000000000000000e+00
7.740258789062500000e+01 0.000000000000000000e+00 0.000000000000000000e+00
7.724353027343750000e+01 0.000000000000000000e+00 0.000000000000000000e+00
7.719683837890625000e+01 0.000000000000000000e+00 0.000000000000000000e+00
7.704547119140625000e+01 0.000000000000000000e+00 0.000000000000000000e+00
7.685833740234375000e+01 0.000000000000000000e+00 0.000000000000000000e+00
7.666931152343750000e+01 0.000000000000000000e+00 0.000000000000000000e+00
7.668505859375000000e+01 0.000000000000000000e+00 0.000000000000000000e+00
7.662524414062500000e+01 0.000000000000000000e+00 0.000000000000000000e+00
7.663378906250000000e+01 0.000000000000000000e+00 0.000000000000000000e+00
7.676202392578125000e+01 0.000000000000000000e+00 0.000000000000000000e+00
7.685339355468750000e+01 0.000000000000000000e+00 0.000000000000000000e+00
7.718487548828125000e+01 0.000000000000000000e+00 0.000000000000000000e+00
7.721759033203125000e+01 0.000000000000000000e+00 0.000000000000000000e+00
7.734008789062500000e+01 0.000000000000000000e+00 0.000000000000000000e+00
7.743212890625000000e+01 0.000000000000000000e+00 0.000000000000000000e+00
7.729010009765625000e+01 0.000000000000000000e+00 0.000000000000000000e+00
7.728302001953125000e+01 0.000000000000000000e+00 0.000000000000000000e+00
7.725695800781250000e+01 0.000000000000000000e+00 0.000000000000000000e+00
7.737719726562500000e+01 0.000000000000000000e+00 0.000000000000000000e+00
7.737994384765625000e+01 0.000000000000000000e+00 0.000000000000000000e+00
7.740423583984375000e+01 0.000000000000000000e+00 0.000000000000000000e+00
7.738909912109375000e+01 0.000000000000000000e+00 0.000000000000000000e+00
7.723492431640625000e+01 0.000000000000000000e+00 0.000000000000000000e+00
7.719421386718750000e+01 0.000000000000000000e+00 0.000000000000000000e+00
7.715679931640625000e+01 0.000000000000000000e+00 0.000000000000000000e+00
7.708471679687500000e+01 0.000000000000000000e+00 0.000000000000000000e+00
7.708154296875000000e+01 0.000000000000000000e+00 0.000000000000000000e+00
7.706634521484375000e+01 0.000000000000000000e+00 0.000000000000000000e+00
7.715325927734375000e+01 0.000000000000000000e+00 0.000000000000000000e+00
7.711175537109375000e+01 0.000000000000000000e+00 0.000000000000000000e+00
7.711468505859375000e+01 0.000000000000000000e+00 0.000000000000000000e+00
7.712121582031250000e+01 0.000000000000000000e+00 0.000000000000000000e+00
7.714544677734375000e+01 0.000000000000000000e+00 0.000000000000000000e+00
7.703356933593750000e+01 0.000000000000000000e+00 0.000000000000000000e+00
7.705914306640625000e+01 0.000000000000000000e+00 0.000000000000000000e+00
7.690692138671875000e+01 0.000000000000000000e+00 0.000000000000000000e+00
7.683538818359375000e+01 0.000000000000000000e+00 0.000000000000000000e+00
7.678015136718750000e+01 0.000000000000000000e+00 0.000000000000000000e+00
7.680310058593750000e+01 0.000000000000000000e+00 0.000000000000000000e+00
7.679840087890625000e+01 0.000000000000000000e+00 0.000000000000000000e+00
7.670300292968750000e+01 0.000000000000000000e+00 0.000000000000000000e+00
7.675720214843750000e+01 0.000000000000000000e+00 0.000000000000000000e+00
7.680725097656250000e+01 0.000000000000000000e+00 0.000000000000000000e+00
7.670184326171875000e+01 0.000000000000000000e+00 0.000000000000000000e+00
7.670947265625000000e+01 0.000000000000000000e+00 0.000000000000000000e+00
7.675714111328125000e+01 0.000000000000000000e+00 0.000000000000000000e+00
7.676586914062500000e+01 0.000000000000000000e+00 0.000000000000000000e+00
7.674365234375000000e+01 0.000000000000000000e+00 0.000000000000000000e+00
7.660144042968750000e+01 0.000000000000000000e+00 0.000000000000000000e+00
7.662841796875000000e+01 0.000000000000000000e+00 0.000000000000000000e+00
7.659802246093750000e+01 0.000000000000000000e+00 0.000000000000000000e+00
7.668194580078125000e+01 0.000000000000000000e+00 0.000000000000000000e+00
7.699157714843750000e+01 0.000000000000000000e+00 0.000000000000000000e+00
7.688830566406250000e+01 0.000000000000000000e+00 0.000000000000000000e+00
7.687225341796875000e+01 0.000000000000000000e+00 0.000000000000000000e+00
7.684729003906250000e+01 0.000000000000000000e+00 0.000000000000000000e+00
7.674310302734375000e+01 0.000000000000000000e+00 0.000000000000000000e+00
7.671075439453125000e+01 0.000000000000000000e+00 0.000000000000000000e+00
7.671685791015625000e+01 0.000000000000000000e+00 0.000000000000000000e+00
7.676995849609375000e+01 0.000000000000000000e+00 0.000000000000000000e+00
7.680145263671875000e+01 0.000000000000000000e+00 0.000000000000000000e+00
7.682684326171875000e+01 0.000000000000000000e+00 0.000000000000000000e+00
7.677728271484375000e+01 0.000000000000000000e+00 0.000000000000000000e+00
7.655163574218750000e+01 0.000000000000000000e+00 0.000000000000000000e+00
7.673413085937500000e+01 0.000000000000000000e+00 0.000000000000000000e+00
7.672393798828125000e+01 0.000000000000000000e+00 0.000000000000000000e+00
7.663879394531250000e+01 0.000000000000000000e+00 0.000000000000000000e+00
7.649530029296875000e+01 0.000000000000000000e+00 0.000000000000000000e+00
7.658239746093750000e+01 0.000000000000000000e+00 0.000000000000000000e+00
7.656347656250000000e+01 0.000000000000000000e+00 0.000000000000000000e+00
7.662036132812500000e+01 0.000000000000000000e+00 0.000000000000000000e+00
7.666162109375000000e+01 0.000000000000000000e+00 0.000000000000000000e+00
7.662530517578125000e+01 0.000000000000000000e+00 0.000000000000000000e+00
7.661163330078125000e+01 0.000000000000000000e+00 0.000000000000000000e+00
7.659741210937500000e+01 0.000000000000000000e+00 0.000000000000000000e+00
7.655126953125000000e+01 0.000000000000000000e+00 0.000000000000000000e+00
7.651336669921875000e+01 0.000000000000000000e+00 0.000000000000000000e+00
7.646844482421875000e+01 0.000000000000000000e+00 0.000000000000000000e+00
7.643084716796875000e+01 0.000000000000000000e+00 0.000000000000000000e+00
7.629595947265625000e+01 0.000000000000000000e+00 0.000000000000000000e+00
7.618078613281250000e+01 0.000000000000000000e+00 0.000000000000000000e+00
7.596899414062500000e+01 0.000000000000000000e+00 0.000000000000000000e+00
7.593792724609375000e+01 0.000000000000000000e+00 0.000000000000000000e+00
7.594287109375000000e+01 0.000000000000000000e+00 0.000000000000000000e+00
7.597900390625000000e+01 0.000000000000000000e+00 0.000000000000000000e+00
7.597454833984375000e+01 0.000000000000000000e+00 0.000000000000000000e+00
7.595275878906250000e+01 0.000000000000000000e+00 0.000000000000000000e+00
7.588903808593750000e+01 0.000000000000000000e+00 0.000000000000000000e+00
7.588531494140625000e+01 0.000000000000000000e+00 0.000000000000000000e+00
7.588916015625000000e+01 0.000000000000000000e+00 0.000000000000000000e+00
7.590985107421875000e+01 0.000000000000000000e+00 0.000000000000000000e+00
7.577923583984375000e+01 0.000000000000000000e+00 0.000000000000000000e+00
7.568438720703125000e+01 0.000000000000000000e+00 0.000000000000000000e+00
7.568426513671875000e+01 0.000000000000000000e+00 0.000000000000000000e+00
7.563616943359375000e+01 0.000000000000000000e+00 0.000000000000000000e+00
7.561816406250000000e+01 0.000000000000000000e+00 0.000000000000000000e+00
7.570422363281250000e+01 0.000000000000000000e+00 0.000000000000000000e+00
7.562011718750000000e+01 0.000000000000000000e+00 0.000000000000000000e+00
7.571380615234375000e+01 0.000000000000000000e+00 0.000000000000000000e+00
7.555029296875000000e+01 0.000000000000000000e+00 0.000000000000000000e+00
7.554473876953125000e+01 0.000000000000000000e+00 0.000000000000000000e+00
7.533728027343750000e+01 0.000000000000000000e+00 0.000000000000000000e+00
7.517816162109375000e+01 0.000000000000000000e+00 0.000000000000000000e+00
7.519940185546875000e+01 0.000000000000000000e+00 0.000000000000000000e+00
7.532153320312500000e+01 0.000000000000000000e+00 0.000000000000000000e+00
7.523864746093750000e+01 0.000000000000000000e+00 0.000000000000000000e+00
7.531604003906250000e+01 0.000000000000000000e+00 0.000000000000000000e+00
7.555639648437500000e+01 0.000000000000000000e+00 0.000000000000000000e+00
7.567486572265625000e+01 0.000000000000000000e+00 0.000000000000000000e+00
7.582891845703125000e+01 0.000000000000000000e+00 0.000000000000000000e+00
7.576715087890625000e+01 0.000000000000000000e+00 0.000000000000000000e+00
7.560870361328125000e+01 0.000000000000000000e+00 0.000000000000000000e+00
7.595495605468750000e+01 0.000000000000000000e+00 0.000000000000000000e+00
7.590954589843750000e+01 0.000000000000000000e+00 0.000000000000000000e+00
7.589178466796875000e+01 0.000000000000000000e+00 0.000000000000000000e+00
7.586718750000000000e+01 0.000000000000000000e+00 0.000000000000000000e+00
7.573925781250000000e+01 0.000000000000000000e+00 0.000000000000000000e+00
7.569897460937500000e+01 0.000000000000000000e+00 0.000000000000000000e+00
7.559167480468750000e+01 0.000000000000000000e+00 0.000000000000000000e+00
7.542578125000000000e+01 0.000000000000000000e+00 0.000000000000000000e+00
7.535937500000000000e+01 0.000000000000000000e+00 0.000000000000000000e+00
7.516040039062500000e+01 0.000000000000000000e+00 0.000000000000000000e+00
7.524377441406250000e+01 0.000000000000000000e+00 0.000000000000000000e+00
7.523895263671875000e+01 0.000000000000000000e+00 0.000000000000000000e+00
7.521081542968750000e+01 0.000000000000000000e+00 0.000000000000000000e+00
7.526507568359375000e+01 0.000000000000000000e+00 0.000000000000000000e+00
7.528167724609375000e+01 0.000000000000000000e+00 0.000000000000000000e+00
7.515026855468750000e+01 0.000000000000000000e+00 0.000000000000000000e+00
7.535278320312500000e+01 0.000000000000000000e+00 0.000000000000000000e+00
7.537335205078125000e+01 0.000000000000000000e+00 0.000000000000000000e+00
7.555822753906250000e+01 0.000000000000000000e+00 0.000000000000000000e+00
7.561108398437500000e+01 0.000000000000000000e+00 0.000000000000000000e+00
7.570758056640625000e+01 0.000000000000000000e+00 0.000000000000000000e+00
7.589831542968750000e+01 0.000000000000000000e+00 0.000000000000000000e+00
7.572760009765625000e+01 0.000000000000000000e+00 0.000000000000000000e+00
7.572149658203125000e+01 0.000000000000000000e+00 0.000000000000000000e+00
7.579510498046875000e+01 0.000000000000000000e+00 0.000000000000000000e+00
7.582977294921875000e+01 0.000000000000000000e+00 0.000000000000000000e+00
7.575537109375000000e+01 0.000000000000000000e+00 0.000000000000000000e+00
7.586901855468750000e+01 0.000000000000000000e+00 0.000000000000000000e+00
7.593707275390625000e+01 0.000000000000000000e+00 0.000000000000000000e+00
7.610327148437500000e+01 0.000000000000000000e+00 0.000000000000000000e+00
7.612756347656250000e+01 0.000000000000000000e+00 0.000000000000000000e+00
7.625054931640625000e+01 0.000000000000000000e+00 0.000000000000000000e+00
7.623602294921875000e+01 0.000000000000000000e+00 0.000000000000000000e+00
7.612384033203125000e+01 0.000000000000000000e+00 0.000000000000000000e+00
7.602270507812500000e+01 0.000000000000000000e+00 0.000000000000000000e+00
7.591302490234375000e+01 0.000000000000000000e+00 0.000000000000000000e+00
7.581634521484375000e+01 0.000000000000000000e+00 0.000000000000000000e+00
7.595562744140625000e+01 0.000000000000000000e+00 0.000000000000000000e+00
7.594903564453125000e+01 0.000000000000000000e+00 0.000000000000000000e+00
7.596661376953125000e+01 0.000000000000000000e+00 0.000000000000000000e+00
7.597839355468750000e+01 0.000000000000000000e+00 0.000000000000000000e+00
7.594586181640625000e+01 0.000000000000000000e+00 0.000000000000000000e+00
7.594781494140625000e+01 0.000000000000000000e+00 0.000000000000000000e+00
7.595013427734375000e+01 0.000000000000000000e+00 0.000000000000000000e+00
7.590972900390625000e+01 0.000000000000000000e+00 0.000000000000000000e+00
7.586737060546875000e+01 0.000000000000000000e+00 0.000000000000000000e+00
7.584094238281250000e+01 0.000000000000000000e+00 0.000000000000000000e+00
7.590832519531250000e+01 0.000000000000000000e+00 0.000000000000000000e+00
7.613623046875000000e+01 0.000000000000000000e+00 0.000000000000000000e+00
7.610510253906250000e+01 0.000000000000000000e+00 0.000000000000000000e+00
7.610223388671875000e+01 0.000000000000000000e+00 0.000000000000000000e+00
7.623565673828125000e+01 0.000000000000000000e+00 0.000000000000000000e+00
7.625097656250000000e+01 0.000000000000000000e+00 0.000000000000000000e+00
7.635687255859375000e+01 0.000000000000000000e+00 0.000000000000000000e+00
7.633355712890625000e+01 0.000000000000000000e+00 0.000000000000000000e+00
7.638787841796875000e+01 0.000000000000000000e+00 0.000000000000000000e+00
7.635168457031250000e+01 0.000000000000000000e+00 0.000000000000000000e+00
7.633850097656250000e+01 0.000000000000000000e+00 0.000000000000000000e+00
7.640930175781250000e+01 0.000000000000000000e+00 0.000000000000000000e+00
7.683294677734375000e+01 0.000000000000000000e+00 0.000000000000000000e+00
7.743377685546875000e+01 0.000000000000000000e+00 0.000000000000000000e+00
7.746746826171875000e+01 0.000000000000000000e+00 0.000000000000000000e+00
7.753784179687500000e+01 0.000000000000000000e+00 0.000000000000000000e+00
7.754156494140625000e+01 0.000000000000000000e+00 0.000000000000000000e+00
7.748028564453125000e+01 0.000000000000000000e+00 0.000000000000000000e+00
7.746911621093750000e+01 0.000000000000000000e+00 0.000000000000000000e+00
7.733135986328125000e+01 0.000000000000000000e+00 0.000000000000000000e+00
7.720031738281250000e+01 0.000000000000000000e+00 0.000000000000000000e+00
7.714453125000000000e+01 0.000000000000000000e+00 0.000000000000000000e+00
7.717126464843750000e+01 0.000000000000000000e+00 0.000000000000000000e+00
7.728265380859375000e+01 0.000000000000000000e+00 0.000000000000000000e+00
7.725817871093750000e+01 0.000000000000000000e+00 0.000000000000000000e+00
7.725286865234375000e+01 0.000000000000000000e+00 0.000000000000000000e+00
7.720318603515625000e+01 0.000000000000000000e+00 0.000000000000000000e+00
7.722082519531250000e+01 0.000000000000000000e+00 0.000000000000000000e+00
7.704510498046875000e+01 0.000000000000000000e+00 0.000000000000000000e+00
7.722247314453125000e+01 0.000000000000000000e+00 0.000000000000000000e+00
7.726330566406250000e+01 0.000000000000000000e+00 0.000000000000000000e+00
7.735516357421875000e+01 0.000000000000000000e+00 0.000000000000000000e+00
7.731555175781250000e+01 0.000000000000000000e+00 0.000000000000000000e+00
7.731756591796875000e+01 0.000000000000000000e+00 0.000000000000000000e+00
7.734442138671875000e+01 0.000000000000000000e+00 0.000000000000000000e+00
7.726013183593750000e+01 0.000000000000000000e+00 0.000000000000000000e+00
7.719262695312500000e+01 0.000000000000000000e+00 0.000000000000000000e+00
7.703753662109375000e+01 0.000000000000000000e+00 0.000000000000000000e+00
7.699511718750000000e+01 0.000000000000000000e+00 0.000000000000000000e+00
7.684924316406250000e+01 0.000000000000000000e+00 0.000000000000000000e+00
7.683105468750000000e+01 0.000000000000000000e+00 0.000000000000000000e+00
7.682019042968750000e+01 0.000000000000000000e+00 0.000000000000000000e+00
7.680969238281250000e+01 0.000000000000000000e+00 0.000000000000000000e+00
7.678668212890625000e+01 0.000000000000000000e+00 0.000000000000000000e+00
7.677215576171875000e+01 0.000000000000000000e+00 0.000000000000000000e+00
7.677642822265625000e+01 0.000000000000000000e+00 0.000000000000000000e+00
7.681927490234375000e+01 0.000000000000000000e+00 0.000000000000000000e+00
7.687011718750000000e+01 0.000000000000000000e+00 0.000000000000000000e+00
7.686010742187500000e+01 0.000000000000000000e+00 0.000000000000000000e+00
7.684844970703125000e+01 0.000000000000000000e+00 0.000000000000000000e+00
7.686914062500000000e+01 0.000000000000000000e+00 0.000000000000000000e+00
7.675836181640625000e+01 0.000000000000000000e+00 0.000000000000000000e+00
7.672241210937500000e+01 0.000000000000000000e+00 0.000000000000000000e+00
7.668066406250000000e+01 0.000000000000000000e+00 0.000000000000000000e+00
7.669329833984375000e+01 0.000000000000000000e+00 0.000000000000000000e+00
7.663336181640625000e+01 0.000000000000000000e+00 0.000000000000000000e+00
7.660583496093750000e+01 0.000000000000000000e+00 0.000000000000000000e+00
7.628167724609375000e+01 0.000000000000000000e+00 0.000000000000000000e+00
7.611639404296875000e+01 0.000000000000000000e+00 0.000000000000000000e+00
7.600842285156250000e+01 0.000000000000000000e+00 0.000000000000000000e+00
7.600305175781250000e+01 0.000000000000000000e+00 0.000000000000000000e+00
7.581976318359375000e+01 0.000000000000000000e+00 0.000000000000000000e+00
7.587231445312500000e+01 0.000000000000000000e+00 0.000000000000000000e+00
7.581134033203125000e+01 0.000000000000000000e+00 0.000000000000000000e+00
7.584387207031250000e+01 0.000000000000000000e+00 0.000000000000000000e+00
7.575482177734375000e+01 0.000000000000000000e+00 0.000000000000000000e+00
7.567193603515625000e+01 0.000000000000000000e+00 0.000000000000000000e+00
7.565710449218750000e+01 0.000000000000000000e+00 0.000000000000000000e+00
7.552410888671875000e+01 0.000000000000000000e+00 0.000000000000000000e+00
7.555114746093750000e+01 0.000000000000000000e+00 0.000000000000000000e+00
7.560284423828125000e+01 0.000000000000000000e+00 0.000000000000000000e+00
7.550262451171875000e+01 0.000000000000000000e+00 0.000000000000000000e+00
7.557092285156250000e+01 0.000000000000000000e+00 0.000000000000000000e+00
7.588885498046875000e+01 0.000000000000000000e+00 0.000000000000000000e+00
7.571234130859375000e+01 0.000000000000000000e+00 0.000000000000000000e+00
7.575775146484375000e+01 0.000000000000000000e+00 0.000000000000000000e+00
7.563018798828125000e+01 0.000000000000000000e+00 0.000000000000000000e+00
7.563928222656250000e+01 0.000000000000000000e+00 0.000000000000000000e+00
7.563250732421875000e+01 0.000000000000000000e+00 0.000000000000000000e+00
7.576940917968750000e+01 0.000000000000000000e+00 0.000000000000000000e+00
7.577160644531250000e+01 0.000000000000000000e+00 0.000000000000000000e+00
7.590124511718750000e+01 0.000000000000000000e+00 0.000000000000000000e+00
7.600549316406250000e+01 0.000000000000000000e+00 0.000000000000000000e+00
7.595391845703125000e+01 0.000000000000000000e+00 0.000000000000000000e+00
7.592382812500000000e+01 0.000000000000000000e+00 0.000000000000000000e+00
7.588958740234375000e+01 0.000000000000000000e+00 0.000000000000000000e+00
7.581317138671875000e+01 0.000000000000000000e+00 0.000000000000000000e+00
7.562890625000000000e+01 0.000000000000000000e+00 0.000000000000000000e+00
7.555718994140625000e+01 0.000000000000000000e+00 0.000000000000000000e+00
7.541705322265625000e+01 0.000000000000000000e+00 0.000000000000000000e+00
7.543823242187500000e+01 0.000000000000000000e+00 0.000000000000000000e+00
7.547137451171875000e+01 0.000000000000000000e+00 0.000000000000000000e+00
7.557415771484375000e+01 0.000000000000000000e+00 0.000000000000000000e+00
7.563488769531250000e+01 0.000000000000000000e+00 0.000000000000000000e+00
7.560412597656250000e+01 0.000000000000000000e+00 0.000000000000000000e+00
7.554693603515625000e+01 0.000000000000000000e+00 0.000000000000000000e+00
7.551837158203125000e+01 0.000000000000000000e+00 0.000000000000000000e+00
7.547247314453125000e+01 0.000000000000000000e+00 0.000000000000000000e+00
7.541778564453125000e+01 0.000000000000000000e+00 0.000000000000000000e+00
7.534265136718750000e+01 0.000000000000000000e+00 0.000000000000000000e+00
7.533129882812500000e+01 0.000000000000000000e+00 0.000000000000000000e+00
7.532714843750000000e+01 0.000000000000000000e+00 0.000000000000000000e+00
7.531274414062500000e+01 0.000000000000000000e+00 0.000000000000000000e+00
7.535601806640625000e+01 0.000000000000000000e+00 0.000000000000000000e+00
7.536639404296875000e+01 0.000000000000000000e+00 0.000000000000000000e+00
7.526037597656250000e+01 0.000000000000000000e+00 0.000000000000000000e+00
7.523956298828125000e+01 0.000000000000000000e+00 0.000000000000000000e+00
7.513525390625000000e+01 0.000000000000000000e+00 0.000000000000000000e+00
7.513317871093750000e+01 0.000000000000000000e+00 0.000000000000000000e+00
7.517755126953125000e+01 0.000000000000000000e+00 0.000000000000000000e+00
7.519830322265625000e+01 0.000000000000000000e+00 0.000000000000000000e+00
7.520672607421875000e+01 0.000000000000000000e+00 0.000000000000000000e+00
7.504791259765625000e+01 0.000000000000000000e+00 0.000000000000000000e+00
7.503942871093750000e+01 0.000000000000000000e+00 0.000000000000000000e+00
7.504046630859375000e+01 0.000000000000000000e+00 0.000000000000000000e+00
7.514575195312500000e+01 0.000000000000000000e+00 0.000000000000000000e+00
7.539648437500000000e+01 0.000000000000000000e+00 0.000000000000000000e+00
7.549572753906250000e+01 0.000000000000000000e+00 0.000000000000000000e+00
7.542126464843750000e+01 0.000000000000000000e+00 0.000000000000000000e+00
7.551446533203125000e+01 0.000000000000000000e+00 0.000000000000000000e+00
7.557678222656250000e+01 0.000000000000000000e+00 0.000000000000000000e+00
7.557885742187500000e+01 0.000000000000000000e+00 0.000000000000000000e+00
7.553527832031250000e+01 0.000000000000000000e+00 0.000000000000000000e+00
7.558868408203125000e+01 0.000000000000000000e+00 0.000000000000000000e+00
7.550689697265625000e+01 0.000000000000000000e+00 0.000000000000000000e+00
7.551348876953125000e+01 0.000000000000000000e+00 0.000000000000000000e+00
7.541107177734375000e+01 0.000000000000000000e+00 0.000000000000000000e+00
7.525738525390625000e+01 0.000000000000000000e+00 0.000000000000000000e+00
7.514178466796875000e+01 0.000000000000000000e+00 0.000000000000000000e+00
7.503027343750000000e+01 0.000000000000000000e+00 0.000000000000000000e+00
7.489434814453125000e+01 0.000000000000000000e+00 0.000000000000000000e+00
7.498510742187500000e+01 0.000000000000000000e+00 0.000000000000000000e+00
7.508483886718750000e+01 0.000000000000000000e+00 0.000000000000000000e+00
7.552368164062500000e+01 0.000000000000000000e+00 0.000000000000000000e+00
7.553790283203125000e+01 0.000000000000000000e+00 0.000000000000000000e+00
7.552606201171875000e+01 0.000000000000000000e+00 0.000000000000000000e+00
7.552233886718750000e+01 0.000000000000000000e+00 0.000000000000000000e+00
7.553869628906250000e+01 0.000000000000000000e+00 0.000000000000000000e+00
7.558087158203125000e+01 0.000000000000000000e+00 0.000000000000000000e+00
7.558026123046875000e+01 0.000000000000000000e+00 0.000000000000000000e+00
7.542047119140625000e+01 0.000000000000000000e+00 0.000000000000000000e+00
7.537213134765625000e+01 0.000000000000000000e+00 0.000000000000000000e+00
7.516339111328125000e+01 0.000000000000000000e+00 0.000000000000000000e+00
7.519464111328125000e+01 0.000000000000000000e+00 0.000000000000000000e+00
7.503405761718750000e+01 0.000000000000000000e+00 0.000000000000000000e+00
7.503039550781250000e+01 0.000000000000000000e+00 0.000000000000000000e+00
7.503729248046875000e+01 0.000000000000000000e+00 0.000000000000000000e+00
7.492828369140625000e+01 0.000000000000000000e+00 0.000000000000000000e+00
7.496966552734375000e+01 0.000000000000000000e+00 0.000000000000000000e+00
7.492962646484375000e+01 0.000000000000000000e+00 0.000000000000000000e+00
7.488757324218750000e+01 0.000000000000000000e+00 0.000000000000000000e+00
7.484240722656250000e+01 0.000000000000000000e+00 0.000000000000000000e+00
7.498114013671875000e+01 0.000000000000000000e+00 0.000000000000000000e+00
7.493103027343750000e+01 0.000000000000000000e+00 0.000000000000000000e+00
7.491485595703125000e+01 0.000000000000000000e+00 0.000000000000000000e+00
7.491583251953125000e+01 0.000000000000000000e+00 0.000000000000000000e+00
7.486657714843750000e+01 0.000000000000000000e+00 0.000000000000000000e+00
7.493444824218750000e+01 0.000000000000000000e+00 0.000000000000000000e+00
7.482891845703125000e+01 0.000000000000000000e+00 0.000000000000000000e+00
7.484838867187500000e+01 0.000000000000000000e+00 0.000000000000000000e+00
7.485150146484375000e+01 0.000000000000000000e+00 0.000000000000000000e+00
7.472802734375000000e+01 0.000000000000000000e+00 0.000000000000000000e+00
7.454473876953125000e+01 0.000000000000000000e+00 0.000000000000000000e+00
7.453216552734375000e+01 0.000000000000000000e+00 0.000000000000000000e+00
7.437548828125000000e+01 0.000000000000000000e+00 0.000000000000000000e+00
7.457177734375000000e+01 0.000000000000000000e+00 0.000000000000000000e+00
7.451708984375000000e+01 0.000000000000000000e+00 0.000000000000000000e+00
7.446307373046875000e+01 0.000000000000000000e+00 0.000000000000000000e+00
7.437390136718750000e+01 0.000000000000000000e+00 0.000000000000000000e+00
7.429095458984375000e+01 0.000000000000000000e+00 0.000000000000000000e+00
7.439721679687500000e+01 0.000000000000000000e+00 0.000000000000000000e+00
7.455450439453125000e+01 0.000000000000000000e+00 0.000000000000000000e+00
7.474725341796875000e+01 0.000000000000000000e+00 0.000000000000000000e+00
7.483959960937500000e+01 0.000000000000000000e+00 0.000000000000000000e+00
7.487811279296875000e+01 0.000000000000000000e+00 0.000000000000000000e+00
7.484155273437500000e+01 0.000000000000000000e+00 0.000000000000000000e+00
7.464776611328125000e+01 0.000000000000000000e+00 0.000000000000000000e+00
7.470501708984375000e+01 0.000000000000000000e+00 0.000000000000000000e+00
7.473657226562500000e+01 0.000000000000000000e+00 0.000000000000000000e+00
7.485192871093750000e+01 0.000000000000000000e+00 0.000000000000000000e+00
7.482812500000000000e+01 0.000000000000000000e+00 0.000000000000000000e+00
7.469213867187500000e+01 0.000000000000000000e+00 0.000000000000000000e+00
7.460864257812500000e+01 0.000000000000000000e+00 0.000000000000000000e+00
7.462670898437500000e+01 0.000000000000000000e+00 0.000000000000000000e+00
7.472857666015625000e+01 0.000000000000000000e+00 0.000000000000000000e+00
7.488696289062500000e+01 0.000000000000000000e+00 0.000000000000000000e+00
7.450885009765625000e+01 0.000000000000000000e+00 0.000000000000000000e+00
7.457977294921875000e+01 0.000000000000000000e+00 0.000000000000000000e+00
7.456024169921875000e+01 0.000000000000000000e+00 0.000000000000000000e+00
7.461059570312500000e+01 0.000000000000000000e+00 0.000000000000000000e+00
7.460943603515625000e+01 0.000000000000000000e+00 0.000000000000000000e+00
7.462207031250000000e+01 0.000000000000000000e+00 0.000000000000000000e+00
7.451959228515625000e+01 0.000000000000000000e+00 0.000000000000000000e+00
7.498791503906250000e+01 0.000000000000000000e+00 0.000000000000000000e+00
7.490924072265625000e+01 0.000000000000000000e+00 0.000000000000000000e+00
7.473437500000000000e+01 0.000000000000000000e+00 0.000000000000000000e+00
7.472509765625000000e+01 0.000000000000000000e+00 0.000000000000000000e+00
7.470269775390625000e+01 0.000000000000000000e+00 0.000000000000000000e+00
7.473345947265625000e+01 0.000000000000000000e+00 0.000000000000000000e+00
7.481207275390625000e+01 0.000000000000000000e+00 0.000000000000000000e+00
7.490179443359375000e+01 0.000000000000000000e+00 0.000000000000000000e+00
7.481048583984375000e+01 0.000000000000000000e+00 0.000000000000000000e+00
7.491632080078125000e+01 0.000000000000000000e+00 0.000000000000000000e+00
7.479571533203125000e+01 0.000000000000000000e+00 0.000000000000000000e+00
7.480145263671875000e+01 0.000000000000000000e+00 0.000000000000000000e+00
7.470007324218750000e+01 0.000000000000000000e+00 0.000000000000000000e+00
7.474664306640625000e+01 0.000000000000000000e+00 0.000000000000000000e+00
7.475000000000000000e+01 0.000000000000000000e+00 0.000000000000000000e+00
7.476171875000000000e+01 0.000000000000000000e+00 0.000000000000000000e+00
7.478356933593750000e+01 0.000000000000000000e+00 0.000000000000000000e+00
7.475573730468750000e+01 0.000000000000000000e+00 0.000000000000000000e+00
7.465393066406250000e+01 0.000000000000000000e+00 0.000000000000000000e+00
7.479235839843750000e+01 0.000000000000000000e+00 0.000000000000000000e+00
7.480664062500000000e+01 0.000000000000000000e+00 0.000000000000000000e+00
7.481530761718750000e+01 0.000000000000000000e+00 0.000000000000000000e+00
7.488378906250000000e+01 0.000000000000000000e+00 0.000000000000000000e+00
7.486566162109375000e+01 0.000000000000000000e+00 0.000000000000000000e+00
7.475158691406250000e+01 0.000000000000000000e+00 0.000000000000000000e+00
7.475543212890625000e+01 0.000000000000000000e+00 0.000000000000000000e+00
7.472796630859375000e+01 0.000000000000000000e+00 0.000000000000000000e+00
7.464355468750000000e+01 0.000000000000000000e+00 0.000000000000000000e+00
7.462347412109375000e+01 0.000000000000000000e+00 0.000000000000000000e+00
7.450817871093750000e+01 0.000000000000000000e+00 0.000000000000000000e+00
7.450555419921875000e+01 0.000000000000000000e+00 0.000000000000000000e+00
7.454785156250000000e+01 0.000000000000000000e+00 0.000000000000000000e+00
7.451995849609375000e+01 0.000000000000000000e+00 0.000000000000000000e+00
7.450213623046875000e+01 0.000000000000000000e+00 0.000000000000000000e+00
7.440234375000000000e+01 0.000000000000000000e+00 0.000000000000000000e+00
7.438476562500000000e+01 0.000000000000000000e+00 0.000000000000000000e+00
7.435632324218750000e+01 0.000000000000000000e+00 0.000000000000000000e+00
7.435339355468750000e+01 0.000000000000000000e+00 0.000000000000000000e+00
7.435125732421875000e+01 0.000000000000000000e+00 0.000000000000000000e+00
7.434204101562500000e+01 0.000000000000000000e+00 0.000000000000000000e+00
7.420581054687500000e+01 0.000000000000000000e+00 0.000000000000000000e+00
7.418383789062500000e+01 0.000000000000000000e+00 0.000000000000000000e+00
7.428851318359375000e+01 0.000000000000000000e+00 0.000000000000000000e+00
7.428381347656250000e+01 0.000000000000000000e+00 0.000000000000000000e+00
7.435321044921875000e+01 0.000000000000000000e+00 0.000000000000000000e+00
7.440527343750000000e+01 0.000000000000000000e+00 0.000000000000000000e+00
7.447320556640625000e+01 0.000000000000000000e+00 0.000000000000000000e+00
7.421337890625000000e+01 0.000000000000000000e+00 0.000000000000000000e+00
7.415252685546875000e+01 0.000000000000000000e+00 0.000000000000000000e+00
7.419635009765625000e+01 0.000000000000000000e+00 0.000000000000000000e+00
7.422650146484375000e+01 0.000000000000000000e+00 0.000000000000000000e+00
7.433288574218750000e+01 0.000000000000000000e+00 0.000000000000000000e+00
7.440118408203125000e+01 0.000000000000000000e+00 0.000000000000000000e+00
7.447161865234375000e+01 0.000000000000000000e+00 0.000000000000000000e+00
7.428588867187500000e+01 0.000000000000000000e+00 0.000000000000000000e+00
7.438427734375000000e+01 0.000000000000000000e+00 0.000000000000000000e+00
7.432580566406250000e+01 0.000000000000000000e+00 0.000000000000000000e+00
7.445111083984375000e+01 0.000000000000000000e+00 0.000000000000000000e+00
7.462701416015625000e+01 0.000000000000000000e+00 0.000000000000000000e+00
7.468609619140625000e+01 0.000000000000000000e+00 0.000000000000000000e+00
7.480145263671875000e+01 0.000000000000000000e+00 0.000000000000000000e+00
7.464636230468750000e+01 0.000000000000000000e+00 0.000000000000000000e+00
7.449487304687500000e+01 0.000000000000000000e+00 0.000000000000000000e+00
7.449353027343750000e+01 0.000000000000000000e+00 0.000000000000000000e+00
7.449792480468750000e+01 0.000000000000000000e+00 0.000000000000000000e+00
7.452069091796875000e+01 0.000000000000000000e+00 0.000000000000000000e+00
7.443572998046875000e+01 0.000000000000000000e+00 0.000000000000000000e+00
7.438653564453125000e+01 0.000000000000000000e+00 0.000000000000000000e+00
7.425543212890625000e+01 0.000000000000000000e+00 0.000000000000000000e+00
7.436798095703125000e+01 0.000000000000000000e+00 0.000000000000000000e+00
7.445715332031250000e+01 0.000000000000000000e+00 0.000000000000000000e+00
7.440924072265625000e+01 0.000000000000000000e+00 0.000000000000000000e+00
7.427038574218750000e+01 0.000000000000000000e+00 0.000000000000000000e+00
7.429394531250000000e+01 0.000000000000000000e+00 0.000000000000000000e+00
7.431738281250000000e+01 0.000000000000000000e+00 0.000000000000000000e+00
7.432714843750000000e+01 0.000000000000000000e+00 0.000000000000000000e+00
7.438092041015625000e+01 0.000000000000000000e+00 0.000000000000000000e+00
7.425390625000000000e+01 0.000000000000000000e+00 0.000000000000000000e+00
7.429321289062500000e+01 0.000000000000000000e+00 0.000000000000000000e+00
7.426654052734375000e+01 0.000000000000000000e+00 0.000000000000000000e+00
7.426116943359375000e+01 0.000000000000000000e+00 0.000000000000000000e+00
7.413177490234375000e+01 0.000000000000000000e+00 0.000000000000000000e+00
7.400970458984375000e+01 0.000000000000000000e+00 0.000000000000000000e+00
7.398394775390625000e+01 0.000000000000000000e+00 0.000000000000000000e+00
7.397888183593750000e+01 0.000000000000000000e+00 0.000000000000000000e+00
7.386309814453125000e+01 0.000000000000000000e+00 0.000000000000000000e+00
7.386553955078125000e+01 0.000000000000000000e+00 0.000000000000000000e+00
7.384545898437500000e+01 0.000000000000000000e+00 0.000000000000000000e+00
7.393511962890625000e+01 0.000000000000000000e+00 0.000000000000000000e+00
7.392456054687500000e+01 0.000000000000000000e+00 0.000000000000000000e+00
7.378851318359375000e+01 0.000000000000000000e+00 0.000000000000000000e+00
7.391326904296875000e+01 0.000000000000000000e+00 0.000000000000000000e+00
7.383532714843750000e+01 0.000000000000000000e+00 0.000000000000000000e+00
7.376159667968750000e+01 0.000000000000000000e+00 0.000000000000000000e+00
7.377441406250000000e+01 0.000000000000000000e+00 0.000000000000000000e+00
7.383349609375000000e+01 0.000000000000000000e+00 0.000000000000000000e+00
7.371380615234375000e+01 0.000000000000000000e+00 0.000000000000000000e+00
7.373193359375000000e+01 0.000000000000000000e+00 0.000000000000000000e+00
7.366839599609375000e+01 0.000000000000000000e+00 0.000000000000000000e+00
7.370465087890625000e+01 0.000000000000000000e+00 0.000000000000000000e+00
7.364593505859375000e+01 0.000000000000000000e+00 0.000000000000000000e+00
7.369689941406250000e+01 0.000000000000000000e+00 0.000000000000000000e+00
7.370135498046875000e+01 0.000000000000000000e+00 0.000000000000000000e+00
7.367816162109375000e+01 0.000000000000000000e+00 0.000000000000000000e+00
7.350555419921875000e+01 0.000000000000000000e+00 0.000000000000000000e+00
7.339874267578125000e+01 0.000000000000000000e+00 0.000000000000000000e+00
7.344927978515625000e+01 0.000000000000000000e+00 0.000000000000000000e+00
7.354632568359375000e+01 0.000000000000000000e+00 0.000000000000000000e+00
7.344732666015625000e+01 0.000000000000000000e+00 0.000000000000000000e+00
7.348901367187500000e+01 0.000000000000000000e+00 0.000000000000000000e+00
7.350128173828125000e+01 0.000000000000000000e+00 0.000000000000000000e+00
7.347735595703125000e+01 0.000000000000000000e+00 0.000000000000000000e+00
7.370196533203125000e+01 0.000000000000000000e+00 0.000000000000000000e+00
7.378021240234375000e+01 0.000000000000000000e+00 0.000000000000000000e+00
7.387866210937500000e+01 0.000000000000000000e+00 0.000000000000000000e+00
7.380139160156250000e+01 0.000000000000000000e+00 0.000000000000000000e+00
7.381402587890625000e+01 0.000000000000000000e+00 0.000000000000000000e+00
7.373986816406250000e+01 0.000000000000000000e+00 0.000000000000000000e+00
7.375848388671875000e+01 0.000000000000000000e+00 0.000000000000000000e+00
7.384356689453125000e+01 0.000000000000000000e+00 0.000000000000000000e+00
7.413238525390625000e+01 0.000000000000000000e+00 0.000000000000000000e+00
7.408825683593750000e+01 0.000000000000000000e+00 0.000000000000000000e+00
7.390441894531250000e+01 0.000000000000000000e+00 0.000000000000000000e+00
7.369384765625000000e+01 0.000000000000000000e+00 0.000000000000000000e+00
7.344799804687500000e+01 0.000000000000000000e+00 0.000000000000000000e+00
7.333581542968750000e+01 0.000000000000000000e+00 0.000000000000000000e+00
7.336499023437500000e+01 0.000000000000000000e+00 0.000000000000000000e+00
7.329876708984375000e+01 0.000000000000000000e+00 0.000000000000000000e+00
7.330535888671875000e+01 0.000000000000000000e+00 0.000000000000000000e+00
7.322314453125000000e+01 0.000000000000000000e+00 0.000000000000000000e+00
7.322033691406250000e+01 0.000000000000000000e+00 0.000000000000000000e+00
7.308105468750000000e+01 0.000000000000000000e+00 0.000000000000000000e+00
7.310449218750000000e+01 0.000000000000000000e+00 0.000000000000000000e+00
7.312268066406250000e+01 0.000000000000000000e+00 0.000000000000000000e+00
7.312414550781250000e+01 0.000000000000000000e+00 0.000000000000000000e+00
7.312725830078125000e+01 0.000000000000000000e+00 0.000000000000000000e+00
7.317205810546875000e+01 0.000000000000000000e+00 0.000000000000000000e+00
7.320593261718750000e+01 0.000000000000000000e+00 0.000000000000000000e+00
7.323126220703125000e+01 0.000000000000000000e+00 0.000000000000000000e+00
7.321441650390625000e+01 0.000000000000000000e+00 0.000000000000000000e+00
7.306927490234375000e+01 0.000000000000000000e+00 0.000000000000000000e+00
7.318707275390625000e+01 0.000000000000000000e+00 0.000000000000000000e+00
7.304760742187500000e+01 0.000000000000000000e+00 0.000000000000000000e+00
7.315551757812500000e+01 0.000000000000000000e+00 0.000000000000000000e+00
7.314813232421875000e+01 0.000000000000000000e+00 0.000000000000000000e+00
7.328332519531250000e+01 0.000000000000000000e+00 0.000000000000000000e+00
7.329095458984375000e+01 0.000000000000000000e+00 0.000000000000000000e+00
7.331024169921875000e+01 0.000000000000000000e+00 0.000000000000000000e+00
7.329101562500000000e+01 0.000000000000000000e+00 0.000000000000000000e+00
7.322674560546875000e+01 0.000000000000000000e+00 0.000000000000000000e+00
7.319891357421875000e+01 0.000000000000000000e+00 0.000000000000000000e+00
7.312170410156250000e+01 0.000000000000000000e+00 0.000000000000000000e+00
7.319165039062500000e+01 0.000000000000000000e+00 0.000000000000000000e+00
7.317755126953125000e+01 0.000000000000000000e+00 0.000000000000000000e+00
7.321551513671875000e+01 0.000000000000000000e+00 0.000000000000000000e+00
7.309313964843750000e+01 0.000000000000000000e+00 0.000000000000000000e+00
7.324139404296875000e+01 0.000000000000000000e+00 0.000000000000000000e+00
7.321801757812500000e+01 0.000000000000000000e+00 0.000000000000000000e+00
7.321588134765625000e+01 0.000000000000000000e+00 0.000000000000000000e+00
7.319714355468750000e+01 0.000000000000000000e+00 0.000000000000000000e+00
7.320251464843750000e+01 0.000000000000000000e+00 0.000000000000000000e+00
7.322265625000000000e+01 0.000000000000000000e+00 0.000000000000000000e+00
7.310260009765625000e+01 0.000000000000000000e+00 0.000000000000000000e+00
7.297698974609375000e+01 0.000000000000000000e+00 0.000000000000000000e+00
7.301690673828125000e+01 0.000000000000000000e+00 0.000000000000000000e+00
7.299792480468750000e+01 0.000000000000000000e+00 0.000000000000000000e+00
7.298376464843750000e+01 0.000000000000000000e+00 0.000000000000000000e+00
7.296807861328125000e+01 0.000000000000000000e+00 0.000000000000000000e+00
7.297735595703125000e+01 0.000000000000000000e+00 0.000000000000000000e+00
7.286682128906250000e+01 0.000000000000000000e+00 0.000000000000000000e+00
7.290661621093750000e+01 0.000000000000000000e+00 0.000000000000000000e+00
7.306243896484375000e+01 0.000000000000000000e+00 0.000000000000000000e+00
7.303070068359375000e+01 0.000000000000000000e+00 0.000000000000000000e+00
7.298950195312500000e+01 0.000000000000000000e+00 0.000000000000000000e+00
7.300140380859375000e+01 0.000000000000000000e+00 0.000000000000000000e+00
7.308410644531250000e+01 0.000000000000000000e+00 0.000000000000000000e+00
7.314672851562500000e+01 0.000000000000000000e+00 0.000000000000000000e+00
7.320782470703125000e+01 0.000000000000000000e+00 0.000000000000000000e+00
7.328106689453125000e+01 0.000000000000000000e+00 0.000000000000000000e+00
7.331439208984375000e+01 0.000000000000000000e+00 0.000000000000000000e+00
7.352587890625000000e+01 0.000000000000000000e+00 0.000000000000000000e+00
7.349597167968750000e+01 0.000000000000000000e+00 0.000000000000000000e+00
7.333746337890625000e+01 0.000000000000000000e+00 0.000000000000000000e+00
7.323809814453125000e+01 0.000000000000000000e+00 0.000000000000000000e+00
7.326727294921875000e+01 0.000000000000000000e+00 0.000000000000000000e+00
7.325866699218750000e+01 0.000000000000000000e+00 0.000000000000000000e+00
7.321099853515625000e+01 0.000000000000000000e+00 0.000000000000000000e+00
7.304022216796875000e+01 0.000000000000000000e+00 0.000000000000000000e+00
7.316046142578125000e+01 0.000000000000000000e+00 0.000000000000000000e+00
7.312109375000000000e+01 0.000000000000000000e+00 0.000000000000000000e+00
7.301458740234375000e+01 0.000000000000000000e+00 0.000000000000000000e+00
7.301269531250000000e+01 0.000000000000000000e+00 0.000000000000000000e+00
7.299450683593750000e+01 0.000000000000000000e+00 0.000000000000000000e+00
7.296228027343750000e+01 0.000000000000000000e+00 0.000000000000000000e+00
7.287603759765625000e+01 0.000000000000000000e+00 0.000000000000000000e+00
7.288433837890625000e+01 0.000000000000000000e+00 0.000000000000000000e+00
7.294372558593750000e+01 0.000000000000000000e+00 0.000000000000000000e+00
7.299365234375000000e+01 0.000000000000000000e+00 0.000000000000000000e+00
7.304907226562500000e+01 0.000000000000000000e+00 0.000000000000000000e+00
7.326983642578125000e+01 0.000000000000000000e+00 0.000000000000000000e+00
7.329663085937500000e+01 0.000000000000000000e+00 0.000000000000000000e+00
7.329144287109375000e+01 0.000000000000000000e+00 0.000000000000000000e+00
7.330444335937500000e+01 0.000000000000000000e+00 0.000000000000000000e+00
7.337841796875000000e+01 0.000000000000000000e+00 0.000000000000000000e+00
7.351824951171875000e+01 0.000000000000000000e+00 0.000000000000000000e+00
7.371044921875000000e+01 0.000000000000000000e+00 0.000000000000000000e+00
7.358984375000000000e+01 0.000000000000000000e+00 0.000000000000000000e+00
7.363226318359375000e+01 0.000000000000000000e+00 0.000000000000000000e+00
7.363891601562500000e+01 0.000000000000000000e+00 0.000000000000000000e+00
7.370568847656250000e+01 0.000000000000000000e+00 0.000000000000000000e+00
7.374542236328125000e+01 0.000000000000000000e+00 0.000000000000000000e+00
7.371746826171875000e+01 0.000000000000000000e+00 0.000000000000000000e+00
7.368395996093750000e+01 0.000000000000000000e+00 0.000000000000000000e+00
7.379150390625000000e+01 0.000000000000000000e+00 0.000000000000000000e+00
7.377252197265625000e+01 0.000000000000000000e+00 0.000000000000000000e+00
7.369976806640625000e+01 0.000000000000000000e+00 0.000000000000000000e+00
7.369201660156250000e+01 0.000000000000000000e+00 0.000000000000000000e+00
7.372113037109375000e+01 0.000000000000000000e+00 0.000000000000000000e+00
7.369537353515625000e+01 0.000000000000000000e+00 0.000000000000000000e+00
7.364300537109375000e+01 0.000000000000000000e+00 0.000000000000000000e+00
7.365374755859375000e+01 0.000000000000000000e+00 0.000000000000000000e+00
7.371862792968750000e+01 0.000000000000000000e+00 0.000000000000000000e+00
7.368841552734375000e+01 0.000000000000000000e+00 0.000000000000000000e+00
7.390490722656250000e+01 0.000000000000000000e+00 0.000000000000000000e+00
7.390899658203125000e+01 0.000000000000000000e+00 0.000000000000000000e+00
7.389062500000000000e+01 0.000000000000000000e+00 0.000000000000000000e+00
7.390191650390625000e+01 0.000000000000000000e+00 0.000000000000000000e+00
7.390704345703125000e+01 0.000000000000000000e+00 0.000000000000000000e+00
7.387438964843750000e+01 0.000000000000000000e+00 0.000000000000000000e+00
7.394299316406250000e+01 0.000000000000000000e+00 0.000000000000000000e+00
7.399853515625000000e+01 0.000000000000000000e+00 0.000000000000000000e+00
7.397113037109375000e+01 0.000000000000000000e+00 0.000000000000000000e+00
7.397656250000000000e+01 0.000000000000000000e+00 0.000000000000000000e+00
7.382690429687500000e+01 0.000000000000000000e+00 0.000000000000000000e+00
7.384570312500000000e+01 0.000000000000000000e+00 0.000000000000000000e+00
7.387219238281250000e+01 0.000000000000000000e+00 0.000000000000000000e+00
7.391900634765625000e+01 0.000000000000000000e+00 0.000000000000000000e+00
7.414123535156250000e+01 0.000000000000000000e+00 0.000000000000000000e+00
