6.107739257812500000e+01 8.785009765625000000e+01 6.855664062500000000e+01
6.094067382812500000e+01 8.764575195312500000e+01 6.838757324218750000e+01
6.094067382812500000e+01 8.764575195312500000e+01 6.838757324218750000e+01
6.072399902343750000e+01 8.739392089843750000e+01 6.816333007812500000e+01
6.035266113281250000e+01 8.698559570312500000e+01 6.730895996093750000e+01
6.010992431640625000e+01 8.675195312500000000e+01 6.599658203125000000e+01
5.990820312500000000e+01 8.670599365234375000e+01 6.551818847656250000e+01
5.978533935546875000e+01 8.668878173828125000e+01 6.506640625000000000e+01
5.972839355468750000e+01 8.671331787109375000e+01 6.458428955078125000e+01
5.960729980468750000e+01 8.661468505859375000e+01 6.435308837890625000e+01
5.955444335937500000e+01 8.652233886718750000e+01 6.424346923828125000e+01
5.959344482421875000e+01 8.649969482421875000e+01 6.404608154296875000e+01
5.947039794921875000e+01 8.637451171875000000e+01 6.398754882812500000e+01
5.944738769531250000e+01 8.631884765625000000e+01 6.388775634765625000e+01
5.946801757812500000e+01 8.628802490234375000e+01 6.385485839843750000e+01
5.947814941406250000e+01 8.632702636718750000e+01 6.393719482421875000e+01
5.943695068359375000e+01 8.630633544921875000e+01 6.374884033203125000e+01
5.942443847656250000e+01 8.624652099609375000e+01 6.378491210937500000e+01
5.933660888671875000e+01 8.637072753906250000e+01 6.380572509765625000e+01
5.933349609375000000e+01 8.632678222656250000e+01 6.392156982421875000e+01
5.931433105468750000e+01 8.631439208984375000e+01 6.387963867187500000e+01
5.937261962890625000e+01 8.642126464843750000e+01 6.388824462890625000e+01
5.943029785156250000e+01 8.631286621093750000e+01 6.390808105468750000e+01
5.935919189453125000e+01 8.633447265625000000e+01 6.376641845703125000e+01
5.928515625000000000e+01 8.645825195312500000e+01 6.385388183593750000e+01
5.934606933593750000e+01 8.651739501953125000e+01 6.397991943359375000e+01
5.944586181640625000e+01 8.653430175781250000e+01 6.407684326171875000e+01
5.942730712890625000e+01 8.653582763671875000e+01 6.402471923828125000e+01
5.931677246093750000e+01 8.643389892578125000e+01 6.388922119140625000e+01
5.917120361328125000e+01 8.629602050781250000e+01 6.375445556640625000e+01
5.908276367187500000e+01 8.610528564453125000e+01 6.361291503906250000e+01
5.897741699218750000e+01 8.601965332031250000e+01 6.346655273437500000e+01
5.903015136718750000e+01 8.594323730468750000e+01 6.346215820312500000e+01
5.896606445312500000e+01 8.588110351562500000e+01 6.344476318359375000e+01
5.897619628906250000e+01 8.580462646484375000e+01 6.339367675781250000e+01
5.891925048828125000e+01 8.558923339843750000e+01 6.329284667968750000e+01
5.890740966796875000e+01 8.560589599609375000e+01 6.320751953125000000e+01
5.909997558593750000e+01 8.552099609375000000e+01 6.326635742187500000e+01
5.908496093750000000e+01 8.535058593750000000e+01 6.320965576171875000e+01
5.900384521484375000e+01 8.535742187500000000e+01 6.301434326171875000e+01
5.898864746093750000e+01 8.543469238281250000e+01 6.320251464843750000e+01
5.885595703125000000e+01 8.544519042968750000e+01 6.317681884765625000e+01
5.877630615234375000e+01 8.529858398437500000e+01 6.307867431640625000e+01
5.880999755859375000e+01 8.532073974609375000e+01 6.310546875000000000e+01
5.893548583984375000e+01 8.533361816406250000e+01 6.316156005859375000e+01
5.892449951171875000e+01 8.525439453125000000e+01 6.311584472656250000e+01
5.888531494140625000e+01 8.504583740234375000e+01 6.295538330078125000e+01
5.872735595703125000e+01 8.502099609375000000e+01 6.285803222656250000e+01
5.862030029296875000e+01 8.491839599609375000e+01 6.273309326171875000e+01
5.863348388671875000e+01 8.475122070312500000e+01 6.269763183593750000e+01
5.857159423828125000e+01 8.475708007812500000e+01 6.260382080078125000e+01
5.851477050781250000e+01 8.466412353515625000e+01 6.257299804687500000e+01
5.845806884765625000e+01 8.461303710937500000e+01 6.261944580078125000e+01
5.853259277343750000e+01 8.459014892578125000e+01 6.252246093750000000e+01
5.853515625000000000e+01 8.461273193359375000e+01 6.251324462890625000e+01
5.850653076171875000e+01 8.457110595703125000e+01 6.249243164062500000e+01
5.850781250000000000e+01 8.461468505859375000e+01 6.251123046875000000e+01
5.849090576171875000e+01 8.467047119140625000e+01 6.262695312500000000e+01
5.840887451171875000e+01 8.460479736328125000e+01 6.267529296875000000e+01
5.843927001953125000e+01 8.460601806640625000e+01 6.269812011718750000e+01
5.853015136718750000e+01 8.446130371093750000e+01 6.262042236328125000e+01
5.848297119140625000e+01 8.434802246093750000e+01 6.249658203125000000e+01
5.835260009765625000e+01 8.420513916015625000e+01 6.234997558593750000e+01
5.834197998046875000e+01 8.419549560546875000e+01 6.234185791015625000e+01
5.832696533203125000e+01 8.415667724609375000e+01 6.231396484375000000e+01
5.824774169921875000e+01 8.408984375000000000e+01 6.222161865234375000e+01
5.824755859375000000e+01 8.399652099609375000e+01 6.215118408203125000e+01
5.828088378906250000e+01 8.404412841796875000e+01 6.217462158203125000e+01
5.820843505859375000e+01 8.407714843750000000e+01 6.216375732421875000e+01
5.812145996093750000e+01 8.403002929687500000e+01 6.210412597656250000e+01
5.808209228515625000e+01 8.393927001953125000e+01 6.203021240234375000e+01
5.803460693359375000e+01 8.410888671875000000e+01 6.214532470703125000e+01
5.830206298828125000e+01 8.414660644531250000e+01 6.227569580078125000e+01
5.831896972656250000e+01 8.422900390625000000e+01 6.232971191406250000e+01
5.828265380859375000e+01 8.431616210937500000e+01 6.257000732421875000e+01
5.826806640625000000e+01 8.436120605468750000e+01 6.257336425781250000e+01
5.831903076171875000e+01 8.431323242187500000e+01 6.248345947265625000e+01
5.833947753906250000e+01 8.441723632812500000e+01 6.249291992187500000e+01
5.830694580078125000e+01 8.437860107421875000e+01 6.243066406250000000e+01
5.825292968750000000e+01 8.436138916015625000e+01 6.238848876953125000e+01
5.817309570312500000e+01 8.440570068359375000e+01 6.234466552734375000e+01
5.803637695312500000e+01 8.435644531250000000e+01 6.229589843750000000e+01
5.801428222656250000e+01 8.429431152343750000e+01 6.221276855468750000e+01
5.797747802734375000e+01 8.426190185546875000e+01 6.218627929687500000e+01
5.790069580078125000e+01 8.423852539062500000e+01 6.214868164062500000e+01
5.783087158203125000e+01 8.411535644531250000e+01 6.204193115234375000e+01
5.779913330078125000e+01 8.391522216796875000e+01 6.191040039062500000e+01
5.787023925781250000e+01 8.401116943359375000e+01 6.198724365234375000e+01
5.796520996093750000e+01 8.399298095703125000e+01 6.201147460937500000e+01
5.798254394531250000e+01 8.403546142578125000e+01 6.207611083984375000e+01
5.799731445312500000e+01 8.406323242187500000e+01 6.208947753906250000e+01
5.806018066406250000e+01 8.416241455078125000e+01 6.223175048828125000e+01
5.809564208984375000e+01 8.406976318359375000e+01 6.211383056640625000e+01
5.803344726562500000e+01 8.400347900390625000e+01 6.207385253906250000e+01
5.802972412109375000e+01 8.378216552734375000e+01 6.192602539062500000e+01
5.793554687500000000e+01 8.370422363281250000e+01 6.192559814453125000e+01
5.787866210937500000e+01 8.371771240234375000e+01 6.185980224609375000e+01
5.776104736328125000e+01 8.373986816406250000e+01 6.188018798828125000e+01
5.771435546875000000e+01 8.363372802734375000e+01 6.171838378906250000e+01
5.764343261718750000e+01 8.362084960937500000e+01 6.173211669921875000e+01
5.764263916015625000e+01 8.357879638671875000e+01 6.183526611328125000e+01
5.776092529296875000e+01 8.364984130859375000e+01 6.180364990234375000e+01
5.776208496093750000e+01 8.359643554687500000e+01 6.181768798828125000e+01
5.775671386718750000e+01 8.346331787109375000e+01 6.176458740234375000e+01
5.769262695312500000e+01 8.348089599609375000e+01 6.183404541015625000e+01
5.769592285156250000e+01 8.347833251953125000e+01 6.186938476562500000e+01
5.781103515625000000e+01 8.348486328125000000e+01 6.177404785156250000e+01
5.779217529296875000e+01 8.346343994140625000e+01 6.173864746093750000e+01
5.778350830078125000e+01 8.339855957031250000e+01 6.166882324218750000e+01
5.778979492187500000e+01 8.330950927734375000e+01 6.164233398437500000e+01
5.774523925781250000e+01 8.333233642578125000e+01 6.164550781250000000e+01
5.782763671875000000e+01 8.337536621093750000e+01 6.166876220703125000e+01
5.798065185546875000e+01 8.330267333984375000e+01 6.171881103515625000e+01
5.784808349609375000e+01 8.325885009765625000e+01 6.160546875000000000e+01
5.779547119140625000e+01 8.316363525390625000e+01 6.157934570312500000e+01
5.776696777343750000e+01 8.307183837890625000e+01 6.147393798828125000e+01
5.775714111328125000e+01 8.293768310546875000e+01 6.137176513671875000e+01
5.772607421875000000e+01 8.272869873046875000e+01 6.117822265625000000e+01
5.768774414062500000e+01 8.266552734375000000e+01 6.113531494140625000e+01
5.784173583984375000e+01 8.256481933593750000e+01 6.103784179687500000e+01
5.809197998046875000e+01 8.239605712890625000e+01 6.097766113281250000e+01
5.821331787109375000e+01 8.257543945312500000e+01 6.121710205078125000e+01
5.816223144531250000e+01 8.256561279296875000e+01 6.113775634765625000e+01
5.810125732421875000e+01 8.242395019531250000e+01 6.102642822265625000e+01
5.803698730468750000e+01 8.230432128906250000e+01 6.091625976562500000e+01
5.791925048828125000e+01 8.214648437500000000e+01 6.076715087890625000e+01
5.774279785156250000e+01 8.198071289062500000e+01 6.058691406250000000e+01
5.779718017578125000e+01 8.178155517578125000e+01 6.046441650390625000e+01
5.772070312500000000e+01 8.170776367187500000e+01 6.039837646484375000e+01
5.765802001953125000e+01 8.152697753906250000e+01 6.032189941406250000e+01
5.765325927734375000e+01 8.147485351562500000e+01 6.025915527343750000e+01
5.755041503906250000e+01 8.134564208984375000e+01 6.013452148437500000e+01
5.750610351562500000e+01 8.125250244140625000e+01 6.000305175781250000e+01
5.742938232421875000e+01 8.111688232421875000e+01 5.989202880859375000e+01
5.733172607421875000e+01 8.098187255859375000e+01 5.978186035156250000e+01
5.713067626953125000e+01 8.057238769531250000e+01 5.943829345703125000e+01
5.698553466796875000e+01 8.040332031250000000e+01 5.925659179687500000e+01
5.708306884765625000e+01 8.045343017578125000e+01 5.926873779296875000e+01
5.715893554687500000e+01 8.044573974609375000e+01 5.918072509765625000e+01
5.718969726562500000e+01 8.048535156250000000e+01 5.907641601562500000e+01
5.717449951171875000e+01 8.049676513671875000e+01 5.908911132812500000e+01
5.720306396484375000e+01 8.049182128906250000e+01 5.918762207031250000e+01
5.717083740234375000e+01 8.050372314453125000e+01 5.918408203125000000e+01
5.721081542968750000e+01 8.050665283203125000e+01 5.929571533203125000e+01
5.718676757812500000e+01 8.043383789062500000e+01 5.934216308593750000e+01
5.713598632812500000e+01 8.051641845703125000e+01 5.941754150390625000e+01
5.705780029296875000e+01 8.050036621093750000e+01 5.935339355468750000e+01
5.716168212890625000e+01 8.051733398437500000e+01 5.932470703125000000e+01
5.733953857421875000e+01 8.059222412109375000e+01 5.938208007812500000e+01
5.730712890625000000e+01 8.053936767578125000e+01 5.939819335937500000e+01
5.732543945312500000e+01 8.052160644531250000e+01 5.938867187500000000e+01
5.723822021484375000e+01 8.045452880859375000e+01 5.935052490234375000e+01
5.724316406250000000e+01 8.038751220703125000e+01 5.930456542968750000e+01
5.718426513671875000e+01 8.034393310546875000e+01 5.912127685546875000e+01
5.716711425781250000e+01 8.034301757812500000e+01 5.914422607421875000e+01
5.715966796875000000e+01 8.039031982421875000e+01 5.915148925781250000e+01
5.720831298828125000e+01 8.039239501953125000e+01 5.927172851562500000e+01
5.727600097656250000e+01 8.047656250000000000e+01 5.935516357421875000e+01
5.723211669921875000e+01 8.051867675781250000e+01 5.934130859375000000e+01
5.736090087890625000e+01 8.064190673828125000e+01 5.944250488281250000e+01
5.752581787109375000e+01 8.085382080078125000e+01 5.964599609375000000e+01
5.759027099609375000e+01 8.093292236328125000e+01 5.965563964843750000e+01
5.755548095703125000e+01 8.088275146484375000e+01 5.972760009765625000e+01
5.757525634765625000e+01 8.086047363281250000e+01 5.970117187500000000e+01
5.761743164062500000e+01 8.086614990234375000e+01 5.970184326171875000e+01
5.756622314453125000e+01 8.079077148437500000e+01 5.967950439453125000e+01
5.752911376953125000e+01 8.076318359375000000e+01 5.956335449218750000e+01
5.753985595703125000e+01 8.082012939453125000e+01 5.966107177734375000e+01
5.756811523437500000e+01 8.074127197265625000e+01 5.961480712890625000e+01
5.756109619140625000e+01 8.078314208984375000e+01 5.969519042968750000e+01
5.759295654296875000e+01 8.081335449218750000e+01 5.970611572265625000e+01
5.756878662109375000e+01 8.084942626953125000e+01 5.969580078125000000e+01
5.742175292968750000e+01 8.072863769531250000e+01 5.954785156250000000e+01
5.750506591796875000e+01 8.055004882812500000e+01 5.941534423828125000e+01
5.744580078125000000e+01 8.062738037109375000e+01 5.946557617187500000e+01
5.741339111328125000e+01 8.057098388671875000e+01 5.946337890625000000e+01
5.732666015625000000e+01 8.042095947265625000e+01 5.930645751953125000e+01
5.730670166015625000e+01 8.039343261718750000e+01 5.926977539062500000e+01
5.736199951171875000e+01 8.041003417968750000e+01 5.934802246093750000e+01
5.734332275390625000e+01 8.038122558593750000e+01 5.931372070312500000e+01
5.725677490234375000e+01 8.025585937500000000e+01 5.918035888671875000e+01
5.723132324218750000e+01 8.022265625000000000e+01 5.912756347656250000e+01
5.724645996093750000e+01 8.027954101562500000e+01 5.913354492187500000e+01
5.735107421875000000e+01 8.033221435546875000e+01 5.913391113281250000e+01
5.729034423828125000e+01 8.030566406250000000e+01 5.904736328125000000e+01
5.734063720703125000e+01 8.035559082031250000e+01 5.900549316406250000e+01
5.739019775390625000e+01 8.045227050781250000e+01 5.884838867187500000e+01
5.740283203125000000e+01 8.040899658203125000e+01 5.896655273437500000e+01
5.732904052734375000e+01 8.041986083984375000e+01 5.893792724609375000e+01
5.740332031250000000e+01 8.044042968750000000e+01 5.910815429687500000e+01
5.751977539062500000e+01 8.049108886718750000e+01 5.929638671875000000e+01
5.742926025390625000e+01 8.046710205078125000e+01 5.918719482421875000e+01
5.742895507812500000e+01 8.049798583984375000e+01 5.893865966796875000e+01
5.750469970703125000e+01 8.052355957031250000e+01 5.890447998046875000e+01
5.753485107421875000e+01 8.057226562500000000e+01 5.897167968750000000e+01
5.744470214843750000e+01 8.049237060546875000e+01 5.900427246093750000e+01
5.756207275390625000e+01 8.055792236328125000e+01 5.928894042968750000e+01
5.749902343750000000e+01 8.070013427734375000e+01 5.927136230468750000e+01
5.762817382812500000e+01 8.080364990234375000e+01 5.957946777343750000e+01
5.765722656250000000e+01 8.096655273437500000e+01 5.955798339843750000e+01
5.758837890625000000e+01 8.094622802734375000e+01 5.952758789062500000e+01
5.749200439453125000e+01 8.094085693359375000e+01 5.955340576171875000e+01
5.749548339843750000e+01 8.093292236328125000e+01 5.949877929687500000e+01
5.745678710937500000e+01 8.090466308593750000e+01 5.940557861328125000e+01
5.749731445312500000e+01 8.088800048828125000e+01 5.951037597656250000e+01
5.753369140625000000e+01 8.098803710937500000e+01 5.951531982421875000e+01
5.749523925781250000e+01 8.101861572265625000e+01 5.954455566406250000e+01
5.746936035156250000e+01 8.100311279296875000e+01 5.959759521484375000e+01
5.753320312500000000e+01 8.088269042968750000e+01 5.951782226562500000e+01
5.757794189453125000e+01 8.090557861328125000e+01 5.944653320312500000e+01
5.764276123046875000e+01 8.094079589843750000e+01 5.948187255859375000e+01
5.770416259765625000e+01 8.087664794921875000e+01 5.954095458984375000e+01
5.764770507812500000e+01 8.101062011718750000e+01 5.906939697265625000e+01
5.764282226562500000e+01 8.109967041015625000e+01 5.874719238281250000e+01
5.765802001953125000e+01 8.091076660156250000e+01 5.897259521484375000e+01
5.754162597656250000e+01 8.097943115234375000e+01 5.868029785156250000e+01
5.753118896484375000e+01 8.093450927734375000e+01 5.867083740234375000e+01
5.757495117187500000e+01 8.092175292968750000e+01 5.890173339843750000e+01
5.756030273437500000e+01 8.089892578125000000e+01 5.896075439453125000e+01
5.761419677734375000e+01 8.085485839843750000e+01 5.910650634765625000e+01
5.770281982421875000e+01 8.093304443359375000e+01 5.929656982421875000e+01
5.766632080078125000e+01 8.094195556640625000e+01 5.937536621093750000e+01
5.765014648437500000e+01 8.089331054687500000e+01 5.935931396484375000e+01
5.757366943359375000e+01 8.083148193359375000e+01 5.946423339843750000e+01
5.757586669921875000e+01 8.089263916015625000e+01 5.933056640625000000e+01
5.764227294921875000e+01 8.088226318359375000e+01 5.931268310546875000e+01
5.763476562500000000e+01 8.089514160156250000e+01 5.918627929687500000e+01
5.761492919921875000e+01 8.080120849609375000e+01 5.925439453125000000e+01
5.766595458984375000e+01 8.076440429687500000e+01 5.937030029296875000e+01
5.773797607421875000e+01 8.072631835937500000e+01 5.945959472656250000e+01
5.763854980468750000e+01 8.069525146484375000e+01 5.942437744140625000e+01
5.767742919921875000e+01 8.057067871093750000e+01 5.939654541015625000e+01
5.762890625000000000e+01 8.058801269531250000e+01 5.922955322265625000e+01
5.762994384765625000e+01 8.064239501953125000e+01 5.867437744140625000e+01
5.756304931640625000e+01 8.054266357421875000e+01 5.876153564453125000e+01
5.749786376953125000e+01 8.059149169921875000e+01 5.843963623046875000e+01
5.749908447265625000e+01 8.054473876953125000e+01 5.835485839843750000e+01
5.748577880859375000e+01 8.054791259765625000e+01 5.794598388671875000e+01
5.742309570312500000e+01 8.053503417968750000e+01 5.795629882812500000e+01
5.741760253906250000e+01 8.048315429687500000e+01 5.790893554687500000e+01
5.734338378906250000e+01 8.043518066406250000e+01 5.749255371093750000e+01
5.734808349609375000e+01 8.036285400390625000e+01 5.743750000000000000e+01
5.739105224609375000e+01 8.035058593750000000e+01 5.798016357421875000e+01
5.746905517578125000e+01 8.026318359375000000e+01 5.809326171875000000e+01
5.749218750000000000e+01 8.019049072265625000e+01 5.800665283203125000e+01
5.739282226562500000e+01 8.012170410156250000e+01 5.799273681640625000e+01
5.727392578125000000e+01 7.993890380859375000e+01 5.787268066406250000e+01
5.719964599609375000e+01 7.978015136718750000e+01 5.787567138671875000e+01
5.711767578125000000e+01 7.988250732421875000e+01 5.743084716796875000e+01
5.702099609375000000e+01 7.975909423828125000e+01 5.738763427734375000e+01
5.695397949218750000e+01 7.965740966796875000e+01 5.736273193359375000e+01
5.690704345703125000e+01 7.960308837890625000e+01 5.733178710937500000e+01
5.686401367187500000e+01 7.943157958984375000e+01 5.725878906250000000e+01
5.684100341796875000e+01 7.940014648437500000e+01 5.719244384765625000e+01
5.688543701171875000e+01 7.949603271484375000e+01 5.715179443359375000e+01
5.692779541015625000e+01 7.956433105468750000e+01 5.706445312500000000e+01
5.692376708984375000e+01 7.955017089843750000e+01 5.707885742187500000e+01
5.688165283203125000e+01 7.958563232421875000e+01 5.732238769531250000e+01
5.688952636718750000e+01 7.955841064453125000e+01 5.734997558593750000e+01
5.688256835937500000e+01 7.952026367187500000e+01 5.725781250000000000e+01
5.688024902343750000e+01 7.957086181640625000e+01 5.733007812500000000e+01
5.693084716796875000e+01 7.961572265625000000e+01 5.724725341796875000e+01
5.698034667968750000e+01 7.962854003906250000e+01 5.726501464843750000e+01
5.702972412109375000e+01 7.967224121093750000e+01 5.717187500000000000e+01
5.704479980468750000e+01 7.965332031250000000e+01 5.722937011718750000e+01
5.707971191406250000e+01 7.976214599609375000e+01 5.728881835937500000e+01
5.719738769531250000e+01 7.980627441406250000e+01 5.752453613281250000e+01
5.715283203125000000e+01 7.971368408203125000e+01 5.745208740234375000e+01
5.705743408203125000e+01 7.970690917968750000e+01 5.743511962890625000e+01
5.705572509765625000e+01 7.973339843750000000e+01 5.736761474609375000e+01
5.697851562500000000e+01 7.972210693359375000e+01 5.726605224609375000e+01
5.694726562500000000e+01 7.973016357421875000e+01 5.728308105468750000e+01
5.700939941406250000e+01 7.968298339843750000e+01 5.741369628906250000e+01
5.707720947265625000e+01 7.979266357421875000e+01 5.764459228515625000e+01
5.711047363281250000e+01 7.997399902343750000e+01 5.746990966796875000e+01
5.716467285156250000e+01 8.000823974609375000e+01 5.754638671875000000e+01
5.716540527343750000e+01 8.005560302734375000e+01 5.743011474609375000e+01
5.721160888671875000e+01 7.999365234375000000e+01 5.759381103515625000e+01
5.711346435546875000e+01 7.987219238281250000e+01 5.784698486328125000e+01
5.717797851562500000e+01 7.997509765625000000e+01 5.764086914062500000e+01
5.708923339843750000e+01 7.994122314453125000e+01 5.764935302734375000e+01
5.708459472656250000e+01 7.986138916015625000e+01 5.756805419921875000e+01
5.698284912109375000e+01 7.983416748046875000e+01 5.772674560546875000e+01
5.694702148437500000e+01 7.973327636718750000e+01 5.786016845703125000e+01
5.681091308593750000e+01 7.980505371093750000e+01 5.755895996093750000e+01
5.684228515625000000e+01 7.982836914062500000e+01 5.757000732421875000e+01
5.679449462890625000e+01 7.973486328125000000e+01 5.758966064453125000e+01
5.683270263671875000e+01 7.973272705078125000e+01 5.766094970703125000e+01
5.689886474609375000e+01 7.967590332031250000e+01 5.777008056640625000e+01
5.698162841796875000e+01 7.976666259765625000e+01 5.753991699218750000e+01
5.693316650390625000e+01 7.979119873046875000e+01 5.756872558593750000e+01
5.701055908203125000e+01 7.987774658203125000e+01 5.755181884765625000e+01
5.705596923828125000e+01 7.984838867187500000e+01 5.778039550781250000e+01
5.711157226562500000e+01 7.989971923828125000e+01 5.791784667968750000e+01
5.711608886718750000e+01 7.989410400390625000e+01 5.791845703125000000e+01
5.710552978515625000e+01 7.995953369140625000e+01 5.792309570312500000e+01
5.713177490234375000e+01 7.994299316406250000e+01 5.795166015625000000e+01
5.705639648437500000e+01 7.996691894531250000e+01 5.796722412109375000e+01
5.692846679687500000e+01 8.009936523437500000e+01 5.806060791015625000e+01
5.691027832031250000e+01 8.003015136718750000e+01 5.824188232421875000e+01
5.664862060546875000e+01 8.000708007812500000e+01 5.807141113281250000e+01
5.671423339843750000e+01 8.003222656250000000e+01 5.818511962890625000e+01
5.673828125000000000e+01 8.005267333984375000e+01 5.824224853515625000e+01
5.672448730468750000e+01 7.993737792968750000e+01 5.839086914062500000e+01
5.677575683593750000e+01 8.002886962890625000e+01 5.828204345703125000e+01
5.676336669921875000e+01 7.989263916015625000e+01 5.842846679687500000e+01
5.680798339843750000e+01 7.988031005859375000e+01 5.838610839843750000e+01
5.675408935546875000e+01 7.992919921875000000e+01 5.808587646484375000e+01
5.681530761718750000e+01 7.987176513671875000e+01 5.824700927734375000e+01
5.680004882812500000e+01 7.998126220703125000e+01 5.807196044921875000e+01
5.680065917968750000e+01 7.999456787109375000e+01 5.800714111328125000e+01
5.682855224609375000e+01 7.995275878906250000e+01 5.812689208984375000e+01
5.687561035156250000e+01 8.003814697265625000e+01 5.824310302734375000e+01
5.682543945312500000e+01 8.000555419921875000e+01 5.825683593750000000e+01
5.680169677734375000e+01 7.994964599609375000e+01 5.831695556640625000e+01
5.690295410156250000e+01 8.001019287109375000e+01 5.834057617187500000e+01
5.680487060546875000e+01 7.992510986328125000e+01 5.840106201171875000e+01
5.678405761718750000e+01 7.998199462890625000e+01 5.826416015625000000e+01
5.678747558593750000e+01 8.005297851562500000e+01 5.809191894531250000e+01
5.682434082031250000e+01 7.997003173828125000e+01 5.810296630859375000e+01
5.678955078125000000e+01 7.987329101562500000e+01 5.811041259765625000e+01
5.674011230468750000e+01 7.979168701171875000e+01 5.822229003906250000e+01
5.674572753906250000e+01 7.979370117187500000e+01 5.814093017578125000e+01
5.666247558593750000e+01 7.974902343750000000e+01 5.808886718750000000e+01
5.659692382812500000e+01 7.977294921875000000e+01 5.788824462890625000e+01
5.646130371093750000e+01 7.966741943359375000e+01 5.792022705078125000e+01
5.637878417968750000e+01 7.960565185546875000e+01 5.782379150390625000e+01
5.635479736328125000e+01 7.957763671875000000e+01 5.780371093750000000e+01
5.640991210937500000e+01 7.960162353515625000e+01 5.784826660156250000e+01
5.648297119140625000e+01 7.967242431640625000e+01 5.781384277343750000e+01
5.656298828125000000e+01 7.964465332031250000e+01 5.785766601562500000e+01
5.664587402343750000e+01 7.972479248046875000e+01 5.786553955078125000e+01
5.660015869140625000e+01 7.978186035156250000e+01 5.774456787109375000e+01
5.651110839843750000e+01 7.967956542968750000e+01 5.790667724609375000e+01
5.645855712890625000e+01 7.963214111328125000e+01 5.757977294921875000e+01
5.644470214843750000e+01 7.954724121093750000e+01 5.775756835937500000e+01
5.651959228515625000e+01 7.957934570312500000e+01 5.762500000000000000e+01
5.643768310546875000e+01 7.951470947265625000e+01 5.770538330078125000e+01
5.640032958984375000e+01 7.942651367187500000e+01 5.778259277343750000e+01
5.637585449218750000e+01 7.939965820312500000e+01 5.780511474609375000e+01
5.631665039062500000e+01 7.935131835937500000e+01 5.773437500000000000e+01
5.624444580078125000e+01 7.926342773437500000e+01 5.767565917968750000e+01
5.625036621093750000e+01 7.929443359375000000e+01 5.754254150390625000e+01
5.623101806640625000e+01 7.916418457031250000e+01 5.758227539062500000e+01
5.620056152343750000e+01 7.914160156250000000e+01 5.759796142578125000e+01
5.618414306640625000e+01 7.912951660156250000e+01 5.761224365234375000e+01
5.611614990234375000e+01 7.903967285156250000e+01 5.753179931640625000e+01
5.609411621093750000e+01 7.899761962890625000e+01 5.744586181640625000e+01
5.614147949218750000e+01 7.902636718750000000e+01 5.762060546875000000e+01
5.618176269531250000e+01 7.899975585937500000e+01 5.769909667968750000e+01
5.615264892578125000e+01 7.903149414062500000e+01 5.762030029296875000e+01
5.613165283203125000e+01 7.909405517578125000e+01 5.763507080078125000e+01
5.612103271484375000e+01 7.906506347656250000e+01 5.782025146484375000e+01
5.603668212890625000e+01 7.902062988281250000e+01 5.774139404296875000e+01
5.598315429687500000e+01 7.894122314453125000e+01 5.774090576171875000e+01
5.588171386718750000e+01 7.888787841796875000e+01 5.769360351562500000e+01
5.568829345703125000e+01 7.864093017578125000e+01 5.747515869140625000e+01
5.553405761718750000e+01 7.847192382812500000e+01 5.733026123046875000e+01
5.553424072265625000e+01 7.844903564453125000e+01 5.731146240234375000e+01
5.554174804687500000e+01 7.846777343750000000e+01 5.735510253906250000e+01
5.558300781250000000e+01 7.848870849609375000e+01 5.760559082031250000e+01
5.560980224609375000e+01 7.848150634765625000e+01 5.743463134765625000e+01
5.563305664062500000e+01 7.857946777343750000e+01 5.751031494140625000e+01
5.571258544921875000e+01 7.869488525390625000e+01 5.765759277343750000e+01
5.581884765625000000e+01 7.880114746093750000e+01 5.778686523437500000e+01
5.586785888671875000e+01 7.882055664062500000e+01 5.795495605468750000e+01
5.604003906250000000e+01 7.906536865234375000e+01 5.800933837890625000e+01
5.621618652343750000e+01 7.919372558593750000e+01 5.790826416015625000e+01
5.622399902343750000e+01 7.918041992187500000e+01 5.770312500000000000e+01
5.639447021484375000e+01 7.934124755859375000e+01 5.767041015625000000e+01
5.650622558593750000e+01 7.933905029296875000e+01 5.796820068359375000e+01
5.652832031250000000e+01 7.933142089843750000e+01 5.796527099609375000e+01
5.664447021484375000e+01 7.940692138671875000e+01 5.795172119140625000e+01
5.659716796875000000e+01 7.945825195312500000e+01 5.798144531250000000e+01
5.671313476562500000e+01 7.958685302734375000e+01 5.802191162109375000e+01
5.671057128906250000e+01 7.958026123046875000e+01 5.800421142578125000e+01
5.659356689453125000e+01 7.937561035156250000e+01 5.792065429687500000e+01
5.654541015625000000e+01 7.932318115234375000e+01 5.790014648437500000e+01
5.649053955078125000e+01 7.926281738281250000e+01 5.777783203125000000e+01
5.626293945312500000e+01 7.904949951171875000e+01 5.763018798828125000e+01
5.618652343750000000e+01 7.897094726562500000e+01 5.744671630859375000e+01
5.613159179687500000e+01 7.884112548828125000e+01 5.741925048828125000e+01
5.589141845703125000e+01 7.854284667968750000e+01 5.666540527343750000e+01
5.575543212890625000e+01 7.844635009765625000e+01 5.640527343750000000e+01
5.565734863281250000e+01 7.847753906250000000e+01 5.621215820312500000e+01
5.570648193359375000e+01 7.846569824218750000e+01 5.667694091796875000e+01
5.588012695312500000e+01 7.858764648437500000e+01 5.709692382812500000e+01
5.578479003906250000e+01 7.896051025390625000e+01 5.785742187500000000e+01
5.540374755859375000e+01 7.880450439453125000e+01 5.801080322265625000e+01
5.497814941406250000e+01 7.835137939453125000e+01 5.754852294921875000e+01
5.489776611328125000e+01 7.827960205078125000e+01 5.750805664062500000e+01
5.485815429687500000e+01 7.832232666015625000e+01 5.757965087890625000e+01
5.462750244140625000e+01 7.832556152343750000e+01 5.770428466796875000e+01
5.442468261718750000e+01 7.822674560546875000e+01 5.765588378906250000e+01
5.437896728515625000e+01 7.836364746093750000e+01 5.791741943359375000e+01
5.442639160156250000e+01 7.853350830078125000e+01 5.836401367187500000e+01
5.404223632812500000e+01 7.804785156250000000e+01 5.775415039062500000e+01
5.283264160156250000e+01 7.656072998046875000e+01 5.577520751953125000e+01
5.279339599609375000e+01 7.639410400390625000e+01 5.566796875000000000e+01
5.301916503906250000e+01 7.655310058593750000e+01 5.582513427734375000e+01
5.304406738281250000e+01 7.656481933593750000e+01 5.597778320312500000e+01
5.340039062500000000e+01 7.674908447265625000e+01 5.623046875000000000e+01
5.387304687500000000e+01 7.723284912109375000e+01 5.668780517578125000e+01
5.406036376953125000e+01 7.737017822265625000e+01 5.697210693359375000e+01
5.391558837890625000e+01 7.723565673828125000e+01 5.669274902343750000e+01
5.403540039062500000e+01 7.733074951171875000e+01 5.682983398437500000e+01
5.408782958984375000e+01 7.737402343750000000e+01 5.682287597656250000e+01
5.392547607421875000e+01 7.721472167968750000e+01 5.671710205078125000e+01
5.388806152343750000e+01 7.706396484375000000e+01 5.648590087890625000e+01
5.385375976562500000e+01 7.707794189453125000e+01 5.641418457031250000e+01
5.388372802734375000e+01 7.703729248046875000e+01 5.635925292968750000e+01
5.380010986328125000e+01 7.694110107421875000e+01 5.620953369140625000e+01
5.372143554687500000e+01 7.695684814453125000e+01 5.622540283203125000e+01
5.373638916015625000e+01 7.691802978515625000e+01 5.612286376953125000e+01
5.343737792968750000e+01 7.667712402343750000e+01 5.594415283203125000e+01
5.335766601562500000e+01 7.654711914062500000e+01 5.588287353515625000e+01
5.354803466796875000e+01 7.673333740234375000e+01 5.608074951171875000e+01
5.362359619140625000e+01 7.678430175781250000e+01 5.610705566406250000e+01
5.357653808593750000e+01 7.675561523437500000e+01 5.655926513671875000e+01
5.361718750000000000e+01 7.690606689453125000e+01 5.644909667968750000e+01
5.398480224609375000e+01 7.734075927734375000e+01 5.696166992187500000e+01
5.403662109375000000e+01 7.742242431640625000e+01 5.713067626953125000e+01
5.418365478515625000e+01 7.755181884765625000e+01 5.729547119140625000e+01
5.430865478515625000e+01 7.768811035156250000e+01 5.730151367187500000e+01
5.430279541015625000e+01 7.773376464843750000e+01 5.731060791015625000e+01
5.427929687500000000e+01 7.768292236328125000e+01 5.714056396484375000e+01
5.424462890625000000e+01 7.765313720703125000e+01 5.719250488281250000e+01
5.430169677734375000e+01 7.773278808593750000e+01 5.729473876953125000e+01
5.431878662109375000e+01 7.775933837890625000e+01 5.745495605468750000e+01
5.433862304687500000e+01 7.775097656250000000e+01 5.760034179687500000e+01
5.434924316406250000e+01 7.778424072265625000e+01 5.771459960937500000e+01
5.431732177734375000e+01 7.778887939453125000e+01 5.763580322265625000e+01
5.427221679687500000e+01 7.772564697265625000e+01 5.743792724609375000e+01
5.426300048828125000e+01 7.771508789062500000e+01 5.736090087890625000e+01
5.421679687500000000e+01 7.767462158203125000e+01 5.737854003906250000e+01
5.419921875000000000e+01 7.762164306640625000e+01 5.731146240234375000e+01
5.411846923828125000e+01 7.751086425781250000e+01 5.714019775390625000e+01
5.406561279296875000e+01 7.747918701171875000e+01 5.720599365234375000e+01
5.411193847656250000e+01 7.750958251953125000e+01 5.720831298828125000e+01
5.410186767578125000e+01 7.754211425781250000e+01 5.719250488281250000e+01
5.423443603515625000e+01 7.768615722656250000e+01 5.730291748046875000e+01
5.450366210937500000e+01 7.792993164062500000e+01 5.775170898437500000e+01
5.463958740234375000e+01 7.806561279296875000e+01 5.794036865234375000e+01
5.463372802734375000e+01 7.805346679687500000e+01 5.778308105468750000e+01
5.463934326171875000e+01 7.799554443359375000e+01 5.772796630859375000e+01
5.459661865234375000e+01 7.797222900390625000e+01 5.776757812500000000e+01
5.464642333984375000e+01 7.799456787109375000e+01 5.791247558593750000e+01
5.466143798828125000e+01 7.798504638671875000e+01 5.797119140625000000e+01
5.458575439453125000e+01 7.796044921875000000e+01 5.780828857421875000e+01
5.446899414062500000e+01 7.785668945312500000e+01 5.772802734375000000e+01
5.445098876953125000e+01 7.779901123046875000e+01 5.751397705078125000e+01
5.443487548828125000e+01 7.781970214843750000e+01 5.775500488281250000e+01
5.451245117187500000e+01 7.789953613281250000e+01 5.767181396484375000e+01
5.453552246093750000e+01 7.791308593750000000e+01 5.760314941406250000e+01
5.451031494140625000e+01 7.788671875000000000e+01 5.753039550781250000e+01
5.451977539062500000e+01 7.789965820312500000e+01 5.766381835937500000e+01
5.447625732421875000e+01 7.790216064453125000e+01 5.764428710937500000e+01
5.446667480468750000e+01 7.788818359375000000e+01 5.763171386718750000e+01
5.439489746093750000e+01 7.783850097656250000e+01 5.760296630859375000e+01
5.450628662109375000e+01 7.786407470703125000e+01 5.760620117187500000e+01
5.453918457031250000e+01 7.787261962890625000e+01 5.774835205078125000e+01
5.445214843750000000e+01 7.781054687500000000e+01 5.761999511718750000e+01
5.456439208984375000e+01 7.789105224609375000e+01 5.767382812500000000e+01
5.465332031250000000e+01 7.798809814453125000e+01 5.778735351562500000e+01
5.467736816406250000e+01 7.801080322265625000e+01 5.767425537109375000e+01
5.459057617187500000e+01 7.791491699218750000e+01 5.765295410156250000e+01
5.452716064453125000e+01 7.784704589843750000e+01 5.757446289062500000e+01
5.447479248046875000e+01 7.779614257812500000e+01 5.746014404296875000e+01
5.440130615234375000e+01 7.775994873046875000e+01 5.740728759765625000e+01
5.431152343750000000e+01 7.772485351562500000e+01 5.747070312500000000e+01
5.428369140625000000e+01 7.771215820312500000e+01 5.748034667968750000e+01
5.429833984375000000e+01 7.772491455078125000e+01 5.748870849609375000e+01
5.436621093750000000e+01 7.766314697265625000e+01 5.741186523437500000e+01
5.430114746093750000e+01 7.760253906250000000e+01 5.723376464843750000e+01
5.428375244140625000e+01 7.757568359375000000e+01 5.716070556640625000e+01
5.428588867187500000e+01 7.757897949218750000e+01 5.715972900390625000e+01
5.433709716796875000e+01 7.761431884765625000e+01 5.718450927734375000e+01
5.431231689453125000e+01 7.766485595703125000e+01 5.715753173828125000e+01
5.431109619140625000e+01 7.767474365234375000e+01 5.720910644531250000e+01
5.438909912109375000e+01 7.781048583984375000e+01 5.732739257812500000e+01
5.448895263671875000e+01 7.794415283203125000e+01 5.748394775390625000e+01
5.452978515625000000e+01 7.799932861328125000e+01 5.756158447265625000e+01
5.455780029296875000e+01 7.802435302734375000e+01 5.765338134765625000e+01
5.468096923828125000e+01 7.812750244140625000e+01 5.774383544921875000e+01
5.468884277343750000e+01 7.813293457031250000e+01 5.767077636718750000e+01
5.477386474609375000e+01 7.816613769531250000e+01 5.775250244140625000e+01
5.477886962890625000e+01 7.809167480468750000e+01 5.774682617187500000e+01
5.478680419921875000e+01 7.800030517578125000e+01 5.757666015625000000e+01
5.491101074218750000e+01 7.797619628906250000e+01 5.747662353515625000e+01
5.484710693359375000e+01 7.791497802734375000e+01 5.748864746093750000e+01
5.490295410156250000e+01 7.788012695312500000e+01 5.741284179687500000e+01
5.492175292968750000e+01 7.788684082031250000e+01 5.749194335937500000e+01
5.495684814453125000e+01 7.788146972656250000e+01 5.746722412109375000e+01
5.490386962890625000e+01 7.785998535156250000e+01 5.732562255859375000e+01
5.483404541015625000e+01 7.785107421875000000e+01 5.739575195312500000e+01
5.489031982421875000e+01 7.790008544921875000e+01 5.744537353515625000e+01
5.488909912109375000e+01 7.789160156250000000e+01 5.742602539062500000e+01
5.480035400390625000e+01 7.790112304687500000e+01 5.741912841796875000e+01
5.485302734375000000e+01 7.791558837890625000e+01 5.736480712890625000e+01
5.488214111328125000e+01 7.789648437500000000e+01 5.739306640625000000e+01
5.494854736328125000e+01 7.789141845703125000e+01 5.740228271484375000e+01
5.489038085937500000e+01 7.782049560546875000e+01 5.719427490234375000e+01
5.481414794921875000e+01 7.779632568359375000e+01 5.720416259765625000e+01
5.471936035156250000e+01 7.773449707031250000e+01 5.720361328125000000e+01
5.465362548828125000e+01 7.771148681640625000e+01 5.712115478515625000e+01
5.472247314453125000e+01 7.767840576171875000e+01 5.715405273437500000e+01
5.470025634765625000e+01 7.762469482421875000e+01 5.712420654296875000e+01
5.460125732421875000e+01 7.759332275390625000e+01 5.712982177734375000e+01
5.450830078125000000e+01 7.758325195312500000e+01 5.712677001953125000e+01
5.462103271484375000e+01 7.756268310546875000e+01 5.700885009765625000e+01
5.473089599609375000e+01 7.756750488281250000e+01 5.702062988281250000e+01
5.468353271484375000e+01 7.759454345703125000e+01 5.711389160156250000e+01
5.470556640625000000e+01 7.758581542968750000e+01 5.722662353515625000e+01
5.467395019531250000e+01 7.761169433593750000e+01 5.706610107421875000e+01
5.470336914062500000e+01 7.762390136718750000e+01 5.719720458984375000e+01
5.459747314453125000e+01 7.769403076171875000e+01 5.711145019531250000e+01
5.462805175781250000e+01 7.772283935546875000e+01 5.726824951171875000e+01
5.463671875000000000e+01 7.770129394531250000e+01 5.724743652343750000e+01
5.461492919921875000e+01 7.769305419921875000e+01 5.724957275390625000e+01
5.465417480468750000e+01 7.769781494140625000e+01 5.724645996093750000e+01
5.461077880859375000e+01 7.767156982421875000e+01 5.729461669921875000e+01
5.461218261718750000e+01 7.765881347656250000e+01 5.715551757812500000e+01
5.469122314453125000e+01 7.771850585937500000e+01 5.726330566406250000e+01
5.484631347656250000e+01 7.791369628906250000e+01 5.754187011718750000e+01
5.475677490234375000e+01 7.794146728515625000e+01 5.753289794921875000e+01
5.470037841796875000e+01 7.796606445312500000e+01 5.782550048828125000e+01
5.484667968750000000e+01 7.797924804687500000e+01 5.769903564453125000e+01
5.477801513671875000e+01 7.805450439453125000e+01 5.776000976562500000e+01
5.488067626953125000e+01 7.800103759765625000e+01 5.756561279296875000e+01
5.488952636718750000e+01 7.795635986328125000e+01 5.760266113281250000e+01
5.489831542968750000e+01 7.796008300781250000e+01 5.760107421875000000e+01
5.498168945312500000e+01 7.801763916015625000e+01 5.773260498046875000e+01
5.496105957031250000e+01 7.807714843750000000e+01 5.778869628906250000e+01
5.508929443359375000e+01 7.815747070312500000e+01 5.779284667968750000e+01
5.492980957031250000e+01 7.815570068359375000e+01 5.781054687500000000e+01
5.505841064453125000e+01 7.817773437500000000e+01 5.779052734375000000e+01
5.505493164062500000e+01 7.810247802734375000e+01 5.763775634765625000e+01
5.498760986328125000e+01 7.795843505859375000e+01 5.755841064453125000e+01
5.480291748046875000e+01 7.775708007812500000e+01 5.730255126953125000e+01
5.483996582031250000e+01 7.772711181640625000e+01 5.729620361328125000e+01
5.489947509765625000e+01 7.775140380859375000e+01 5.732128906250000000e+01
5.488073730468750000e+01 7.778259277343750000e+01 5.714062500000000000e+01
5.501324462890625000e+01 7.784375000000000000e+01 5.723889160156250000e+01
5.496264648437500000e+01 7.787481689453125000e+01 5.740576171875000000e+01
5.497558593750000000e+01 7.789001464843750000e+01 5.732354736328125000e+01
5.497375488281250000e+01 7.784906005859375000e+01 5.730395507812500000e+01
5.505816650390625000e+01 7.786590576171875000e+01 5.738330078125000000e+01
5.497015380859375000e+01 7.785137939453125000e+01 5.737109375000000000e+01
5.495562744140625000e+01 7.781274414062500000e+01 5.746826171875000000e+01
5.509448242187500000e+01 7.787512207031250000e+01 5.743029785156250000e+01
5.508746337890625000e+01 7.789318847656250000e+01 5.752178955078125000e+01
5.507830810546875000e+01 7.792993164062500000e+01 5.753863525390625000e+01
5.514929199218750000e+01 7.803741455078125000e+01 5.771301269531250000e+01
5.509222412109375000e+01 7.804064941406250000e+01 5.786309814453125000e+01
5.507867431640625000e+01 7.796978759765625000e+01 5.768499755859375000e+01
5.495019531250000000e+01 7.785656738281250000e+01 5.755773925781250000e+01
5.481317138671875000e+01 7.773168945312500000e+01 5.739111328125000000e+01
5.479394531250000000e+01 7.769384765625000000e+01 5.736456298828125000e+01
5.483477783203125000e+01 7.770874023437500000e+01 5.734289550781250000e+01
5.468713378906250000e+01 7.771716308593750000e+01 5.729907226562500000e+01
5.468548583984375000e+01 7.769903564453125000e+01 5.729003906250000000e+01
5.473553466796875000e+01 7.775122070312500000e+01 5.731085205078125000e+01
5.471752929687500000e+01 7.774481201171875000e+01 5.741943359375000000e+01
5.471997070312500000e+01 7.773071289062500000e+01 5.739831542968750000e+01
5.470806884765625000e+01 7.779833984375000000e+01 5.741558837890625000e+01
5.461419677734375000e+01 7.780285644531250000e+01 5.731976318359375000e+01
5.456420898437500000e+01 7.781018066406250000e+01 5.738812255859375000e+01
5.454003906250000000e+01 7.782794189453125000e+01 5.731390380859375000e+01
5.461267089843750000e+01 7.786730957031250000e+01 5.742663574218750000e+01
5.468719482421875000e+01 7.785870361328125000e+01 5.737463378906250000e+01
5.471789550781250000e+01 7.783514404296875000e+01 5.725769042968750000e+01
5.467126464843750000e+01 7.783514404296875000e+01 5.726397705078125000e+01
5.454858398437500000e+01 7.787048339843750000e+01 5.741418457031250000e+01
5.454785156250000000e+01 7.790155029296875000e+01 5.742163085937500000e+01
5.461547851562500000e+01 7.795123291015625000e+01 5.739941406250000000e+01
5.466558837890625000e+01 7.796130371093750000e+01 5.763995361328125000e+01
5.464001464843750000e+01 7.810687255859375000e+01 5.776837158203125000e+01
5.450750732421875000e+01 7.825299072265625000e+01 5.783264160156250000e+01
5.446795654296875000e+01 7.828515625000000000e+01 5.798583984375000000e+01
5.462500000000000000e+01 7.823394775390625000e+01 5.807641601562500000e+01
5.457849121093750000e+01 7.829473876953125000e+01 5.814239501953125000e+01
5.444671630859375000e+01 7.830444335937500000e+01 5.817687988281250000e+01
5.443762207031250000e+01 7.827093505859375000e+01 5.807507324218750000e+01
5.443194580078125000e+01 7.822003173828125000e+01 5.801104736328125000e+01
5.455297851562500000e+01 7.815509033203125000e+01 5.805108642578125000e+01
5.452429199218750000e+01 7.812072753906250000e+01 5.796307373046875000e+01
5.428369140625000000e+01 7.806683349609375000e+01 5.790435791015625000e+01
5.426190185546875000e+01 7.800628662109375000e+01 5.787487792968750000e+01
5.421459960937500000e+01 7.793792724609375000e+01 5.773724365234375000e+01
5.410754394531250000e+01 7.781353759765625000e+01 5.764788818359375000e+01
5.406604003906250000e+01 7.759020996093750000e+01 5.752819824218750000e+01
5.390393066406250000e+01 7.739855957031250000e+01 5.728112792968750000e+01
5.376202392578125000e+01 7.731036376953125000e+01 5.694427490234375000e+01
5.365917968750000000e+01 7.716015625000000000e+01 5.681048583984375000e+01
5.363385009765625000e+01 7.711700439453125000e+01 5.678820800781250000e+01
5.363531494140625000e+01 7.711248779296875000e+01 5.682531738281250000e+01
5.367675781250000000e+01 7.714776611328125000e+01 5.681353759765625000e+01
5.366900634765625000e+01 7.710620117187500000e+01 5.659051513671875000e+01
5.361419677734375000e+01 7.698779296875000000e+01 5.648138427734375000e+01
5.351611328125000000e+01 7.677514648437500000e+01 5.610803222656250000e+01
5.350720214843750000e+01 7.667852783203125000e+01 5.604840087890625000e+01
5.343115234375000000e+01 7.660809326171875000e+01 5.596026611328125000e+01
5.349322509765625000e+01 7.656835937500000000e+01 5.596728515625000000e+01
5.346264648437500000e+01 7.654394531250000000e+01 5.581298828125000000e+01
5.349108886718750000e+01 7.654602050781250000e+01 5.593695068359375000e+01
5.353472900390625000e+01 7.658062744140625000e+01 5.602044677734375000e+01
5.357165527343750000e+01 7.661480712890625000e+01 5.608782958984375000e+01
5.356127929687500000e+01 7.668688964843750000e+01 5.597833251953125000e+01
5.355920410156250000e+01 7.676312255859375000e+01 5.617913818359375000e+01
5.366198730468750000e+01 7.681982421875000000e+01 5.621929931640625000e+01
5.356591796875000000e+01 7.684759521484375000e+01 5.625872802734375000e+01
5.365533447265625000e+01 7.689477539062500000e+01 5.633184814453125000e+01
5.382568359375000000e+01 7.697930908203125000e+01 5.638562011718750000e+01
5.373004150390625000e+01 7.697363281250000000e+01 5.645922851562500000e+01
5.373718261718750000e+01 7.691400146484375000e+01 5.638726806640625000e+01
5.374713134765625000e+01 7.688153076171875000e+01 5.625109863281250000e+01
5.361199951171875000e+01 7.684075927734375000e+01 5.620263671875000000e+01
5.368090820312500000e+01 7.680352783203125000e+01 5.620562744140625000e+01
5.359136962890625000e+01 7.671807861328125000e+01 5.608129882812500000e+01
5.361529541015625000e+01 7.667877197265625000e+01 5.596221923828125000e+01
5.358447265625000000e+01 7.664709472656250000e+01 5.591412353515625000e+01
5.358648681640625000e+01 7.666784667968750000e+01 5.596447753906250000e+01
5.369116210937500000e+01 7.675225830078125000e+01 5.597991943359375000e+01
5.371649169921875000e+01 7.674334716796875000e+01 5.600158691406250000e+01
5.374328613281250000e+01 7.674096679687500000e+01 5.594049072265625000e+01
5.377154541015625000e+01 7.674414062500000000e+01 5.599298095703125000e+01
5.370623779296875000e+01 7.668957519531250000e+01 5.596618652343750000e+01
5.370300292968750000e+01 7.667260742187500000e+01 5.595849609375000000e+01
5.372589111328125000e+01 7.674481201171875000e+01 5.588873291015625000e+01
5.374133300781250000e+01 7.676959228515625000e+01 5.592047119140625000e+01
5.376910400390625000e+01 7.682458496093750000e+01 5.590875244140625000e+01
5.379827880859375000e+01 7.681762695312500000e+01 5.597399902343750000e+01
5.384960937500000000e+01 7.690612792968750000e+01 5.599810791015625000e+01
5.380877685546875000e+01 7.681079101562500000e+01 5.608135986328125000e+01
5.384802246093750000e+01 7.686303710937500000e+01 5.589617919921875000e+01
5.376354980468750000e+01 7.682287597656250000e+01 5.600976562500000000e+01
5.385302734375000000e+01 7.675384521484375000e+01 5.583990478515625000e+01
5.380944824218750000e+01 7.672351074218750000e+01 5.597015380859375000e+01
5.386553955078125000e+01 7.677752685546875000e+01 5.598034667968750000e+01
5.385675048828125000e+01 7.677984619140625000e+01 5.603411865234375000e+01
5.388159179687500000e+01 7.678582763671875000e+01 5.603015136718750000e+01
5.392376708984375000e+01 7.677899169921875000e+01 5.599810791015625000e+01
5.393542480468750000e+01 7.676660156250000000e+01 5.608502197265625000e+01
5.392138671875000000e+01 7.676562500000000000e+01 5.608367919921875000e+01
5.387121582031250000e+01 7.677069091796875000e+01 5.612408447265625000e+01
5.388977050781250000e+01 7.677801513671875000e+01 5.615270996093750000e+01
5.387182617187500000e+01 7.678216552734375000e+01 5.617938232421875000e+01
5.389263916015625000e+01 7.677520751953125000e+01 5.605596923828125000e+01
5.392785644531250000e+01 7.677136230468750000e+01 5.607244873046875000e+01
5.392437744140625000e+01 7.675634765625000000e+01 5.593017578125000000e+01
5.397875976562500000e+01 7.676770019531250000e+01 5.594738769531250000e+01
5.401739501953125000e+01 7.682183837890625000e+01 5.606158447265625000e+01
5.403802490234375000e+01 7.684271240234375000e+01 5.609680175781250000e+01
5.400170898437500000e+01 7.680480957031250000e+01 5.598449707031250000e+01
5.396014404296875000e+01 7.682305908203125000e+01 5.593750000000000000e+01
5.399645996093750000e+01 7.680029296875000000e+01 5.603430175781250000e+01
5.388226318359375000e+01 7.675445556640625000e+01 5.597607421875000000e+01
5.394635009765625000e+01 7.669134521484375000e+01 5.589971923828125000e+01
5.383850097656250000e+01 7.662597656250000000e+01 5.582135009765625000e+01
5.386676025390625000e+01 7.660156250000000000e+01 5.574853515625000000e+01
5.392089843750000000e+01 7.654412841796875000e+01 5.586712646484375000e+01
5.383026123046875000e+01 7.652459716796875000e+01 5.579699707031250000e+01
5.372192382812500000e+01 7.646191406250000000e+01 5.569952392578125000e+01
5.378839111328125000e+01 7.647167968750000000e+01 5.567639160156250000e+01
5.377276611328125000e+01 7.646307373046875000e+01 5.563452148437500000e+01
5.368078613281250000e+01 7.634240722656250000e+01 5.546191406250000000e+01
5.370605468750000000e+01 7.640063476562500000e+01 5.548425292968750000e+01
5.374652099609375000e+01 7.636883544921875000e+01 5.549377441406250000e+01
5.361865234375000000e+01 7.633489990234375000e+01 5.554620361328125000e+01
5.366296386718750000e+01 7.626617431640625000e+01 5.550183105468750000e+01
5.363073730468750000e+01 7.620947265625000000e+01 5.540649414062500000e+01
5.354516601562500000e+01 7.614031982421875000e+01 5.518133544921875000e+01
5.353021240234375000e+01 7.611633300781250000e+01 5.528924560546875000e+01
5.358972167968750000e+01 7.612591552734375000e+01 5.532727050781250000e+01
5.356585693359375000e+01 7.615655517578125000e+01 5.524981689453125000e+01
5.354083251953125000e+01 7.609179687500000000e+01 5.528320312500000000e+01
5.346740722656250000e+01 7.604089355468750000e+01 5.516809082031250000e+01
5.344750976562500000e+01 7.599255371093750000e+01 5.515142822265625000e+01
5.337615966796875000e+01 7.593865966796875000e+01 5.509912109375000000e+01
5.335357666015625000e+01 7.594586181640625000e+01 5.498034667968750000e+01
5.333813476562500000e+01 7.588476562500000000e+01 5.497686767578125000e+01
5.331726074218750000e+01 7.590563964843750000e+01 5.494915771484375000e+01
5.327728271484375000e+01 7.585418701171875000e+01 5.499591064453125000e+01
5.326196289062500000e+01 7.583129882812500000e+01 5.502343750000000000e+01
5.323687744140625000e+01 7.581921386718750000e+01 5.493298339843750000e+01
5.327752685546875000e+01 7.584344482421875000e+01 5.497534179687500000e+01
5.329406738281250000e+01 7.585351562500000000e+01 5.501788330078125000e+01
5.330682373046875000e+01 7.582147216796875000e+01 5.493640136718750000e+01
5.330877685546875000e+01 7.583093261718750000e+01 5.486230468750000000e+01
5.326196289062500000e+01 7.576037597656250000e+01 5.484918212890625000e+01
5.321166992187500000e+01 7.573724365234375000e+01 5.479888916015625000e+01
5.314556884765625000e+01 7.565887451171875000e+01 5.479907226562500000e+01
5.310693359375000000e+01 7.563031005859375000e+01 5.460699462890625000e+01
5.304687500000000000e+01 7.553314208984375000e+01 5.467584228515625000e+01
5.304351806640625000e+01 7.551940917968750000e+01 5.467779541015625000e+01
5.313317871093750000e+01 7.567321777343750000e+01 5.461401367187500000e+01
5.308508300781250000e+01 7.556262207031250000e+01 5.472583007812500000e+01
5.304125976562500000e+01 7.552886962890625000e+01 5.472247314453125000e+01
5.303295898437500000e+01 7.551983642578125000e+01 5.467767333984375000e+01
5.294140625000000000e+01 7.554766845703125000e+01 5.460650634765625000e+01
5.313238525390625000e+01 7.564709472656250000e+01 5.474267578125000000e+01
5.314404296875000000e+01 7.565582275390625000e+01 5.472662353515625000e+01
5.313171386718750000e+01 7.560675048828125000e+01 5.487786865234375000e+01
5.310455322265625000e+01 7.557360839843750000e+01 5.481774902343750000e+01
5.311602783203125000e+01 7.558862304687500000e+01 5.487536621093750000e+01
5.297467041015625000e+01 7.545416259765625000e+01 5.465960693359375000e+01
5.293566894531250000e+01 7.541296386718750000e+01 5.461431884765625000e+01
5.287982177734375000e+01 7.536859130859375000e+01 5.456005859375000000e+01
5.285437011718750000e+01 7.534344482421875000e+01 5.443560791015625000e+01
5.288220214843750000e+01 7.535339355468750000e+01 5.441204833984375000e+01
5.287701416015625000e+01 7.531195068359375000e+01 5.449487304687500000e+01
5.291833496093750000e+01 7.537139892578125000e+01 5.453466796875000000e+01
5.292388916015625000e+01 7.539630126953125000e+01 5.441046142578125000e+01
5.287072753906250000e+01 7.535357666015625000e+01 5.423919677734375000e+01
5.291235351562500000e+01 7.532586669921875000e+01 5.432733154296875000e+01
5.283306884765625000e+01 7.527587890625000000e+01 5.420251464843750000e+01
5.280200195312500000e+01 7.521453857421875000e+01 5.424462890625000000e+01
5.275347900390625000e+01 7.519952392578125000e+01 5.418389892578125000e+01
5.278295898437500000e+01 7.520501708984375000e+01 5.424639892578125000e+01
5.281866455078125000e+01 7.522204589843750000e+01 5.427520751953125000e+01
5.275512695312500000e+01 7.507464599609375000e+01 5.432910156250000000e+01
5.270898437500000000e+01 7.503302001953125000e+01 5.420288085937500000e+01
5.266949462890625000e+01 7.502557373046875000e+01 5.414172363281250000e+01
5.267132568359375000e+01 7.496252441406250000e+01 5.410522460937500000e+01
5.258569335937500000e+01 7.495172119140625000e+01 5.402612304687500000e+01
5.274237060546875000e+01 7.506152343750000000e+01 5.418377685546875000e+01
5.278546142578125000e+01 7.510870361328125000e+01 5.423242187500000000e+01
5.282702636718750000e+01 7.516729736328125000e+01 5.419689941406250000e+01
5.283532714843750000e+01 7.517541503906250000e+01 5.417071533203125000e+01
5.282977294921875000e+01 7.515515136718750000e+01 5.424963378906250000e+01
5.281994628906250000e+01 7.516223144531250000e+01 5.426611328125000000e+01
5.282312011718750000e+01 7.515417480468750000e+01 5.419476318359375000e+01
5.286883544921875000e+01 7.517907714843750000e+01 5.428131103515625000e+01
5.285858154296875000e+01 7.517297363281250000e+01 5.420104980468750000e+01
5.285455322265625000e+01 7.517065429687500000e+01 5.421600341796875000e+01
5.285229492187500000e+01 7.517303466796875000e+01 5.423022460937500000e+01
5.280279541015625000e+01 7.512982177734375000e+01 5.419775390625000000e+01
5.274639892578125000e+01 7.508105468750000000e+01 5.419537353515625000e+01
5.267456054687500000e+01 7.500903320312500000e+01 5.413458251953125000e+01
5.273016357421875000e+01 7.505926513671875000e+01 5.419268798828125000e+01
5.269177246093750000e+01 7.502081298828125000e+01 5.412060546875000000e+01
5.263922119140625000e+01 7.495281982421875000e+01 5.405755615234375000e+01
5.244482421875000000e+01 7.462475585937500000e+01 5.383288574218750000e+01
5.220825195312500000e+01 7.451153564453125000e+01 5.369421386718750000e+01
5.215692138671875000e+01 7.443951416015625000e+01 5.358752441406250000e+01
5.212512207031250000e+01 7.437066650390625000e+01 5.355224609375000000e+01
5.223480224609375000e+01 7.443444824218750000e+01 5.379138183593750000e+01
5.221203613281250000e+01 7.450622558593750000e+01 5.375201416015625000e+01
5.220983886718750000e+01 7.452508544921875000e+01 5.382452392578125000e+01
5.227593994140625000e+01 7.460076904296875000e+01 5.378375244140625000e+01
5.237567138671875000e+01 7.472198486328125000e+01 5.390643310546875000e+01
5.251452636718750000e+01 7.487365722656250000e+01 5.410028076171875000e+01
5.258917236328125000e+01 7.492218017578125000e+01 5.412475585937500000e+01
5.265545654296875000e+01 7.502294921875000000e+01 5.429467773437500000e+01
5.273205566406250000e+01 7.511553955078125000e+01 5.429986572265625000e+01
5.269055175781250000e+01 7.511749267578125000e+01 5.441717529296875000e+01
5.272637939453125000e+01 7.524066162109375000e+01 5.456030273437500000e+01
5.277362060546875000e+01 7.526733398437500000e+01 5.450982666015625000e+01
5.285754394531250000e+01 7.532751464843750000e+01 5.464575195312500000e+01
5.286614990234375000e+01 7.531506347656250000e+01 5.464746093750000000e+01
5.288714599609375000e+01 7.530078125000000000e+01 5.455346679687500000e+01
5.286010742187500000e+01 7.525573730468750000e+01 5.450854492187500000e+01
5.276635742187500000e+01 7.513116455078125000e+01 5.447442626953125000e+01
5.265313720703125000e+01 7.504895019531250000e+01 5.439141845703125000e+01
5.255993652343750000e+01 7.502313232421875000e+01 5.436840820312500000e+01
5.242938232421875000e+01 7.495025634765625000e+01 5.424035644531250000e+01
5.237145996093750000e+01 7.487823486328125000e+01 5.419616699218750000e+01
5.237884521484375000e+01 7.487713623046875000e+01 5.419805908203125000e+01
5.224377441406250000e+01 7.491546630859375000e+01 5.420043945312500000e+01
5.234771728515625000e+01 7.506231689453125000e+01 5.438665771484375000e+01
5.231555175781250000e+01 7.501513671875000000e+01 5.435260009765625000e+01
5.220159912109375000e+01 7.493151855468750000e+01 5.427990722656250000e+01
5.231427001953125000e+01 7.497601318359375000e+01 5.440447998046875000e+01
5.236511230468750000e+01 7.502465820312500000e+01 5.452099609375000000e+01
5.220404052734375000e+01 7.482617187500000000e+01 5.423388671875000000e+01
5.199426269531250000e+01 7.452716064453125000e+01 5.397705078125000000e+01
5.114202880859375000e+01 7.344567871093750000e+01 5.281188964843750000e+01
4.987017822265625000e+01 7.201800537109375000e+01 5.112884521484375000e+01
4.884637451171875000e+01 7.096789550781250000e+01 4.998889160156250000e+01
4.850280761718750000e+01 7.051037597656250000e+01 4.961364746093750000e+01
4.862335205078125000e+01 7.070281982421875000e+01 4.978259277343750000e+01
4.882067871093750000e+01 7.100408935546875000e+01 5.011749267578125000e+01
4.850390625000000000e+01 7.089135742187500000e+01 5.029370117187500000e+01
4.802282714843750000e+01 7.077215576171875000e+01 5.045233154296875000e+01
4.782214355468750000e+01 7.100701904296875000e+01 5.109771728515625000e+01
4.772540283203125000e+01 7.083197021484375000e+01 5.102740478515625000e+01
4.734759521484375000e+01 7.029650878906250000e+01 5.045520019531250000e+01
4.743121337890625000e+01 7.037347412109375000e+01 5.064245605468750000e+01
4.743884277343750000e+01 7.037805175781250000e+01 5.068701171875000000e+01
4.725335693359375000e+01 7.014575195312500000e+01 5.021887207031250000e+01
4.730010986328125000e+01 7.026580810546875000e+01 5.036102294921875000e+01
4.740423583984375000e+01 7.049847412109375000e+01 5.067510986328125000e+01
4.746545410156250000e+01 7.053881835937500000e+01 5.057366943359375000e+01
4.716888427734375000e+01 7.026873779296875000e+01 5.034155273437500000e+01
4.684356689453125000e+01 6.993505859375000000e+01 4.986096191406250000e+01
4.674401855468750000e+01 6.975799560546875000e+01 4.961871337890625000e+01
4.670989990234375000e+01 6.973645019531250000e+01 4.954144287109375000e+01
4.676947021484375000e+01 6.989196777343750000e+01 4.987847900390625000e+01
4.665625000000000000e+01 6.993188476562500000e+01 5.008074951171875000e+01
4.662878417968750000e+01 6.990173339843750000e+01 5.015142822265625000e+01
4.656457519531250000e+01 6.990191650390625000e+01 4.995135498046875000e+01
4.655517578125000000e+01 7.007281494140625000e+01 5.008862304687500000e+01
4.651867675781250000e+01 7.021081542968750000e+01 5.024926757812500000e+01
4.657446289062500000e+01 7.020782470703125000e+01 5.032525634765625000e+01
4.659283447265625000e+01 7.026586914062500000e+01 5.029144287109375000e+01
4.649139404296875000e+01 7.035943603515625000e+01 5.026983642578125000e+01
4.654492187500000000e+01 7.041046142578125000e+01 5.042687988281250000e+01
4.668914794921875000e+01 7.047509765625000000e+01 5.051635742187500000e+01
4.676751708984375000e+01 7.062207031250000000e+01 5.067523193359375000e+01
4.677801513671875000e+01 7.073535156250000000e+01 5.082940673828125000e+01
4.674578857421875000e+01 7.083221435546875000e+01 5.086291503906250000e+01
4.694366455078125000e+01 7.102014160156250000e+01 5.093634033203125000e+01
4.682257080078125000e+01 7.136938476562500000e+01 5.120410156250000000e+01
4.682928466796875000e+01 7.147314453125000000e+01 5.137139892578125000e+01
4.679644775390625000e+01 7.172161865234375000e+01 5.162670898437500000e+01
4.681018066406250000e+01 7.182446289062500000e+01 5.183557128906250000e+01
4.684649658203125000e+01 7.177728271484375000e+01 5.182135009765625000e+01
4.703894042968750000e+01 7.167340087890625000e+01 5.198535156250000000e+01
4.695330810546875000e+01 7.170794677734375000e+01 5.167791748046875000e+01
4.696496582031250000e+01 7.172973632812500000e+01 5.174334716796875000e+01
4.686608886718750000e+01 7.169134521484375000e+01 5.168328857421875000e+01
4.689434814453125000e+01 7.183239746093750000e+01 5.189868164062500000e+01
4.695062255859375000e+01 7.190563964843750000e+01 5.210662841796875000e+01
4.704577636718750000e+01 7.191278076171875000e+01 5.208880615234375000e+01
4.699749755859375000e+01 7.207922363281250000e+01 5.223028564453125000e+01
4.704351806640625000e+01 7.211663818359375000e+01 5.238317871093750000e+01
4.704931640625000000e+01 7.203161621093750000e+01 5.223962402343750000e+01
4.704034423828125000e+01 7.189880371093750000e+01 5.212854003906250000e+01
4.687200927734375000e+01 7.185467529296875000e+01 5.194378662109375000e+01
4.685437011718750000e+01 7.178900146484375000e+01 5.180847167968750000e+01
4.689141845703125000e+01 7.175939941406250000e+01 5.185565185546875000e+01
4.679266357421875000e+01 7.169879150390625000e+01 5.189422607421875000e+01
4.673712158203125000e+01 7.161047363281250000e+01 5.195269775390625000e+01
4.672729492187500000e+01 7.169213867187500000e+01 5.202288818359375000e+01
4.684521484375000000e+01 7.177258300781250000e+01 5.206713867187500000e+01
4.676745605468750000e+01 7.167614746093750000e+01 5.199639892578125000e+01
4.671252441406250000e+01 7.174987792968750000e+01 5.216674804687500000e+01
4.681591796875000000e+01 7.189904785156250000e+01 5.226226806640625000e+01
4.684844970703125000e+01 7.207360839843750000e+01 5.252746582031250000e+01
4.680261230468750000e+01 7.211566162109375000e+01 5.260247802734375000e+01
4.675213623046875000e+01 7.230877685546875000e+01 5.261047363281250000e+01
4.684185791015625000e+01 7.254180908203125000e+01 5.286993408203125000e+01
4.708813476562500000e+01 7.243768310546875000e+01 5.294201660156250000e+01
4.707666015625000000e+01 7.231481933593750000e+01 5.274700927734375000e+01
4.713452148437500000e+01 7.255157470703125000e+01 5.306518554687500000e+01
4.715472412109375000e+01 7.249243164062500000e+01 5.302545166015625000e+01
4.711840820312500000e+01 7.247821044921875000e+01 5.296411132812500000e+01
4.721368408203125000e+01 7.243737792968750000e+01 5.307373046875000000e+01
4.716198730468750000e+01 7.255822753906250000e+01 5.308154296875000000e+01
4.713525390625000000e+01 7.255419921875000000e+01 5.306188964843750000e+01
4.714367675781250000e+01 7.244329833984375000e+01 5.289428710937500000e+01
4.710937500000000000e+01 7.243835449218750000e+01 5.285852050781250000e+01
4.731982421875000000e+01 7.246923828125000000e+01 5.302532958984375000e+01
4.725042724609375000e+01 7.248217773437500000e+01 5.306854248046875000e+01
4.735620117187500000e+01 7.247521972656250000e+01 5.321112060546875000e+01
4.746423339843750000e+01 7.258331298828125000e+01 5.324267578125000000e+01
4.749243164062500000e+01 7.257659912109375000e+01 5.331817626953125000e+01
4.781445312500000000e+01 7.260296630859375000e+01 5.303961181640625000e+01
4.795574951171875000e+01 7.281939697265625000e+01 5.324414062500000000e+01
4.798736572265625000e+01 7.278784179687500000e+01 5.317309570312500000e+01
4.797460937500000000e+01 7.279986572265625000e+01 5.321087646484375000e+01
4.802154541015625000e+01 7.277264404296875000e+01 5.318157958984375000e+01
4.785461425781250000e+01 7.301379394531250000e+01 5.332214355468750000e+01
4.804071044921875000e+01 7.310247802734375000e+01 5.342059326171875000e+01
4.808721923828125000e+01 7.311828613281250000e+01 5.353991699218750000e+01
4.798950195312500000e+01 7.330364990234375000e+01 5.352124023437500000e+01
4.820605468750000000e+01 7.310974121093750000e+01 5.347283935546875000e+01
4.819165039062500000e+01 7.303796386718750000e+01 5.336767578125000000e+01
4.824591064453125000e+01 7.288708496093750000e+01 5.330157470703125000e+01
4.841625976562500000e+01 7.282818603515625000e+01 5.327801513671875000e+01
4.844946289062500000e+01 7.298138427734375000e+01 5.318218994140625000e+01
4.834338378906250000e+01 7.282055664062500000e+01 5.300305175781250000e+01
4.833673095703125000e+01 7.272174072265625000e+01 5.293066406250000000e+01
4.832104492187500000e+01 7.289172363281250000e+01 5.305249023437500000e+01
4.830230712890625000e+01 7.287176513671875000e+01 5.302642822265625000e+01
4.831860351562500000e+01 7.285839843750000000e+01 5.302392578125000000e+01
4.836468505859375000e+01 7.292749023437500000e+01 5.305444335937500000e+01
4.851739501953125000e+01 7.309924316406250000e+01 5.337689208984375000e+01
4.874096679687500000e+01 7.309332275390625000e+01 5.351379394531250000e+01
4.884527587890625000e+01 7.320184326171875000e+01 5.368511962890625000e+01
4.891827392578125000e+01 7.320367431640625000e+01 5.376147460937500000e+01
4.886517333984375000e+01 7.333197021484375000e+01 5.381970214843750000e+01
4.896667480468750000e+01 7.339398193359375000e+01 5.373895263671875000e+01
4.882324218750000000e+01 7.340209960937500000e+01 5.357641601562500000e+01
4.896295166015625000e+01 7.330194091796875000e+01 5.345733642578125000e+01
4.898590087890625000e+01 7.331774902343750000e+01 5.344000244140625000e+01
4.899041748046875000e+01 7.332977294921875000e+01 5.339270019531250000e+01
4.897076416015625000e+01 7.338897705078125000e+01 5.335211181640625000e+01
4.904260253906250000e+01 7.339721679687500000e+01 5.336926269531250000e+01
4.933483886718750000e+01 7.341198730468750000e+01 5.354663085937500000e+01
4.951116943359375000e+01 7.347723388671875000e+01 5.363690185546875000e+01
4.957574462890625000e+01 7.369335937500000000e+01 5.389019775390625000e+01
4.974176025390625000e+01 7.392846679687500000e+01 5.403100585937500000e+01
4.998181152343750000e+01 7.404321289062500000e+01 5.421557617187500000e+01
4.990783691406250000e+01 7.406701660156250000e+01 5.422198486328125000e+01
4.990649414062500000e+01 7.407196044921875000e+01 5.422192382812500000e+01
4.984136962890625000e+01 7.403680419921875000e+01 5.421508789062500000e+01
4.989166259765625000e+01 7.403149414062500000e+01 5.422753906250000000e+01
4.997619628906250000e+01 7.391308593750000000e+01 5.408764648437500000e+01
5.001123046875000000e+01 7.407794189453125000e+01 5.438757324218750000e+01
5.025317382812500000e+01 7.428173828125000000e+01 5.486108398437500000e+01
5.021691894531250000e+01 7.426470947265625000e+01 5.492858886718750000e+01
5.017871093750000000e+01 7.424188232421875000e+01 5.489532470703125000e+01
5.014996337890625000e+01 7.426489257812500000e+01 5.479821777343750000e+01
5.003906250000000000e+01 7.434863281250000000e+01 5.491680908203125000e+01
5.005914306640625000e+01 7.437225341796875000e+01 5.486071777343750000e+01
5.014514160156250000e+01 7.448754882812500000e+01 5.502337646484375000e+01
5.034100341796875000e+01 7.442797851562500000e+01 5.504907226562500000e+01
5.030596923828125000e+01 7.453894042968750000e+01 5.499572753906250000e+01
5.032519531250000000e+01 7.446966552734375000e+01 5.466491699218750000e+01
5.027667236328125000e+01 7.440698242187500000e+01 5.472766113281250000e+01
5.031317138671875000e+01 7.444812011718750000e+01 5.468701171875000000e+01
5.023516845703125000e+01 7.471319580078125000e+01 5.494799804687500000e+01
5.020440673828125000e+01 7.485937500000000000e+01 5.511315917968750000e+01
5.019769287109375000e+01 7.497119140625000000e+01 5.523553466796875000e+01
5.005004882812500000e+01 7.505346679687500000e+01 5.528143310546875000e+01
4.998382568359375000e+01 7.504620361328125000e+01 5.531628417968750000e+01
4.982391357421875000e+01 7.513525390625000000e+01 5.528869628906250000e+01
4.994219970703125000e+01 7.514916992187500000e+01 5.501000976562500000e+01
4.988916015625000000e+01 7.522686767578125000e+01 5.520080566406250000e+01
5.005639648437500000e+01 7.512506103515625000e+01 5.514855957031250000e+01
5.007849121093750000e+01 7.511212158203125000e+01 5.519934082031250000e+01
5.010803222656250000e+01 7.509515380859375000e+01 5.517517089843750000e+01
5.020104980468750000e+01 7.507800292968750000e+01 5.528375244140625000e+01
5.014593505859375000e+01 7.509405517578125000e+01 5.527288818359375000e+01
5.009582519531250000e+01 7.511920166015625000e+01 5.527008056640625000e+01
5.020465087890625000e+01 7.516412353515625000e+01 5.526293945312500000e+01
5.035510253906250000e+01 7.508508300781250000e+01 5.532385253906250000e+01
5.035382080078125000e+01 7.515893554687500000e+01 5.531811523437500000e+01
5.036340332031250000e+01 7.517095947265625000e+01 5.542449951171875000e+01
5.029504394531250000e+01 7.519305419921875000e+01 5.553930664062500000e+01
5.043005371093750000e+01 7.518957519531250000e+01 5.552569580078125000e+01
5.044146728515625000e+01 7.515551757812500000e+01 5.550225830078125000e+01
5.036218261718750000e+01 7.525463867187500000e+01 5.553106689453125000e+01
5.029870605468750000e+01 7.525256347656250000e+01 5.548620605468750000e+01
5.039971923828125000e+01 7.522613525390625000e+01 5.541925048828125000e+01
5.029473876953125000e+01 7.530297851562500000e+01 5.547924804687500000e+01
5.019897460937500000e+01 7.526104736328125000e+01 5.547644042968750000e+01
5.004809570312500000e+01 7.522424316406250000e+01 5.535632324218750000e+01
5.008428955078125000e+01 7.513610839843750000e+01 5.519683837890625000e+01
4.996905517578125000e+01 7.513732910156250000e+01 5.527276611328125000e+01
5.008074951171875000e+01 7.501873779296875000e+01 5.524395751953125000e+01
5.015301513671875000e+01 7.502502441406250000e+01 5.512255859375000000e+01
5.006567382812500000e+01 7.500933837890625000e+01 5.525793457031250000e+01
5.022473144531250000e+01 7.499621582031250000e+01 5.523303222656250000e+01
5.028063964843750000e+01 7.492071533203125000e+01 5.513885498046875000e+01
5.024145507812500000e+01 7.475445556640625000e+01 5.502160644531250000e+01
5.021984863281250000e+01 7.474188232421875000e+01 5.505383300781250000e+01
5.036279296875000000e+01 7.483862304687500000e+01 5.506512451171875000e+01
5.042205810546875000e+01 7.486706542968750000e+01 5.519396972656250000e+01
5.043920898437500000e+01 7.485485839843750000e+01 5.508557128906250000e+01
5.044921875000000000e+01 7.481256103515625000e+01 5.506372070312500000e+01
5.051562500000000000e+01 7.492364501953125000e+01 5.514721679687500000e+01
5.057263183593750000e+01 7.496966552734375000e+01 5.529040527343750000e+01
5.061578369140625000e+01 7.494171142578125000e+01 5.532666015625000000e+01
5.068853759765625000e+01 7.501550292968750000e+01 5.536547851562500000e+01
5.076690673828125000e+01 7.516577148437500000e+01 5.555456542968750000e+01
5.091278076171875000e+01 7.521789550781250000e+01 5.559619140625000000e+01
5.092889404296875000e+01 7.523040771484375000e+01 5.552593994140625000e+01
5.083972167968750000e+01 7.521002197265625000e+01 5.543115234375000000e+01
5.069934082031250000e+01 7.544226074218750000e+01 5.561444091796875000e+01
5.078271484375000000e+01 7.526171875000000000e+01 5.556127929687500000e+01
5.078125000000000000e+01 7.522509765625000000e+01 5.524023437500000000e+01
5.102398681640625000e+01 7.508551025390625000e+01 5.513696289062500000e+01
5.113714599609375000e+01 7.515020751953125000e+01 5.504779052734375000e+01
5.108807373046875000e+01 7.526800537109375000e+01 5.512341308593750000e+01
5.122283935546875000e+01 7.525469970703125000e+01 5.519482421875000000e+01
5.119628906250000000e+01 7.521044921875000000e+01 5.521716308593750000e+01
5.115551757812500000e+01 7.511206054687500000e+01 5.516540527343750000e+01
5.103100585937500000e+01 7.522943115234375000e+01 5.555157470703125000e+01
5.124609375000000000e+01 7.522705078125000000e+01 5.540826416015625000e+01
5.102026367187500000e+01 7.538824462890625000e+01 5.540649414062500000e+01
5.101000976562500000e+01 7.543688964843750000e+01 5.560144042968750000e+01
5.105816650390625000e+01 7.545025634765625000e+01 5.572412109375000000e+01
5.106365966796875000e+01 7.546697998046875000e+01 5.580718994140625000e+01
5.109301757812500000e+01 7.548583984375000000e+01 5.568090820312500000e+01
5.118774414062500000e+01 7.544335937500000000e+01 5.575695800781250000e+01
5.125231933593750000e+01 7.541656494140625000e+01 5.564819335937500000e+01
5.120416259765625000e+01 7.542138671875000000e+01 5.555603027343750000e+01
5.119360351562500000e+01 7.538330078125000000e+01 5.564550781250000000e+01
5.116070556640625000e+01 7.541467285156250000e+01 5.566900634765625000e+01
5.115643310546875000e+01 7.547113037109375000e+01 5.554852294921875000e+01
5.120263671875000000e+01 7.554125976562500000e+01 5.562390136718750000e+01
5.130236816406250000e+01 7.563159179687500000e+01 5.554040527343750000e+01
5.131610107421875000e+01 7.564605712890625000e+01 5.563641357421875000e+01
5.116296386718750000e+01 7.552661132812500000e+01 5.536248779296875000e+01
5.114196777343750000e+01 7.542004394531250000e+01 5.534454345703125000e+01
5.113848876953125000e+01 7.540197753906250000e+01 5.543695068359375000e+01
5.115093994140625000e+01 7.543817138671875000e+01 5.550823974609375000e+01
5.116595458984375000e+01 7.547961425781250000e+01 5.563665771484375000e+01
5.122009277343750000e+01 7.557507324218750000e+01 5.577203369140625000e+01
5.133221435546875000e+01 7.552459716796875000e+01 5.572674560546875000e+01
5.142846679687500000e+01 7.554211425781250000e+01 5.560253906250000000e+01
5.136254882812500000e+01 7.564306640625000000e+01 5.543896484375000000e+01
5.154846191406250000e+01 7.562707519531250000e+01 5.555590820312500000e+01
5.138757324218750000e+01 7.576654052734375000e+01 5.553118896484375000e+01
5.136572265625000000e+01 7.573681640625000000e+01 5.558819580078125000e+01
5.143493652343750000e+01 7.570257568359375000e+01 5.554510498046875000e+01
5.150695800781250000e+01 7.566265869140625000e+01 5.558776855468750000e+01
5.152966308593750000e+01 7.565338134765625000e+01 5.559368896484375000e+01
5.142968750000000000e+01 7.564965820312500000e+01 5.559283447265625000e+01
5.147601318359375000e+01 7.572326660156250000e+01 5.572863769531250000e+01
5.146398925781250000e+01 7.574810791015625000e+01 5.571905517578125000e+01
5.128698730468750000e+01 7.586950683593750000e+01 5.583245849609375000e+01
5.132220458984375000e+01 7.597778320312500000e+01 5.626721191406250000e+01
5.132983398437500000e+01 7.604748535156250000e+01 5.631433105468750000e+01
5.132562255859375000e+01 7.611639404296875000e+01 5.639880371093750000e+01
5.134735107421875000e+01 7.606134033203125000e+01 5.625738525390625000e+01
5.141235351562500000e+01 7.614422607421875000e+01 5.637774658203125000e+01
5.150769042968750000e+01 7.629132080078125000e+01 5.647088623046875000e+01
5.151983642578125000e+01 7.635961914062500000e+01 5.654418945312500000e+01
5.145922851562500000e+01 7.655291748046875000e+01 5.655603027343750000e+01
5.149481201171875000e+01 7.667340087890625000e+01 5.697015380859375000e+01
5.151867675781250000e+01 7.668316650390625000e+01 5.706243896484375000e+01
5.157110595703125000e+01 7.673034667968750000e+01 5.700018310546875000e+01
5.161346435546875000e+01 7.678552246093750000e+01 5.703289794921875000e+01
5.161608886718750000e+01 7.674804687500000000e+01 5.701477050781250000e+01
5.158129882812500000e+01 7.676757812500000000e+01 5.688085937500000000e+01
5.162640380859375000e+01 7.675817871093750000e+01 5.679699707031250000e+01
5.171105957031250000e+01 7.672674560546875000e+01 5.678112792968750000e+01
5.169183349609375000e+01 7.679205322265625000e+01 5.673052978515625000e+01
5.174713134765625000e+01 7.683709716796875000e+01 5.679010009765625000e+01
5.183215332031250000e+01 7.691839599609375000e+01 5.688500976562500000e+01
5.173211669921875000e+01 7.703094482421875000e+01 5.699963378906250000e+01
5.166644287109375000e+01 7.712280273437500000e+01 5.708294677734375000e+01
5.161956787109375000e+01 7.714691162109375000e+01 5.707977294921875000e+01
5.166772460937500000e+01 7.709466552734375000e+01 5.715966796875000000e+01
5.160992431640625000e+01 7.700372314453125000e+01 5.710089111328125000e+01
5.158239746093750000e+01 7.697515869140625000e+01 5.706250000000000000e+01
5.166455078125000000e+01 7.695770263671875000e+01 5.713854980468750000e+01
5.157244873046875000e+01 7.680242919921875000e+01 5.690704345703125000e+01
5.158831787109375000e+01 7.681201171875000000e+01 5.695080566406250000e+01
5.162915039062500000e+01 7.668939208984375000e+01 5.672363281250000000e+01
5.158123779296875000e+01 7.665496826171875000e+01 5.670568847656250000e+01
5.154040527343750000e+01 7.663653564453125000e+01 5.668670654296875000e+01
5.156939697265625000e+01 7.652410888671875000e+01 5.650897216796875000e+01
5.152600097656250000e+01 7.628387451171875000e+01 5.635113525390625000e+01
5.152178955078125000e+01 7.613287353515625000e+01 5.627856445312500000e+01
5.132104492187500000e+01 7.605053710937500000e+01 5.595880126953125000e+01
5.121282958984375000e+01 7.605792236328125000e+01 5.603436279296875000e+01
5.118634033203125000e+01 7.610736083984375000e+01 5.620300292968750000e+01
5.118005371093750000e+01 7.603179931640625000e+01 5.603979492187500000e+01
5.093627929687500000e+01 7.536822509765625000e+01 5.528625488281250000e+01
5.037530517578125000e+01 7.453259277343750000e+01 5.454809570312500000e+01
5.000048828125000000e+01 7.403509521484375000e+01 5.412567138671875000e+01
4.982464599609375000e+01 7.357098388671875000e+01 5.364239501953125000e+01
4.945764160156250000e+01 7.316198730468750000e+01 5.324133300781250000e+01
4.944390869140625000e+01 7.301727294921875000e+01 5.310852050781250000e+01
4.933276367187500000e+01 7.295111083984375000e+01 5.302178955078125000e+01
4.935186767578125000e+01 7.290728759765625000e+01 5.299230957031250000e+01
4.924414062500000000e+01 7.279345703125000000e+01 5.297753906250000000e+01
4.913769531250000000e+01 7.264801025390625000e+01 5.292260742187500000e+01
4.887353515625000000e+01 7.220825195312500000e+01 5.262182617187500000e+01
4.856866455078125000e+01 7.191076660156250000e+01 5.218267822265625000e+01
4.842150878906250000e+01 7.179229736328125000e+01 5.197351074218750000e+01
4.826489257812500000e+01 7.159259033203125000e+01 5.171490478515625000e+01
4.791601562500000000e+01 7.127178955078125000e+01 5.142810058593750000e+01
4.773004150390625000e+01 7.114886474609375000e+01 5.138305664062500000e+01
4.758441162109375000e+01 7.100964355468750000e+01 5.114324951171875000e+01
4.688043212890625000e+01 7.030358886718750000e+01 5.040179443359375000e+01
4.644934082031250000e+01 6.988049316406250000e+01 4.998107910156250000e+01
4.643975830078125000e+01 6.989721679687500000e+01 4.993627929687500000e+01
4.650933837890625000e+01 6.990625000000000000e+01 5.008074951171875000e+01
4.639074707031250000e+01 6.983233642578125000e+01 4.983673095703125000e+01
4.635803222656250000e+01 6.972406005859375000e+01 4.953106689453125000e+01
4.637109375000000000e+01 6.971661376953125000e+01 4.964813232421875000e+01
4.636071777343750000e+01 6.966058349609375000e+01 4.966876220703125000e+01
4.616857910156250000e+01 6.944409179687500000e+01 4.929058837890625000e+01
4.620880126953125000e+01 6.928985595703125000e+01 4.912377929687500000e+01
4.607653808593750000e+01 6.916741943359375000e+01 4.895361328125000000e+01
4.615924072265625000e+01 6.915631103515625000e+01 4.890563964843750000e+01
4.604821777343750000e+01 6.905267333984375000e+01 4.880670166015625000e+01
4.607312011718750000e+01 6.914306640625000000e+01 4.889056396484375000e+01
4.606066894531250000e+01 6.921948242187500000e+01 4.902551269531250000e+01
4.614282226562500000e+01 6.930407714843750000e+01 4.902136230468750000e+01
4.623376464843750000e+01 6.934619140625000000e+01 4.912756347656250000e+01
4.622625732421875000e+01 6.940869140625000000e+01 4.918664550781250000e+01
4.631396484375000000e+01 6.948492431640625000e+01 4.925708007812500000e+01
4.626123046875000000e+01 6.942974853515625000e+01 4.914361572265625000e+01
4.632495117187500000e+01 6.948870849609375000e+01 4.915850830078125000e+01
4.616369628906250000e+01 6.949658203125000000e+01 4.930157470703125000e+01
4.624169921875000000e+01 6.946771240234375000e+01 4.928625488281250000e+01
4.629467773437500000e+01 6.952062988281250000e+01 4.926629638671875000e+01
4.639581298828125000e+01 6.957806396484375000e+01 4.936590576171875000e+01
4.656903076171875000e+01 6.959899902343750000e+01 4.934576416015625000e+01
4.654742431640625000e+01 6.968402099609375000e+01 4.946606445312500000e+01
4.654205322265625000e+01 6.966967773437500000e+01 4.947003173828125000e+01
4.658386230468750000e+01 6.971301269531250000e+01 4.954101562500000000e+01
4.655358886718750000e+01 6.974554443359375000e+01 4.947039794921875000e+01
4.666168212890625000e+01 6.984002685546875000e+01 4.956915283203125000e+01
4.667181396484375000e+01 6.983947753906250000e+01 4.946630859375000000e+01
4.659527587890625000e+01 6.979162597656250000e+01 4.946289062500000000e+01
4.661273193359375000e+01 6.978198242187500000e+01 4.936334228515625000e+01
4.666931152343750000e+01 6.980792236328125000e+01 4.951104736328125000e+01
4.675793457031250000e+01 6.989038085937500000e+01 4.970269775390625000e+01
4.678875732421875000e+01 6.996984863281250000e+01 4.968353271484375000e+01
4.679504394531250000e+01 6.994763183593750000e+01 4.962695312500000000e+01
4.675665283203125000e+01 6.993298339843750000e+01 4.960833740234375000e+01
4.675543212890625000e+01 6.994812011718750000e+01 4.969720458984375000e+01
4.675500488281250000e+01 6.997442626953125000e+01 4.970562744140625000e+01
4.674761962890625000e+01 6.998541259765625000e+01 4.970446777343750000e+01
4.680126953125000000e+01 7.005151367187500000e+01 4.982836914062500000e+01
4.673522949218750000e+01 7.000140380859375000e+01 4.987078857421875000e+01
4.674749755859375000e+01 6.997070312500000000e+01 4.983197021484375000e+01
4.675946044921875000e+01 6.995532226562500000e+01 4.983386230468750000e+01
4.677758789062500000e+01 6.995996093750000000e+01 4.966003417968750000e+01
4.678521728515625000e+01 6.994165039062500000e+01 4.965270996093750000e+01
4.665307617187500000e+01 6.983801269531250000e+01 4.932458496093750000e+01
4.659954833984375000e+01 6.976434326171875000e+01 4.933483886718750000e+01
4.655474853515625000e+01 6.978753662109375000e+01 4.927239990234375000e+01
4.665106201171875000e+01 6.984600830078125000e+01 4.951672363281250000e+01
4.666210937500000000e+01 6.985571289062500000e+01 4.958929443359375000e+01
4.667498779296875000e+01 6.988275146484375000e+01 4.961376953125000000e+01
4.680187988281250000e+01 7.002124023437500000e+01 4.975036621093750000e+01
4.696508789062500000e+01 7.017987060546875000e+01 5.009014892578125000e+01
4.714691162109375000e+01 7.032696533203125000e+01 5.031781005859375000e+01
4.716308593750000000e+01 7.036480712890625000e+01 5.032141113281250000e+01
4.715576171875000000e+01 7.035552978515625000e+01 5.011364746093750000e+01
4.714562988281250000e+01 7.029992675781250000e+01 4.991894531250000000e+01
4.718322753906250000e+01 7.031414794921875000e+01 4.992517089843750000e+01
4.712762451171875000e+01 7.028619384765625000e+01 4.985388183593750000e+01
4.713220214843750000e+01 7.031085205078125000e+01 4.979711914062500000e+01
4.714819335937500000e+01 7.032318115234375000e+01 4.980865478515625000e+01
4.713177490234375000e+01 7.032183837890625000e+01 5.002734375000000000e+01
4.715625000000000000e+01 7.033880615234375000e+01 5.016333007812500000e+01
4.718511962890625000e+01 7.036047363281250000e+01 5.016046142578125000e+01
4.720843505859375000e+01 7.036492919921875000e+01 5.016265869140625000e+01
4.715368652343750000e+01 7.037835693359375000e+01 5.022424316406250000e+01
4.717779541015625000e+01 7.043798828125000000e+01 5.018237304687500000e+01
4.708477783203125000e+01 7.059045410156250000e+01 5.040325927734375000e+01
4.713208007812500000e+01 7.075897216796875000e+01 5.061016845703125000e+01
4.730688476562500000e+01 7.081890869140625000e+01 5.068206787109375000e+01
4.718792724609375000e+01 7.088128662109375000e+01 5.079760742187500000e+01
4.743457031250000000e+01 7.096325683593750000e+01 5.092071533203125000e+01
4.741595458984375000e+01 7.105230712890625000e+01 5.089343261718750000e+01
4.742126464843750000e+01 7.091833496093750000e+01 5.062420654296875000e+01
4.742578125000000000e+01 7.091406250000000000e+01 5.065112304687500000e+01
4.737707519531250000e+01 7.102185058593750000e+01 5.084228515625000000e+01
4.751605224609375000e+01 7.105627441406250000e+01 5.105621337890625000e+01
4.762414550781250000e+01 7.121374511718750000e+01 5.120495605468750000e+01
4.771447753906250000e+01 7.153686523437500000e+01 5.164160156250000000e+01
4.768695068359375000e+01 7.156219482421875000e+01 5.172479248046875000e+01
4.770831298828125000e+01 7.166467285156250000e+01 5.177124023437500000e+01
4.776043701171875000e+01 7.166162109375000000e+01 5.167193603515625000e+01
4.765655517578125000e+01 7.169555664062500000e+01 5.183496093750000000e+01
4.764654541015625000e+01 7.164215087890625000e+01 5.185070800781250000e+01
4.760028076171875000e+01 7.168542480468750000e+01 5.193170166015625000e+01
4.760089111328125000e+01 7.161907958984375000e+01 5.167077636718750000e+01
4.761499023437500000e+01 7.153082275390625000e+01 5.160522460937500000e+01
4.768664550781250000e+01 7.149066162109375000e+01 5.169470214843750000e+01
4.766760253906250000e+01 7.142034912109375000e+01 5.154467773437500000e+01
4.761401367187500000e+01 7.141241455078125000e+01 5.135766601562500000e+01
4.757354736328125000e+01 7.137091064453125000e+01 5.122387695312500000e+01
4.759326171875000000e+01 7.120147705078125000e+01 5.101873779296875000e+01
4.762927246093750000e+01 7.109875488281250000e+01 5.110046386718750000e+01
4.754718017578125000e+01 7.107330322265625000e+01 5.091027832031250000e+01
4.748449707031250000e+01 7.097589111328125000e+01 5.116241455078125000e+01
4.760858154296875000e+01 7.103625488281250000e+01 5.116467285156250000e+01
4.770458984375000000e+01 7.116387939453125000e+01 5.165277099609375000e+01
4.778527832031250000e+01 7.126153564453125000e+01 5.165924072265625000e+01
4.780999755859375000e+01 7.133221435546875000e+01 5.153375244140625000e+01
4.799798583984375000e+01 7.145928955078125000e+01 5.177313232421875000e+01
4.829895019531250000e+01 7.167858886718750000e+01 5.197454833984375000e+01
4.855206298828125000e+01 7.198394775390625000e+01 5.242749023437500000e+01
4.839886474609375000e+01 7.221350097656250000e+01 5.271130371093750000e+01
4.860742187500000000e+01 7.223608398437500000e+01 5.293084716796875000e+01
4.871008300781250000e+01 7.234197998046875000e+01 5.304711914062500000e+01
4.871044921875000000e+01 7.236029052734375000e+01 5.301177978515625000e+01
4.868414306640625000e+01 7.245635986328125000e+01 5.285217285156250000e+01
4.854815673828125000e+01 7.237536621093750000e+01 5.268041992187500000e+01
4.839971923828125000e+01 7.242779541015625000e+01 5.269873046875000000e+01
4.856555175781250000e+01 7.251147460937500000e+01 5.293798828125000000e+01
4.856793212890625000e+01 7.256970214843750000e+01 5.296343994140625000e+01
4.833361816406250000e+01 7.262042236328125000e+01 5.273913574218750000e+01
4.826654052734375000e+01 7.259985351562500000e+01 5.288739013671875000e+01
4.821697998046875000e+01 7.261206054687500000e+01 5.282733154296875000e+01
4.825329589843750000e+01 7.259991455078125000e+01 5.289379882812500000e+01
4.818658447265625000e+01 7.258050537109375000e+01 5.295153808593750000e+01
4.822021484375000000e+01 7.269622802734375000e+01 5.336694335937500000e+01
4.823400878906250000e+01 7.278546142578125000e+01 5.348785400390625000e+01
4.829333496093750000e+01 7.288183593750000000e+01 5.354199218750000000e+01
4.821130371093750000e+01 7.306451416015625000e+01 5.362408447265625000e+01
4.797650146484375000e+01 7.338275146484375000e+01 5.383190917968750000e+01
4.786010742187500000e+01 7.356134033203125000e+01 5.396441650390625000e+01
4.794525146484375000e+01 7.372851562500000000e+01 5.418029785156250000e+01
4.770831298828125000e+01 7.395092773437500000e+01 5.435870361328125000e+01
4.766607666015625000e+01 7.387420654296875000e+01 5.433154296875000000e+01
4.759698486328125000e+01 7.388696289062500000e+01 5.433770751953125000e+01
4.763275146484375000e+01 7.384344482421875000e+01 5.425054931640625000e+01
4.774963378906250000e+01 7.376782226562500000e+01 5.419335937500000000e+01
4.787005615234375000e+01 7.364965820312500000e+01 5.419726562500000000e+01
4.792584228515625000e+01 7.361895751953125000e+01 5.417315673828125000e+01
4.783892822265625000e+01 7.343096923828125000e+01 5.394036865234375000e+01
4.781372070312500000e+01 7.342309570312500000e+01 5.371240234375000000e+01
4.792871093750000000e+01 7.346130371093750000e+01 5.375915527343750000e+01
4.794964599609375000e+01 7.338952636718750000e+01 5.370629882812500000e+01
4.802124023437500000e+01 7.330419921875000000e+01 5.377032470703125000e+01
4.818365478515625000e+01 7.327178955078125000e+01 5.346459960937500000e+01
