1.554648437500000000e+02 0.000000000000000000e+00 0.000000000000000000e+00
1.557961425781250000e+02 0.000000000000000000e+00 0.000000000000000000e+00
1.557403564453125000e+02 0.000000000000000000e+00 0.000000000000000000e+00
1.511284179687500000e+02 0.000000000000000000e+00 0.000000000000000000e+00
1.485550537109375000e+02 0.000000000000000000e+00 0.000000000000000000e+00
1.472199096679687500e+02 0.000000000000000000e+00 0.000000000000000000e+00
1.458864135742187500e+02 0.000000000000000000e+00 0.000000000000000000e+00
1.451823730468750000e+02 0.000000000000000000e+00 0.000000000000000000e+00
1.448386230468750000e+02 0.000000000000000000e+00 0.000000000000000000e+00
1.445394287109375000e+02 0.000000000000000000e+00 0.000000000000000000e+00
1.446911010742187500e+02 0.000000000000000000e+00 0.000000000000000000e+00
1.447586059570312500e+02 0.000000000000000000e+00 0.000000000000000000e+00
1.451300048828125000e+02 0.000000000000000000e+00 0.000000000000000000e+00
1.454118041992187500e+02 0.000000000000000000e+00 0.000000000000000000e+00
1.453282470703125000e+02 0.000000000000000000e+00 0.000000000000000000e+00
1.451140747070312500e+02 0.000000000000000000e+00 0.000000000000000000e+00
1.449895629882812500e+02 0.000000000000000000e+00 0.000000000000000000e+00
1.448850708007812500e+02 0.000000000000000000e+00 0.000000000000000000e+00
1.449197998046875000e+02 0.000000000000000000e+00 0.000000000000000000e+00
1.450299072265625000e+02 0.000000000000000000e+00 0.000000000000000000e+00
1.450641479492187500e+02 0.000000000000000000e+00 0.000000000000000000e+00
1.452827758789062500e+02 0.000000000000000000e+00 0.000000000000000000e+00
1.454338378906250000e+02 0.000000000000000000e+00 0.000000000000000000e+00
1.457732543945312500e+02 0.000000000000000000e+00 0.000000000000000000e+00
1.462244873046875000e+02 0.000000000000000000e+00 0.000000000000000000e+00
1.466914672851562500e+02 0.000000000000000000e+00 0.000000000000000000e+00
1.470485229492187500e+02 0.000000000000000000e+00 0.000000000000000000e+00
1.477904663085937500e+02 0.000000000000000000e+00 0.000000000000000000e+00
1.483434448242187500e+02 0.000000000000000000e+00 0.000000000000000000e+00
1.489182128906250000e+02 0.000000000000000000e+00 0.000000000000000000e+00
1.494760742187500000e+02 0.000000000000000000e+00 0.000000000000000000e+00
1.500361328125000000e+02 0.000000000000000000e+00 0.000000000000000000e+00
1.501642456054687500e+02 0.000000000000000000e+00 0.000000000000000000e+00
1.505953369140625000e+02 0.000000000000000000e+00 0.000000000000000000e+00
1.509547119140625000e+02 0.000000000000000000e+00 0.000000000000000000e+00
1.511994628906250000e+02 0.000000000000000000e+00 0.000000000000000000e+00
1.516561889648437500e+02 0.000000000000000000e+00 0.000000000000000000e+00
1.520467529296875000e+02 0.000000000000000000e+00 0.000000000000000000e+00
1.517753295898437500e+02 0.000000000000000000e+00 0.000000000000000000e+00
1.488652954101562500e+02 0.000000000000000000e+00 0.000000000000000000e+00
1.469112548828125000e+02 0.000000000000000000e+00 0.000000000000000000e+00
1.463159790039062500e+02 0.000000000000000000e+00 0.000000000000000000e+00
1.458548583984375000e+02 0.000000000000000000e+00 0.000000000000000000e+00
1.458533325195312500e+02 0.000000000000000000e+00 0.000000000000000000e+00
1.460480346679687500e+02 0.000000000000000000e+00 0.000000000000000000e+00
1.462017822265625000e+02 0.000000000000000000e+00 0.000000000000000000e+00
1.462770385742187500e+02 0.000000000000000000e+00 0.000000000000000000e+00
1.465070800781250000e+02 0.000000000000000000e+00 0.000000000000000000e+00
1.468184204101562500e+02 0.000000000000000000e+00 0.000000000000000000e+00
1.469180297851562500e+02 0.000000000000000000e+00 0.000000000000000000e+00
1.467772827148437500e+02 0.000000000000000000e+00 0.000000000000000000e+00
1.467000122070312500e+02 0.000000000000000000e+00 0.000000000000000000e+00
1.463482666015625000e+02 0.000000000000000000e+00 0.000000000000000000e+00
1.463073730468750000e+02 0.000000000000000000e+00 0.000000000000000000e+00
1.463598022460937500e+02 0.000000000000000000e+00 0.000000000000000000e+00
1.464779663085937500e+02 0.000000000000000000e+00 0.000000000000000000e+00
1.465256347656250000e+02 0.000000000000000000e+00 0.000000000000000000e+00
1.466375732421875000e+02 0.000000000000000000e+00 0.000000000000000000e+00
1.467415771484375000e+02 0.000000000000000000e+00 0.000000000000000000e+00
1.471663818359375000e+02 0.000000000000000000e+00 0.000000000000000000e+00
1.479346923828125000e+02 0.000000000000000000e+00 0.000000000000000000e+00
1.480044555664062500e+02 0.000000000000000000e+00 0.000000000000000000e+00
1.482503662109375000e+02 0.000000000000000000e+00 0.000000000000000000e+00
1.484267578125000000e+02 0.000000000000000000e+00 0.000000000000000000e+00
1.485356445312500000e+02 0.000000000000000000e+00 0.000000000000000000e+00
1.486101684570312500e+02 0.000000000000000000e+00 0.000000000000000000e+00
1.488937377929687500e+02 0.000000000000000000e+00 0.000000000000000000e+00
1.493547363281250000e+02 0.000000000000000000e+00 0.000000000000000000e+00
1.495220336914062500e+02 0.000000000000000000e+00 0.000000000000000000e+00
1.500507812500000000e+02 0.000000000000000000e+00 0.000000000000000000e+00
1.505813598632812500e+02 0.000000000000000000e+00 0.000000000000000000e+00
1.508836059570312500e+02 0.000000000000000000e+00 0.000000000000000000e+00
1.512687988281250000e+02 0.000000000000000000e+00 0.000000000000000000e+00
1.514442138671875000e+02 0.000000000000000000e+00 0.000000000000000000e+00
1.507288818359375000e+02 0.000000000000000000e+00 0.000000000000000000e+00
1.481957397460937500e+02 0.000000000000000000e+00 0.000000000000000000e+00
1.469351196289062500e+02 0.000000000000000000e+00 0.000000000000000000e+00
1.462465209960937500e+02 0.000000000000000000e+00 0.000000000000000000e+00
1.458387451171875000e+02 0.000000000000000000e+00 0.000000000000000000e+00
1.458894653320312500e+02 0.000000000000000000e+00 0.000000000000000000e+00
1.460537109375000000e+02 0.000000000000000000e+00 0.000000000000000000e+00
1.464940795898437500e+02 0.000000000000000000e+00 0.000000000000000000e+00
1.467942504882812500e+02 0.000000000000000000e+00 0.000000000000000000e+00
1.470437011718750000e+02 0.000000000000000000e+00 0.000000000000000000e+00
1.474486083984375000e+02 0.000000000000000000e+00 0.000000000000000000e+00
1.474851684570312500e+02 0.000000000000000000e+00 0.000000000000000000e+00
1.474005737304687500e+02 0.000000000000000000e+00 0.000000000000000000e+00
1.471220092773437500e+02 0.000000000000000000e+00 0.000000000000000000e+00
1.468188476562500000e+02 0.000000000000000000e+00 0.000000000000000000e+00
1.465847167968750000e+02 0.000000000000000000e+00 0.000000000000000000e+00
1.466141357421875000e+02 0.000000000000000000e+00 0.000000000000000000e+00
1.466969604492187500e+02 0.000000000000000000e+00 0.000000000000000000e+00
1.467885131835937500e+02 0.000000000000000000e+00 0.000000000000000000e+00
1.469519653320312500e+02 0.000000000000000000e+00 0.000000000000000000e+00
1.470725097656250000e+02 0.000000000000000000e+00 0.000000000000000000e+00
1.473776245117187500e+02 0.000000000000000000e+00 0.000000000000000000e+00
1.476727294921875000e+02 0.000000000000000000e+00 0.000000000000000000e+00
1.481397705078125000e+02 0.000000000000000000e+00 0.000000000000000000e+00
1.484586181640625000e+02 0.000000000000000000e+00 0.000000000000000000e+00
1.486882324218750000e+02 0.000000000000000000e+00 0.000000000000000000e+00
1.488469238281250000e+02 0.000000000000000000e+00 0.000000000000000000e+00
1.492401733398437500e+02 0.000000000000000000e+00 0.000000000000000000e+00
1.494313964843750000e+02 0.000000000000000000e+00 0.000000000000000000e+00
1.497445068359375000e+02 0.000000000000000000e+00 0.000000000000000000e+00
1.499671020507812500e+02 0.000000000000000000e+00 0.000000000000000000e+00
1.501298828125000000e+02 0.000000000000000000e+00 0.000000000000000000e+00
1.504158325195312500e+02 0.000000000000000000e+00 0.000000000000000000e+00
1.508443603515625000e+02 0.000000000000000000e+00 0.000000000000000000e+00
1.514019165039062500e+02 0.000000000000000000e+00 0.000000000000000000e+00
1.520831298828125000e+02 0.000000000000000000e+00 0.000000000000000000e+00
1.522611694335937500e+02 0.000000000000000000e+00 0.000000000000000000e+00
1.512888183593750000e+02 0.000000000000000000e+00 0.000000000000000000e+00
1.487492065429687500e+02 0.000000000000000000e+00 0.000000000000000000e+00
1.478263549804687500e+02 0.000000000000000000e+00 0.000000000000000000e+00
1.474035034179687500e+02 0.000000000000000000e+00 0.000000000000000000e+00
1.472373657226562500e+02 0.000000000000000000e+00 0.000000000000000000e+00
1.472715454101562500e+02 0.000000000000000000e+00 0.000000000000000000e+00
1.472246704101562500e+02 0.000000000000000000e+00 0.000000000000000000e+00
1.471701049804687500e+02 0.000000000000000000e+00 0.000000000000000000e+00
1.471622314453125000e+02 0.000000000000000000e+00 0.000000000000000000e+00
1.472089843750000000e+02 0.000000000000000000e+00 0.000000000000000000e+00
1.472160644531250000e+02 0.000000000000000000e+00 0.000000000000000000e+00
1.471990356445312500e+02 0.000000000000000000e+00 0.000000000000000000e+00
1.471921386718750000e+02 0.000000000000000000e+00 0.000000000000000000e+00
1.469375000000000000e+02 0.000000000000000000e+00 0.000000000000000000e+00
1.468336181640625000e+02 0.000000000000000000e+00 0.000000000000000000e+00
1.467733764648437500e+02 0.000000000000000000e+00 0.000000000000000000e+00
1.465255126953125000e+02 0.000000000000000000e+00 0.000000000000000000e+00
1.464755249023437500e+02 0.000000000000000000e+00 0.000000000000000000e+00
1.466514282226562500e+02 0.000000000000000000e+00 0.000000000000000000e+00
1.467705078125000000e+02 0.000000000000000000e+00 0.000000000000000000e+00
1.469359741210937500e+02 0.000000000000000000e+00 0.000000000000000000e+00
1.473544311523437500e+02 0.000000000000000000e+00 0.000000000000000000e+00
1.477789306640625000e+02 0.000000000000000000e+00 0.000000000000000000e+00
1.480963134765625000e+02 0.000000000000000000e+00 0.000000000000000000e+00
1.484068603515625000e+02 0.000000000000000000e+00 0.000000000000000000e+00
1.486851806640625000e+02 0.000000000000000000e+00 0.000000000000000000e+00
1.488569335937500000e+02 0.000000000000000000e+00 0.000000000000000000e+00
1.489312133789062500e+02 0.000000000000000000e+00 0.000000000000000000e+00
1.489598388671875000e+02 0.000000000000000000e+00 0.000000000000000000e+00
1.490399780273437500e+02 0.000000000000000000e+00 0.000000000000000000e+00
1.490707397460937500e+02 0.000000000000000000e+00 0.000000000000000000e+00
1.493952636718750000e+02 0.000000000000000000e+00 0.000000000000000000e+00
1.497421875000000000e+02 0.000000000000000000e+00 0.000000000000000000e+00
1.502722167968750000e+02 0.000000000000000000e+00 0.000000000000000000e+00
1.507417602539062500e+02 0.000000000000000000e+00 0.000000000000000000e+00
1.511193237304687500e+02 0.000000000000000000e+00 0.000000000000000000e+00
1.516204833984375000e+02 0.000000000000000000e+00 0.000000000000000000e+00
1.508591308593750000e+02 0.000000000000000000e+00 0.000000000000000000e+00
1.485880737304687500e+02 0.000000000000000000e+00 0.000000000000000000e+00
1.472679443359375000e+02 0.000000000000000000e+00 0.000000000000000000e+00
1.466785278320312500e+02 0.000000000000000000e+00 0.000000000000000000e+00
1.462681884765625000e+02 0.000000000000000000e+00 0.000000000000000000e+00
1.461622924804687500e+02 0.000000000000000000e+00 0.000000000000000000e+00
1.462033691406250000e+02 0.000000000000000000e+00 0.000000000000000000e+00
1.464115600585937500e+02 0.000000000000000000e+00 0.000000000000000000e+00
1.465130615234375000e+02 0.000000000000000000e+00 0.000000000000000000e+00
1.466941528320312500e+02 0.000000000000000000e+00 0.000000000000000000e+00
1.471278686523437500e+02 0.000000000000000000e+00 0.000000000000000000e+00
1.472583007812500000e+02 0.000000000000000000e+00 0.000000000000000000e+00
1.472252807617187500e+02 0.000000000000000000e+00 0.000000000000000000e+00
1.469940185546875000e+02 0.000000000000000000e+00 0.000000000000000000e+00
1.466891479492187500e+02 0.000000000000000000e+00 0.000000000000000000e+00
1.466286621093750000e+02 0.000000000000000000e+00 0.000000000000000000e+00
1.464686279296875000e+02 0.000000000000000000e+00 0.000000000000000000e+00
1.466184692382812500e+02 0.000000000000000000e+00 0.000000000000000000e+00
1.467362060546875000e+02 0.000000000000000000e+00 0.000000000000000000e+00
1.468488159179687500e+02 0.000000000000000000e+00 0.000000000000000000e+00
1.471488647460937500e+02 0.000000000000000000e+00 0.000000000000000000e+00
1.477279052734375000e+02 0.000000000000000000e+00 0.000000000000000000e+00
1.479566040039062500e+02 0.000000000000000000e+00 0.000000000000000000e+00
1.481508178710937500e+02 0.000000000000000000e+00 0.000000000000000000e+00
1.484489135742187500e+02 0.000000000000000000e+00 0.000000000000000000e+00
1.486282958984375000e+02 0.000000000000000000e+00 0.000000000000000000e+00
1.487804565429687500e+02 0.000000000000000000e+00 0.000000000000000000e+00
1.488054809570312500e+02 0.000000000000000000e+00 0.000000000000000000e+00
1.488837890625000000e+02 0.000000000000000000e+00 0.000000000000000000e+00
1.490863647460937500e+02 0.000000000000000000e+00 0.000000000000000000e+00
1.491704101562500000e+02 0.000000000000000000e+00 0.000000000000000000e+00
1.492852172851562500e+02 0.000000000000000000e+00 0.000000000000000000e+00
1.489096069335937500e+02 0.000000000000000000e+00 0.000000000000000000e+00
1.489635620117187500e+02 0.000000000000000000e+00 0.000000000000000000e+00
1.495224609375000000e+02 0.000000000000000000e+00 0.000000000000000000e+00
1.500462036132812500e+02 0.000000000000000000e+00 0.000000000000000000e+00
1.503250122070312500e+02 0.000000000000000000e+00 0.000000000000000000e+00
1.500402832031250000e+02 0.000000000000000000e+00 0.000000000000000000e+00
1.479645385742187500e+02 0.000000000000000000e+00 0.000000000000000000e+00
1.468571777343750000e+02 0.000000000000000000e+00 0.000000000000000000e+00
1.463701171875000000e+02 0.000000000000000000e+00 0.000000000000000000e+00
1.462271728515625000e+02 0.000000000000000000e+00 0.000000000000000000e+00
1.462236938476562500e+02 0.000000000000000000e+00 0.000000000000000000e+00
1.465347900390625000e+02 0.000000000000000000e+00 0.000000000000000000e+00
1.467062988281250000e+02 0.000000000000000000e+00 0.000000000000000000e+00
1.468110961914062500e+02 0.000000000000000000e+00 0.000000000000000000e+00
1.470215454101562500e+02 0.000000000000000000e+00 0.000000000000000000e+00
1.473209228515625000e+02 0.000000000000000000e+00 0.000000000000000000e+00
1.474118041992187500e+02 0.000000000000000000e+00 0.000000000000000000e+00
1.475748291015625000e+02 0.000000000000000000e+00 0.000000000000000000e+00
1.475655517578125000e+02 0.000000000000000000e+00 0.000000000000000000e+00
1.474998168945312500e+02 0.000000000000000000e+00 0.000000000000000000e+00
1.473880615234375000e+02 0.000000000000000000e+00 0.000000000000000000e+00
1.473127441406250000e+02 0.000000000000000000e+00 0.000000000000000000e+00
1.474127807617187500e+02 0.000000000000000000e+00 0.000000000000000000e+00
1.474876098632812500e+02 0.000000000000000000e+00 0.000000000000000000e+00
1.478955078125000000e+02 0.000000000000000000e+00 0.000000000000000000e+00
1.483393554687500000e+02 0.000000000000000000e+00 0.000000000000000000e+00
1.487471923828125000e+02 0.000000000000000000e+00 0.000000000000000000e+00
1.490668945312500000e+02 0.000000000000000000e+00 0.000000000000000000e+00
1.496501464843750000e+02 0.000000000000000000e+00 0.000000000000000000e+00
1.499863891601562500e+02 0.000000000000000000e+00 0.000000000000000000e+00
1.501680297851562500e+02 0.000000000000000000e+00 0.000000000000000000e+00
1.505822143554687500e+02 0.000000000000000000e+00 0.000000000000000000e+00
1.506809692382812500e+02 0.000000000000000000e+00 0.000000000000000000e+00
1.508883666992187500e+02 0.000000000000000000e+00 0.000000000000000000e+00
1.514059448242187500e+02 0.000000000000000000e+00 0.000000000000000000e+00
1.519573364257812500e+02 0.000000000000000000e+00 0.000000000000000000e+00
1.523218994140625000e+02 0.000000000000000000e+00 0.000000000000000000e+00
1.528449707031250000e+02 0.000000000000000000e+00 0.000000000000000000e+00
1.533910522460937500e+02 0.000000000000000000e+00 0.000000000000000000e+00
1.536218261718750000e+02 0.000000000000000000e+00 0.000000000000000000e+00
1.522511596679687500e+02 0.000000000000000000e+00 0.000000000000000000e+00
1.506036987304687500e+02 0.000000000000000000e+00 0.000000000000000000e+00
1.494669799804687500e+02 0.000000000000000000e+00 0.000000000000000000e+00
1.491074829101562500e+02 0.000000000000000000e+00 0.000000000000000000e+00
1.489779052734375000e+02 0.000000000000000000e+00 0.000000000000000000e+00
1.489271240234375000e+02 0.000000000000000000e+00 0.000000000000000000e+00
1.489207153320312500e+02 0.000000000000000000e+00 0.000000000000000000e+00
1.491764526367187500e+02 0.000000000000000000e+00 0.000000000000000000e+00
1.494494628906250000e+02 0.000000000000000000e+00 0.000000000000000000e+00
1.495725097656250000e+02 0.000000000000000000e+00 0.000000000000000000e+00
1.495692749023437500e+02 0.000000000000000000e+00 0.000000000000000000e+00
1.495406494140625000e+02 0.000000000000000000e+00 0.000000000000000000e+00
1.496965942382812500e+02 0.000000000000000000e+00 0.000000000000000000e+00
1.497011718750000000e+02 0.000000000000000000e+00 0.000000000000000000e+00
1.497969360351562500e+02 0.000000000000000000e+00 0.000000000000000000e+00
1.498938598632812500e+02 0.000000000000000000e+00 0.000000000000000000e+00
1.501777954101562500e+02 0.000000000000000000e+00 0.000000000000000000e+00
1.503055419921875000e+02 0.000000000000000000e+00 0.000000000000000000e+00
1.504251708984375000e+02 0.000000000000000000e+00 0.000000000000000000e+00
1.505397338867187500e+02 0.000000000000000000e+00 0.000000000000000000e+00
1.512100219726562500e+02 0.000000000000000000e+00 0.000000000000000000e+00
1.512421875000000000e+02 0.000000000000000000e+00 0.000000000000000000e+00
1.512399291992187500e+02 0.000000000000000000e+00 0.000000000000000000e+00
1.512687377929687500e+02 0.000000000000000000e+00 0.000000000000000000e+00
1.513001098632812500e+02 0.000000000000000000e+00 0.000000000000000000e+00
1.515929565429687500e+02 0.000000000000000000e+00 0.000000000000000000e+00
1.518636474609375000e+02 0.000000000000000000e+00 0.000000000000000000e+00
1.522745971679687500e+02 0.000000000000000000e+00 0.000000000000000000e+00
1.527412109375000000e+02 0.000000000000000000e+00 0.000000000000000000e+00
1.535984497070312500e+02 0.000000000000000000e+00 0.000000000000000000e+00
1.542079467773437500e+02 0.000000000000000000e+00 0.000000000000000000e+00
1.548314208984375000e+02 0.000000000000000000e+00 0.000000000000000000e+00
1.557209472656250000e+02 0.000000000000000000e+00 0.000000000000000000e+00
1.561008300781250000e+02 0.000000000000000000e+00 0.000000000000000000e+00
1.559523315429687500e+02 6.103515625000000000e-05 0.000000000000000000e+00
1.542852172851562500e+02 0.000000000000000000e+00 0.000000000000000000e+00
1.527562255859375000e+02 0.000000000000000000e+00 0.000000000000000000e+00
1.518452148437500000e+02 0.000000000000000000e+00 0.000000000000000000e+00
1.514959106445312500e+02 0.000000000000000000e+00 0.000000000000000000e+00
1.513577270507812500e+02 0.000000000000000000e+00 0.000000000000000000e+00
1.513542480468750000e+02 0.000000000000000000e+00 0.000000000000000000e+00
1.515157470703125000e+02 0.000000000000000000e+00 0.000000000000000000e+00
1.517830810546875000e+02 0.000000000000000000e+00 0.000000000000000000e+00
1.521092529296875000e+02 0.000000000000000000e+00 0.000000000000000000e+00
1.523204345703125000e+02 0.000000000000000000e+00 0.000000000000000000e+00
1.523742675781250000e+02 0.000000000000000000e+00 0.000000000000000000e+00
1.523651733398437500e+02 0.000000000000000000e+00 0.000000000000000000e+00
1.523189086914062500e+02 0.000000000000000000e+00 0.000000000000000000e+00
1.521890869140625000e+02 0.000000000000000000e+00 0.000000000000000000e+00
1.521301879882812500e+02 0.000000000000000000e+00 0.000000000000000000e+00
1.520925903320312500e+02 0.000000000000000000e+00 0.000000000000000000e+00
1.522654418945312500e+02 0.000000000000000000e+00 0.000000000000000000e+00
1.524483032226562500e+02 0.000000000000000000e+00 0.000000000000000000e+00
1.525578002929687500e+02 0.000000000000000000e+00 0.000000000000000000e+00
1.526027832031250000e+02 0.000000000000000000e+00 0.000000000000000000e+00
1.527899169921875000e+02 0.000000000000000000e+00 0.000000000000000000e+00
1.534072875976562500e+02 0.000000000000000000e+00 0.000000000000000000e+00
1.534669799804687500e+02 0.000000000000000000e+00 0.000000000000000000e+00
1.536548461914062500e+02 0.000000000000000000e+00 0.000000000000000000e+00
1.538216552734375000e+02 0.000000000000000000e+00 0.000000000000000000e+00
1.540459594726562500e+02 0.000000000000000000e+00 0.000000000000000000e+00
1.543483886718750000e+02 0.000000000000000000e+00 0.000000000000000000e+00
1.547772827148437500e+02 0.000000000000000000e+00 0.000000000000000000e+00
1.551576538085937500e+02 0.000000000000000000e+00 0.000000000000000000e+00
1.554750976562500000e+02 0.000000000000000000e+00 0.000000000000000000e+00
1.556728515625000000e+02 0.000000000000000000e+00 0.000000000000000000e+00
1.558298339843750000e+02 0.000000000000000000e+00 0.000000000000000000e+00
1.558914794921875000e+02 0.000000000000000000e+00 0.000000000000000000e+00
1.560982666015625000e+02 0.000000000000000000e+00 0.000000000000000000e+00
1.562029418945312500e+02 0.000000000000000000e+00 0.000000000000000000e+00
1.562367553710937500e+02 0.000000000000000000e+00 0.000000000000000000e+00
1.552698364257812500e+02 0.000000000000000000e+00 0.000000000000000000e+00
1.528502197265625000e+02 0.000000000000000000e+00 0.000000000000000000e+00
1.516263427734375000e+02 0.000000000000000000e+00 0.000000000000000000e+00
1.511199340820312500e+02 0.000000000000000000e+00 0.000000000000000000e+00
1.510523071289062500e+02 0.000000000000000000e+00 0.000000000000000000e+00
1.511279907226562500e+02 0.000000000000000000e+00 0.000000000000000000e+00
1.509814453125000000e+02 0.000000000000000000e+00 0.000000000000000000e+00
1.511428833007812500e+02 0.000000000000000000e+00 0.000000000000000000e+00
1.512132568359375000e+02 0.000000000000000000e+00 0.000000000000000000e+00
1.516102294921875000e+02 0.000000000000000000e+00 0.000000000000000000e+00
1.517459716796875000e+02 0.000000000000000000e+00 0.000000000000000000e+00
1.518065185546875000e+02 0.000000000000000000e+00 0.000000000000000000e+00
1.519291992187500000e+02 0.000000000000000000e+00 0.000000000000000000e+00
1.518944091796875000e+02 0.000000000000000000e+00 0.000000000000000000e+00
1.517889404296875000e+02 0.000000000000000000e+00 0.000000000000000000e+00
1.517041625976562500e+02 0.000000000000000000e+00 0.000000000000000000e+00
1.515279541015625000e+02 0.000000000000000000e+00 0.000000000000000000e+00
1.514412841796875000e+02 0.000000000000000000e+00 0.000000000000000000e+00
1.515015258789062500e+02 0.000000000000000000e+00 0.000000000000000000e+00
1.517152099609375000e+02 0.000000000000000000e+00 0.000000000000000000e+00
1.519206542968750000e+02 0.000000000000000000e+00 0.000000000000000000e+00
1.523150024414062500e+02 0.000000000000000000e+00 0.000000000000000000e+00
1.526771240234375000e+02 0.000000000000000000e+00 0.000000000000000000e+00
1.530556030273437500e+02 0.000000000000000000e+00 0.000000000000000000e+00
1.534492187500000000e+02 0.000000000000000000e+00 0.000000000000000000e+00
1.536879882812500000e+02 0.000000000000000000e+00 0.000000000000000000e+00
1.538778076171875000e+02 0.000000000000000000e+00 0.000000000000000000e+00
1.539920654296875000e+02 0.000000000000000000e+00 0.000000000000000000e+00
1.540283203125000000e+02 0.000000000000000000e+00 0.000000000000000000e+00
1.541494750976562500e+02 0.000000000000000000e+00 0.000000000000000000e+00
1.542944335937500000e+02 0.000000000000000000e+00 0.000000000000000000e+00
1.545707397460937500e+02 0.000000000000000000e+00 0.000000000000000000e+00
1.548636474609375000e+02 0.000000000000000000e+00 0.000000000000000000e+00
1.554240722656250000e+02 0.000000000000000000e+00 0.000000000000000000e+00
1.554603271484375000e+02 0.000000000000000000e+00 0.000000000000000000e+00
1.548965454101562500e+02 0.000000000000000000e+00 0.000000000000000000e+00
1.539131469726562500e+02 0.000000000000000000e+00 0.000000000000000000e+00
1.529865722656250000e+02 0.000000000000000000e+00 0.000000000000000000e+00
1.525086669921875000e+02 0.000000000000000000e+00 0.000000000000000000e+00
1.526390380859375000e+02 0.000000000000000000e+00 0.000000000000000000e+00
1.529810791015625000e+02 0.000000000000000000e+00 0.000000000000000000e+00
1.532554321289062500e+02 0.000000000000000000e+00 0.000000000000000000e+00
1.534898681640625000e+02 2.441406250000000000e-04 0.000000000000000000e+00
1.537334594726562500e+02 0.000000000000000000e+00 0.000000000000000000e+00
1.540115356445312500e+02 0.000000000000000000e+00 0.000000000000000000e+00
1.543316650390625000e+02 0.000000000000000000e+00 0.000000000000000000e+00
1.544306030273437500e+02 0.000000000000000000e+00 0.000000000000000000e+00
1.544575195312500000e+02 0.000000000000000000e+00 0.000000000000000000e+00
1.543470458984375000e+02 0.000000000000000000e+00 0.000000000000000000e+00
1.542927246093750000e+02 0.000000000000000000e+00 0.000000000000000000e+00
1.542249145507812500e+02 0.000000000000000000e+00 0.000000000000000000e+00
1.543524169921875000e+02 0.000000000000000000e+00 0.000000000000000000e+00
1.544837646484375000e+02 0.000000000000000000e+00 0.000000000000000000e+00
1.546515502929687500e+02 0.000000000000000000e+00 0.000000000000000000e+00
1.546854858398437500e+02 0.000000000000000000e+00 0.000000000000000000e+00
1.547380371093750000e+02 0.000000000000000000e+00 0.000000000000000000e+00
1.548628540039062500e+02 0.000000000000000000e+00 0.000000000000000000e+00
1.549423217773437500e+02 0.000000000000000000e+00 0.000000000000000000e+00
1.550787963867187500e+02 0.000000000000000000e+00 0.000000000000000000e+00
1.554197387695312500e+02 0.000000000000000000e+00 0.000000000000000000e+00
1.556499633789062500e+02 0.000000000000000000e+00 0.000000000000000000e+00
1.560498046875000000e+02 4.882812500000000000e-04 0.000000000000000000e+00
1.563375854492187500e+02 4.882812500000000000e-04 0.000000000000000000e+00
1.566481323242187500e+02 0.000000000000000000e+00 0.000000000000000000e+00
1.571906738281250000e+02 0.000000000000000000e+00 0.000000000000000000e+00
1.576265869140625000e+02 9.765625000000000000e-04 0.000000000000000000e+00
1.577643432617187500e+02 0.000000000000000000e+00 0.000000000000000000e+00
1.578964843750000000e+02 2.502441406250000000e-03 0.000000000000000000e+00
1.570239257812500000e+02 6.713867187500000000e-04 0.000000000000000000e+00
1.550820312500000000e+02 0.000000000000000000e+00 0.000000000000000000e+00
1.540562133789062500e+02 0.000000000000000000e+00 0.000000000000000000e+00
1.537421264648437500e+02 0.000000000000000000e+00 0.000000000000000000e+00
1.536517333984375000e+02 0.000000000000000000e+00 0.000000000000000000e+00
1.537109985351562500e+02 0.000000000000000000e+00 0.000000000000000000e+00
1.540282592773437500e+02 0.000000000000000000e+00 0.000000000000000000e+00
1.542619018554687500e+02 0.000000000000000000e+00 0.000000000000000000e+00
1.544963989257812500e+02 0.000000000000000000e+00 0.000000000000000000e+00
1.548624267578125000e+02 0.000000000000000000e+00 0.000000000000000000e+00
1.551733398437500000e+02 0.000000000000000000e+00 0.000000000000000000e+00
1.553314208984375000e+02 0.000000000000000000e+00 0.000000000000000000e+00
1.552638549804687500e+02 0.000000000000000000e+00 0.000000000000000000e+00
1.550864868164062500e+02 0.000000000000000000e+00 0.000000000000000000e+00
1.547757568359375000e+02 0.000000000000000000e+00 0.000000000000000000e+00
1.545057983398437500e+02 0.000000000000000000e+00 0.000000000000000000e+00
1.543687133789062500e+02 0.000000000000000000e+00 0.000000000000000000e+00
1.544213867187500000e+02 0.000000000000000000e+00 0.000000000000000000e+00
1.546429443359375000e+02 0.000000000000000000e+00 0.000000000000000000e+00
1.548746337890625000e+02 0.000000000000000000e+00 0.000000000000000000e+00
1.550175170898437500e+02 0.000000000000000000e+00 0.000000000000000000e+00
1.552211914062500000e+02 0.000000000000000000e+00 0.000000000000000000e+00
1.555238037109375000e+02 0.000000000000000000e+00 0.000000000000000000e+00
1.557663574218750000e+02 0.000000000000000000e+00 0.000000000000000000e+00
1.558371582031250000e+02 0.000000000000000000e+00 0.000000000000000000e+00
1.560043945312500000e+02 0.000000000000000000e+00 0.000000000000000000e+00
1.560552368164062500e+02 0.000000000000000000e+00 0.000000000000000000e+00
1.562427978515625000e+02 0.000000000000000000e+00 0.000000000000000000e+00
1.565743408203125000e+02 0.000000000000000000e+00 0.000000000000000000e+00
1.571744384765625000e+02 0.000000000000000000e+00 0.000000000000000000e+00
1.574521484375000000e+02 9.765625000000000000e-04 0.000000000000000000e+00
1.577563476562500000e+02 4.089355468750000000e-03 0.000000000000000000e+00
1.579296875000000000e+02 2.929687500000000000e-03 0.000000000000000000e+00
1.570858154296875000e+02 3.051757812500000000e-04 0.000000000000000000e+00
1.553117065429687500e+02 0.000000000000000000e+00 0.000000000000000000e+00
1.543143920898437500e+02 0.000000000000000000e+00 0.000000000000000000e+00
1.540036621093750000e+02 0.000000000000000000e+00 0.000000000000000000e+00
1.539574584960937500e+02 0.000000000000000000e+00 0.000000000000000000e+00
1.539515380859375000e+02 0.000000000000000000e+00 0.000000000000000000e+00
1.539713134765625000e+02 0.000000000000000000e+00 0.000000000000000000e+00
1.540122070312500000e+02 0.000000000000000000e+00 0.000000000000000000e+00
1.540372924804687500e+02 0.000000000000000000e+00 0.000000000000000000e+00
1.540703125000000000e+02 0.000000000000000000e+00 0.000000000000000000e+00
1.540715942382812500e+02 0.000000000000000000e+00 0.000000000000000000e+00
1.539841308593750000e+02 0.000000000000000000e+00 0.000000000000000000e+00
1.539331665039062500e+02 0.000000000000000000e+00 0.000000000000000000e+00
1.537963867187500000e+02 0.000000000000000000e+00 0.000000000000000000e+00
1.536231079101562500e+02 0.000000000000000000e+00 0.000000000000000000e+00
1.535312500000000000e+02 0.000000000000000000e+00 0.000000000000000000e+00
1.535877075195312500e+02 0.000000000000000000e+00 0.000000000000000000e+00
1.536852416992187500e+02 0.000000000000000000e+00 0.000000000000000000e+00
1.537785034179687500e+02 0.000000000000000000e+00 0.000000000000000000e+00
1.537963867187500000e+02 0.000000000000000000e+00 0.000000000000000000e+00
1.540275268554687500e+02 0.000000000000000000e+00 0.000000000000000000e+00
1.541777343750000000e+02 0.000000000000000000e+00 0.000000000000000000e+00
1.543061523437500000e+02 0.000000000000000000e+00 0.000000000000000000e+00
1.543926391601562500e+02 0.000000000000000000e+00 0.000000000000000000e+00
1.543389892578125000e+02 0.000000000000000000e+00 0.000000000000000000e+00
1.543157348632812500e+02 0.000000000000000000e+00 0.000000000000000000e+00
1.542918701171875000e+02 0.000000000000000000e+00 0.000000000000000000e+00
1.542070312500000000e+02 0.000000000000000000e+00 0.000000000000000000e+00
1.542594604492187500e+02 0.000000000000000000e+00 0.000000000000000000e+00
1.542161865234375000e+02 0.000000000000000000e+00 0.000000000000000000e+00
1.544253540039062500e+02 0.000000000000000000e+00 0.000000000000000000e+00
1.546489257812500000e+02 0.000000000000000000e+00 0.000000000000000000e+00
1.547526245117187500e+02 0.000000000000000000e+00 0.000000000000000000e+00
1.542348632812500000e+02 0.000000000000000000e+00 0.000000000000000000e+00
1.525556030273437500e+02 0.000000000000000000e+00 0.000000000000000000e+00
1.514466552734375000e+02 0.000000000000000000e+00 0.000000000000000000e+00
1.508234252929687500e+02 0.000000000000000000e+00 0.000000000000000000e+00
1.505926513671875000e+02 0.000000000000000000e+00 0.000000000000000000e+00
1.506312255859375000e+02 0.000000000000000000e+00 0.000000000000000000e+00
1.507090454101562500e+02 0.000000000000000000e+00 0.000000000000000000e+00
1.507950439453125000e+02 0.000000000000000000e+00 0.000000000000000000e+00
1.506106567382812500e+02 0.000000000000000000e+00 0.000000000000000000e+00
1.506331787109375000e+02 0.000000000000000000e+00 0.000000000000000000e+00
1.506962280273437500e+02 0.000000000000000000e+00 0.000000000000000000e+00
1.507424926757812500e+02 0.000000000000000000e+00 0.000000000000000000e+00
1.508177490234375000e+02 0.000000000000000000e+00 0.000000000000000000e+00
1.510577392578125000e+02 0.000000000000000000e+00 0.000000000000000000e+00
1.510096435546875000e+02 0.000000000000000000e+00 0.000000000000000000e+00
1.509199218750000000e+02 0.000000000000000000e+00 0.000000000000000000e+00
1.510388183593750000e+02 0.000000000000000000e+00 0.000000000000000000e+00
1.507855834960937500e+02 0.000000000000000000e+00 0.000000000000000000e+00
1.506080322265625000e+02 0.000000000000000000e+00 0.000000000000000000e+00
1.506807861328125000e+02 0.000000000000000000e+00 0.000000000000000000e+00
1.507197265625000000e+02 0.000000000000000000e+00 0.000000000000000000e+00
1.507446289062500000e+02 0.000000000000000000e+00 0.000000000000000000e+00
1.508983154296875000e+02 0.000000000000000000e+00 0.000000000000000000e+00
1.509069213867187500e+02 0.000000000000000000e+00 0.000000000000000000e+00
1.511401367187500000e+02 0.000000000000000000e+00 0.000000000000000000e+00
1.513406372070312500e+02 0.000000000000000000e+00 0.000000000000000000e+00
1.514752197265625000e+02 0.000000000000000000e+00 0.000000000000000000e+00
1.515568237304687500e+02 0.000000000000000000e+00 0.000000000000000000e+00
1.515929565429687500e+02 0.000000000000000000e+00 0.000000000000000000e+00
1.517965087890625000e+02 0.000000000000000000e+00 0.000000000000000000e+00
1.518894653320312500e+02 0.000000000000000000e+00 0.000000000000000000e+00
1.520377197265625000e+02 0.000000000000000000e+00 0.000000000000000000e+00
1.522403564453125000e+02 0.000000000000000000e+00 0.000000000000000000e+00
1.520454101562500000e+02 0.000000000000000000e+00 0.000000000000000000e+00
1.507634887695312500e+02 0.000000000000000000e+00 0.000000000000000000e+00
1.491356811523437500e+02 0.000000000000000000e+00 0.000000000000000000e+00
1.486655273437500000e+02 0.000000000000000000e+00 0.000000000000000000e+00
1.482737426757812500e+02 0.000000000000000000e+00 0.000000000000000000e+00
1.483456420898437500e+02 0.000000000000000000e+00 0.000000000000000000e+00
1.486426391601562500e+02 0.000000000000000000e+00 0.000000000000000000e+00
1.489290771484375000e+02 0.000000000000000000e+00 0.000000000000000000e+00
1.492570800781250000e+02 0.000000000000000000e+00 0.000000000000000000e+00
1.494207153320312500e+02 0.000000000000000000e+00 0.000000000000000000e+00
1.495274658203125000e+02 0.000000000000000000e+00 0.000000000000000000e+00
1.498649902343750000e+02 0.000000000000000000e+00 0.000000000000000000e+00
1.500207519531250000e+02 0.000000000000000000e+00 0.000000000000000000e+00
1.500041503906250000e+02 0.000000000000000000e+00 0.000000000000000000e+00
1.499584350585937500e+02 0.000000000000000000e+00 0.000000000000000000e+00
1.499654541015625000e+02 0.000000000000000000e+00 0.000000000000000000e+00
1.499954833984375000e+02 0.000000000000000000e+00 0.000000000000000000e+00
1.502069702148437500e+02 0.000000000000000000e+00 0.000000000000000000e+00
1.504239501953125000e+02 0.000000000000000000e+00 0.000000000000000000e+00
1.507679443359375000e+02 0.000000000000000000e+00 0.000000000000000000e+00
1.511113281250000000e+02 0.000000000000000000e+00 0.000000000000000000e+00
1.513356323242187500e+02 0.000000000000000000e+00 0.000000000000000000e+00
1.518167114257812500e+02 0.000000000000000000e+00 0.000000000000000000e+00
1.520492553710937500e+02 0.000000000000000000e+00 0.000000000000000000e+00
1.522025146484375000e+02 0.000000000000000000e+00 0.000000000000000000e+00
1.523034667968750000e+02 0.000000000000000000e+00 0.000000000000000000e+00
1.524771118164062500e+02 0.000000000000000000e+00 0.000000000000000000e+00
1.526691284179687500e+02 0.000000000000000000e+00 0.000000000000000000e+00
1.529436645507812500e+02 0.000000000000000000e+00 0.000000000000000000e+00
1.531944580078125000e+02 0.000000000000000000e+00 0.000000000000000000e+00
1.533993530273437500e+02 0.000000000000000000e+00 0.000000000000000000e+00
1.536948852539062500e+02 0.000000000000000000e+00 0.000000000000000000e+00
1.541459350585937500e+02 0.000000000000000000e+00 0.000000000000000000e+00
1.544257812500000000e+02 0.000000000000000000e+00 0.000000000000000000e+00
1.547759399414062500e+02 0.000000000000000000e+00 0.000000000000000000e+00
1.538646240234375000e+02 0.000000000000000000e+00 0.000000000000000000e+00
1.522772827148437500e+02 0.000000000000000000e+00 0.000000000000000000e+00
1.511766357421875000e+02 0.000000000000000000e+00 0.000000000000000000e+00
1.510027465820312500e+02 0.000000000000000000e+00 0.000000000000000000e+00
1.505477905273437500e+02 0.000000000000000000e+00 0.000000000000000000e+00
1.505084228515625000e+02 0.000000000000000000e+00 0.000000000000000000e+00
1.505261230468750000e+02 0.000000000000000000e+00 0.000000000000000000e+00
1.506314697265625000e+02 0.000000000000000000e+00 0.000000000000000000e+00
1.506585693359375000e+02 0.000000000000000000e+00 0.000000000000000000e+00
1.508229370117187500e+02 0.000000000000000000e+00 0.000000000000000000e+00
1.509932250976562500e+02 0.000000000000000000e+00 0.000000000000000000e+00
1.511510620117187500e+02 0.000000000000000000e+00 0.000000000000000000e+00
1.511853027343750000e+02 0.000000000000000000e+00 0.000000000000000000e+00
1.510901489257812500e+02 0.000000000000000000e+00 0.000000000000000000e+00
1.511048583984375000e+02 0.000000000000000000e+00 0.000000000000000000e+00
1.512960815429687500e+02 0.000000000000000000e+00 0.000000000000000000e+00
1.514533081054687500e+02 0.000000000000000000e+00 0.000000000000000000e+00
1.516718750000000000e+02 0.000000000000000000e+00 0.000000000000000000e+00
1.518134765625000000e+02 0.000000000000000000e+00 0.000000000000000000e+00
1.521539306640625000e+02 0.000000000000000000e+00 0.000000000000000000e+00
1.526803588867187500e+02 0.000000000000000000e+00 0.000000000000000000e+00
1.531784667968750000e+02 0.000000000000000000e+00 0.000000000000000000e+00
1.536624145507812500e+02 0.000000000000000000e+00 0.000000000000000000e+00
1.540735473632812500e+02 0.000000000000000000e+00 0.000000000000000000e+00
1.545635986328125000e+02 0.000000000000000000e+00 0.000000000000000000e+00
1.548331909179687500e+02 0.000000000000000000e+00 0.000000000000000000e+00
1.549757690429687500e+02 0.000000000000000000e+00 0.000000000000000000e+00
1.552882690429687500e+02 2.441406250000000000e-04 0.000000000000000000e+00
1.555646362304687500e+02 2.441406250000000000e-04 0.000000000000000000e+00
1.559580078125000000e+02 1.770019531250000000e-03 0.000000000000000000e+00
1.563013916015625000e+02 1.403808593750000000e-03 0.000000000000000000e+00
1.567810668945312500e+02 0.000000000000000000e+00 0.000000000000000000e+00
1.570288085937500000e+02 1.159667968750000000e-03 0.000000000000000000e+00
1.574678955078125000e+02 9.765625000000000000e-04 0.000000000000000000e+00
1.577235717773437500e+02 2.502441406250000000e-03 0.000000000000000000e+00
1.568241577148437500e+02 0.000000000000000000e+00 0.000000000000000000e+00
1.547169799804687500e+02 0.000000000000000000e+00 0.000000000000000000e+00
1.536516113281250000e+02 0.000000000000000000e+00 0.000000000000000000e+00
1.534229125976562500e+02 0.000000000000000000e+00 0.000000000000000000e+00
1.530812988281250000e+02 0.000000000000000000e+00 0.000000000000000000e+00
1.531276855468750000e+02 0.000000000000000000e+00 0.000000000000000000e+00
1.533518066406250000e+02 0.000000000000000000e+00 0.000000000000000000e+00
1.535779418945312500e+02 0.000000000000000000e+00 0.000000000000000000e+00
1.537623291015625000e+02 0.000000000000000000e+00 0.000000000000000000e+00
1.538721923828125000e+02 0.000000000000000000e+00 0.000000000000000000e+00
1.542551269531250000e+02 4.272460937500000000e-04 0.000000000000000000e+00
1.543998413085937500e+02 8.544921875000000000e-04 0.000000000000000000e+00
1.543390502929687500e+02 0.000000000000000000e+00 0.000000000000000000e+00
1.541743164062500000e+02 6.103515625000000000e-05 0.000000000000000000e+00
1.539755249023437500e+02 6.103515625000000000e-05 0.000000000000000000e+00
1.539110107421875000e+02 1.220703125000000000e-04 0.000000000000000000e+00
1.539203491210937500e+02 1.220703125000000000e-04 0.000000000000000000e+00
1.541434936523437500e+02 0.000000000000000000e+00 0.000000000000000000e+00
1.543890380859375000e+02 0.000000000000000000e+00 0.000000000000000000e+00
1.546948242187500000e+02 1.831054687500000000e-04 0.000000000000000000e+00
1.551041870117187500e+02 3.662109375000000000e-04 0.000000000000000000e+00
1.554470825195312500e+02 0.000000000000000000e+00 0.000000000000000000e+00
1.562612304687500000e+02 4.089355468750000000e-03 0.000000000000000000e+00
1.568174438476562500e+02 5.004882812500000000e-03 0.000000000000000000e+00
1.577687988281250000e+02 1.672363281250000000e-02 0.000000000000000000e+00
1.584793090820312500e+02 1.177978515625000000e-02 0.000000000000000000e+00
1.590360717773437500e+02 9.277343750000000000e-03 0.000000000000000000e+00
1.591879882812500000e+02 1.202392578125000000e-02 0.000000000000000000e+00
1.593865356445312500e+02 2.215576171875000000e-02 0.000000000000000000e+00
1.597692871093750000e+02 2.502441406250000000e-02 0.000000000000000000e+00
1.601261596679687500e+02 3.094482421875000000e-02 0.000000000000000000e+00
1.603684082031250000e+02 4.638671875000000000e-02 0.000000000000000000e+00
1.607908325195312500e+02 5.950927734375000000e-02 0.000000000000000000e+00
1.610812988281250000e+02 8.215332031250000000e-02 0.000000000000000000e+00
1.608616943359375000e+02 5.242919921875000000e-02 0.000000000000000000e+00
1.586854248046875000e+02 7.934570312500000000e-03 0.000000000000000000e+00
1.571874389648437500e+02 2.441406250000000000e-04 0.000000000000000000e+00
1.567559814453125000e+02 0.000000000000000000e+00 0.000000000000000000e+00
1.565814208984375000e+02 0.000000000000000000e+00 0.000000000000000000e+00
1.567050781250000000e+02 1.831054687500000000e-04 0.000000000000000000e+00
1.571692504882812500e+02 1.525878906250000000e-03 0.000000000000000000e+00
1.577496337890625000e+02 7.873535156250000000e-03 0.000000000000000000e+00
1.579666748046875000e+02 8.300781250000000000e-03 0.000000000000000000e+00
1.581795043945312500e+02 7.934570312500000000e-03 0.000000000000000000e+00
1.583209228515625000e+02 8.422851562500000000e-03 0.000000000000000000e+00
1.584465942382812500e+02 7.690429687500000000e-03 0.000000000000000000e+00
1.583269042968750000e+02 1.007080078125000000e-02 0.000000000000000000e+00
1.582180175781250000e+02 4.577636718750000000e-03 0.000000000000000000e+00
1.579548339843750000e+02 4.333496093750000000e-03 0.000000000000000000e+00
1.577030029296875000e+02 8.117675781250000000e-03 0.000000000000000000e+00
1.576772460937500000e+02 4.211425781250000000e-03 0.000000000000000000e+00
1.576151733398437500e+02 8.361816406250000000e-03 0.000000000000000000e+00
1.576723632812500000e+02 8.850097656250000000e-03 0.000000000000000000e+00
1.581281738281250000e+02 9.338378906250000000e-03 0.000000000000000000e+00
1.585083007812500000e+02 9.033203125000000000e-03 0.000000000000000000e+00
1.591464233398437500e+02 7.934570312500000000e-03 0.000000000000000000e+00
1.595178833007812500e+02 1.336669921875000000e-02 0.000000000000000000e+00
1.600371704101562500e+02 2.447509765625000000e-02 0.000000000000000000e+00
1.604246826171875000e+02 3.765869140625000000e-02 0.000000000000000000e+00
1.605822143554687500e+02 5.609130859375000000e-02 0.000000000000000000e+00
1.607637329101562500e+02 5.346679687500000000e-02 0.000000000000000000e+00
1.608970336914062500e+02 5.383300781250000000e-02 0.000000000000000000e+00
1.610560302734375000e+02 7.946777343750000000e-02 0.000000000000000000e+00
1.611366577148437500e+02 9.149169921875000000e-02 0.000000000000000000e+00
1.613920288085937500e+02 7.623291015625000000e-02 0.000000000000000000e+00
1.615549926757812500e+02 1.032104492187500000e-01 0.000000000000000000e+00
1.621183471679687500e+02 1.128540039062500000e-01 0.000000000000000000e+00
1.623875122070312500e+02 1.177978515625000000e-01 0.000000000000000000e+00
1.626351928710937500e+02 1.378173828125000000e-01 0.000000000000000000e+00
1.621856689453125000e+02 1.248168945312500000e-01 0.000000000000000000e+00
1.598746337890625000e+02 1.763916015625000000e-02 0.000000000000000000e+00
1.582072753906250000e+02 8.056640625000000000e-03 0.000000000000000000e+00
1.575792846679687500e+02 6.225585937500000000e-03 0.000000000000000000e+00
1.574808959960937500e+02 4.638671875000000000e-03 0.000000000000000000e+00
1.578712768554687500e+02 4.638671875000000000e-03 0.000000000000000000e+00
1.582193603515625000e+02 4.638671875000000000e-03 0.000000000000000000e+00
1.585504760742187500e+02 1.013183593750000000e-02 0.000000000000000000e+00
1.587521362304687500e+02 1.531982421875000000e-02 0.000000000000000000e+00
1.589033203125000000e+02 7.812500000000000000e-03 0.000000000000000000e+00
1.589755249023437500e+02 1.470947265625000000e-02 0.000000000000000000e+00
1.590920410156250000e+02 1.715087890625000000e-02 0.000000000000000000e+00
1.591671752929687500e+02 2.478027343750000000e-02 0.000000000000000000e+00
1.591406860351562500e+02 2.349853515625000000e-02 0.000000000000000000e+00
1.590491333007812500e+02 2.313232421875000000e-02 0.000000000000000000e+00
1.590265502929687500e+02 2.392578125000000000e-02 0.000000000000000000e+00
1.591925659179687500e+02 1.531982421875000000e-02 0.000000000000000000e+00
1.594517822265625000e+02 1.562500000000000000e-02 0.000000000000000000e+00
1.596914062500000000e+02 1.745605468750000000e-02 0.000000000000000000e+00
1.598681640625000000e+02 2.368164062500000000e-02 0.000000000000000000e+00
1.600046386718750000e+02 3.009033203125000000e-02 0.000000000000000000e+00
1.600723876953125000e+02 3.710937500000000000e-02 0.000000000000000000e+00
1.601533813476562500e+02 4.675292968750000000e-02 0.000000000000000000e+00
1.599348144531250000e+02 6.176757812500000000e-02 0.000000000000000000e+00
1.599218139648437500e+02 5.706787109375000000e-02 0.000000000000000000e+00
1.600504150390625000e+02 6.652832031250000000e-02 0.000000000000000000e+00
1.601228637695312500e+02 7.775878906250000000e-02 0.000000000000000000e+00
1.602416381835937500e+02 7.659912109375000000e-02 0.000000000000000000e+00
1.604374389648437500e+02 6.170654296875000000e-02 0.000000000000000000e+00
1.605535278320312500e+02 7.556152343750000000e-02 0.000000000000000000e+00
1.609421997070312500e+02 9.094238281250000000e-02 0.000000000000000000e+00
1.614792480468750000e+02 1.345825195312500000e-01 0.000000000000000000e+00
1.622484130859375000e+02 1.763305664062500000e-01 0.000000000000000000e+00
1.629693603515625000e+02 2.180175781250000000e-01 0.000000000000000000e+00
1.635582275390625000e+02 2.996826171875000000e-01 0.000000000000000000e+00
1.634054565429687500e+02 2.537841796875000000e-01 0.000000000000000000e+00
1.615591430664062500e+02 5.474853515625000000e-02 0.000000000000000000e+00
1.598341064453125000e+02 3.796386718750000000e-02 0.000000000000000000e+00
1.594907836914062500e+02 2.764892578125000000e-02 0.000000000000000000e+00
1.592873535156250000e+02 2.990722656250000000e-02 0.000000000000000000e+00
1.592652587890625000e+02 2.844238281250000000e-02 0.000000000000000000e+00
1.594238281250000000e+02 2.886962890625000000e-02 0.000000000000000000e+00
1.595946655273437500e+02 3.173828125000000000e-02 0.000000000000000000e+00
1.597197875976562500e+02 3.643798828125000000e-02 0.000000000000000000e+00
1.599663085937500000e+02 5.731201171875000000e-02 0.000000000000000000e+00
1.605100708007812500e+02 4.589843750000000000e-02 0.000000000000000000e+00
1.606563720703125000e+02 4.315185546875000000e-02 0.000000000000000000e+00
1.606726684570312500e+02 4.205322265625000000e-02 0.000000000000000000e+00
1.605929565429687500e+02 4.479980468750000000e-02 0.000000000000000000e+00
1.604788208007812500e+02 4.193115234375000000e-02 0.000000000000000000e+00
1.604000244140625000e+02 3.942871093750000000e-02 0.000000000000000000e+00
1.605789794921875000e+02 4.296875000000000000e-02 0.000000000000000000e+00
1.607307128906250000e+02 5.340576171875000000e-02 0.000000000000000000e+00
1.610736083984375000e+02 5.371093750000000000e-02 0.000000000000000000e+00
1.614710693359375000e+02 6.958007812500000000e-02 0.000000000000000000e+00
1.617385253906250000e+02 7.775878906250000000e-02 0.000000000000000000e+00
1.619833984375000000e+02 1.085205078125000000e-01 0.000000000000000000e+00
1.622023925781250000e+02 1.235351562500000000e-01 0.000000000000000000e+00
1.624984741210937500e+02 1.373901367187500000e-01 0.000000000000000000e+00
1.626622924804687500e+02 1.483764648437500000e-01 0.000000000000000000e+00
1.631412353515625000e+02 1.868286132812500000e-01 0.000000000000000000e+00
1.636073608398437500e+02 2.014160156250000000e-01 0.000000000000000000e+00
1.641954345703125000e+02 2.160644531250000000e-01 0.000000000000000000e+00
1.647360229492187500e+02 2.365722656250000000e-01 0.000000000000000000e+00
1.648779907226562500e+02 2.651367187500000000e-01 0.000000000000000000e+00
1.650885009765625000e+02 3.143310546875000000e-01 0.000000000000000000e+00
1.652810668945312500e+02 3.342895507812500000e-01 0.000000000000000000e+00
1.654688110351562500e+02 3.348999023437500000e-01 0.000000000000000000e+00
1.655021362304687500e+02 3.632202148437500000e-01 0.000000000000000000e+00
1.651175537109375000e+02 3.107910156250000000e-01 0.000000000000000000e+00
1.644947509765625000e+02 2.203369140625000000e-01 0.000000000000000000e+00
1.643333129882812500e+02 2.033691406250000000e-01 0.000000000000000000e+00
1.643635253906250000e+02 1.886596679687500000e-01 0.000000000000000000e+00
1.644484252929687500e+02 1.797485351562500000e-01 0.000000000000000000e+00
1.645233764648437500e+02 1.796875000000000000e-01 0.000000000000000000e+00
1.644328613281250000e+02 2.152709960937500000e-01 0.000000000000000000e+00
1.642747192382812500e+02 2.333984375000000000e-01 0.000000000000000000e+00
1.641583251953125000e+02 2.594604492187500000e-01 0.000000000000000000e+00
1.639383544921875000e+02 2.528076171875000000e-01 0.000000000000000000e+00
1.636846923828125000e+02 2.568969726562500000e-01 0.000000000000000000e+00
1.636326904296875000e+02 2.291259765625000000e-01 0.000000000000000000e+00
1.637479858398437500e+02 2.147827148437500000e-01 0.000000000000000000e+00
1.637739868164062500e+02 1.958007812500000000e-01 0.000000000000000000e+00
1.638254394531250000e+02 1.730346679687500000e-01 0.000000000000000000e+00
1.637374267578125000e+02 1.842041015625000000e-01 0.000000000000000000e+00
1.636643676757812500e+02 1.860961914062500000e-01 0.000000000000000000e+00
1.637001342773437500e+02 1.594848632812500000e-01 0.000000000000000000e+00
1.638323364257812500e+02 1.627197265625000000e-01 0.000000000000000000e+00
1.641527709960937500e+02 1.679077148437500000e-01 0.000000000000000000e+00
1.643672485351562500e+02 2.077636718750000000e-01 0.000000000000000000e+00
1.644927978515625000e+02 2.149047851562500000e-01 0.000000000000000000e+00
1.645394287109375000e+02 2.439575195312500000e-01 0.000000000000000000e+00
1.646125488281250000e+02 2.807617187500000000e-01 0.000000000000000000e+00
1.647944335937500000e+02 3.041381835937500000e-01 0.000000000000000000e+00
1.649180908203125000e+02 3.260498046875000000e-01 0.000000000000000000e+00
1.650183715820312500e+02 3.037719726562500000e-01 0.000000000000000000e+00
1.649931030273437500e+02 3.182373046875000000e-01 0.000000000000000000e+00
1.649387817382812500e+02 3.277587890625000000e-01 0.000000000000000000e+00
1.649495239257812500e+02 2.933349609375000000e-01 0.000000000000000000e+00
1.641887817382812500e+02 2.379150390625000000e-01 0.000000000000000000e+00
1.624935913085937500e+02 1.060180664062500000e-01 0.000000000000000000e+00
1.614484252929687500e+02 4.132080078125000000e-02 0.000000000000000000e+00
1.613342285156250000e+02 3.533935546875000000e-02 0.000000000000000000e+00
1.613710937500000000e+02 3.161621093750000000e-02 0.000000000000000000e+00
1.613621826171875000e+02 3.387451171875000000e-02 0.000000000000000000e+00
1.614901733398437500e+02 4.974365234375000000e-02 0.000000000000000000e+00
1.613920898437500000e+02 6.579589843750000000e-02 0.000000000000000000e+00
1.614692993164062500e+02 4.937744140625000000e-02 0.000000000000000000e+00
1.613819580078125000e+02 6.628417968750000000e-02 0.000000000000000000e+00
1.613045654296875000e+02 6.915283203125000000e-02 0.000000000000000000e+00
1.613572998046875000e+02 9.185791015625000000e-02 0.000000000000000000e+00
1.611948242187500000e+02 8.514404296875000000e-02 0.000000000000000000e+00
1.610311889648437500e+02 7.458496093750000000e-02 0.000000000000000000e+00
1.610565185546875000e+02 6.018066406250000000e-02 0.000000000000000000e+00
1.610056762695312500e+02 5.920410156250000000e-02 0.000000000000000000e+00
1.610306396484375000e+02 5.590820312500000000e-02 0.000000000000000000e+00
1.612925415039062500e+02 5.273437500000000000e-02 0.000000000000000000e+00
1.614246215820312500e+02 6.829833984375000000e-02 0.000000000000000000e+00
1.615316162109375000e+02 7.678222656250000000e-02 0.000000000000000000e+00
1.616364746093750000e+02 8.172607421875000000e-02 0.000000000000000000e+00
1.618812866210937500e+02 7.977294921875000000e-02 0.000000000000000000e+00
1.621572265625000000e+02 9.582519531250000000e-02 0.000000000000000000e+00
1.623322143554687500e+02 9.497070312500000000e-02 0.000000000000000000e+00
1.628865356445312500e+02 8.843994140625000000e-02 0.000000000000000000e+00
1.629006347656250000e+02 9.484863281250000000e-02 0.000000000000000000e+00
1.628841552734375000e+02 1.009521484375000000e-01 0.000000000000000000e+00
1.629538574218750000e+02 1.190185546875000000e-01 0.000000000000000000e+00
1.629119262695312500e+02 1.375122070312500000e-01 0.000000000000000000e+00
1.629233398437500000e+02 1.365966796875000000e-01 0.000000000000000000e+00
1.626069946289062500e+02 1.154174804687500000e-01 0.000000000000000000e+00
1.610079345703125000e+02 4.229736328125000000e-02 0.000000000000000000e+00
1.592588500976562500e+02 1.593017578125000000e-02 0.000000000000000000e+00
1.584121704101562500e+02 2.258300781250000000e-03 0.000000000000000000e+00
1.580561523437500000e+02 3.662109375000000000e-04 0.000000000000000000e+00
1.579534912109375000e+02 3.051757812500000000e-04 0.000000000000000000e+00
1.579187011718750000e+02 1.214599609375000000e-02 0.000000000000000000e+00
1.578027954101562500e+02 1.403808593750000000e-03 0.000000000000000000e+00
1.566005249023437500e+02 1.403808593750000000e-03 0.000000000000000000e+00
1.519909667968750000e+02 1.586914062500000000e-03 0.000000000000000000e+00
1.522583007812500000e+02 1.586914062500000000e-03 0.000000000000000000e+00
1.519977416992187500e+02 1.892089843750000000e-03 0.000000000000000000e+00
1.517449951171875000e+02 3.906250000000000000e-03 0.000000000000000000e+00
1.513014526367187500e+02 4.089355468750000000e-03 0.000000000000000000e+00
1.510288085937500000e+02 4.028320312500000000e-03 0.000000000000000000e+00
1.510544433593750000e+02 3.906250000000000000e-03 0.000000000000000000e+00
1.511283569335937500e+02 3.051757812500000000e-03 0.000000000000000000e+00
1.514536743164062500e+02 5.981445312500000000e-03 0.000000000000000000e+00
1.519263305664062500e+02 8.117675781250000000e-03 0.000000000000000000e+00
1.519025268554687500e+02 1.336669921875000000e-02 0.000000000000000000e+00
1.520399780273437500e+02 3.112792968750000000e-03 0.000000000000000000e+00
1.522814941406250000e+02 4.089355468750000000e-03 0.000000000000000000e+00
1.524535522460937500e+02 4.577636718750000000e-03 0.000000000000000000e+00
1.527161254882812500e+02 4.638671875000000000e-03 0.000000000000000000e+00
1.526354370117187500e+02 5.310058593750000000e-03 0.000000000000000000e+00
1.524750976562500000e+02 7.995605468750000000e-03 0.000000000000000000e+00
1.523934326171875000e+02 1.434326171875000000e-02 0.000000000000000000e+00
1.523410644531250000e+02 9.155273437500000000e-03 0.000000000000000000e+00
1.523082275390625000e+02 1.147460937500000000e-02 0.000000000000000000e+00
1.523302001953125000e+02 1.226806640625000000e-02 0.000000000000000000e+00
1.522572021484375000e+02 1.342773437500000000e-02 0.000000000000000000e+00
1.523334350585937500e+02 1.690673828125000000e-02 0.000000000000000000e+00
1.522959594726562500e+02 1.818847656250000000e-02 0.000000000000000000e+00
1.523162841796875000e+02 2.276611328125000000e-02 0.000000000000000000e+00
1.522168579101562500e+02 2.392578125000000000e-02 0.000000000000000000e+00
1.508153686523437500e+02 2.136230468750000000e-03 0.000000000000000000e+00
1.489523315429687500e+02 8.544921875000000000e-04 0.000000000000000000e+00
1.482939453125000000e+02 0.000000000000000000e+00 0.000000000000000000e+00
1.478505859375000000e+02 0.000000000000000000e+00 0.000000000000000000e+00
1.480079345703125000e+02 0.000000000000000000e+00 0.000000000000000000e+00
1.483327026367187500e+02 2.441406250000000000e-04 0.000000000000000000e+00
1.485046386718750000e+02 5.493164062500000000e-04 0.000000000000000000e+00
1.487098999023437500e+02 5.493164062500000000e-04 0.000000000000000000e+00
1.486851806640625000e+02 5.493164062500000000e-04 0.000000000000000000e+00
1.486965332031250000e+02 5.493164062500000000e-04 0.000000000000000000e+00
1.487641601562500000e+02 5.493164062500000000e-04 0.000000000000000000e+00
1.483706054687500000e+02 1.037597656250000000e-03 0.000000000000000000e+00
1.479728393554687500e+02 7.934570312500000000e-04 0.000000000000000000e+00
1.478081665039062500e+02 7.934570312500000000e-04 0.000000000000000000e+00
1.477373657226562500e+02 0.000000000000000000e+00 0.000000000000000000e+00
1.478533325195312500e+02 0.000000000000000000e+00 0.000000000000000000e+00
1.479474487304687500e+02 5.493164062500000000e-04 0.000000000000000000e+00
1.480477905273437500e+02 6.103515625000000000e-05 0.000000000000000000e+00
1.482551269531250000e+02 5.493164062500000000e-04 0.000000000000000000e+00
1.487794189453125000e+02 0.000000000000000000e+00 0.000000000000000000e+00
1.491317138671875000e+02 0.000000000000000000e+00 0.000000000000000000e+00
1.494437866210937500e+02 3.662109375000000000e-04 0.000000000000000000e+00
1.502099609375000000e+02 6.103515625000000000e-05 0.000000000000000000e+00
1.510917358398437500e+02 4.577636718750000000e-03 0.000000000000000000e+00
1.518370971679687500e+02 5.676269531250000000e-03 0.000000000000000000e+00
1.524520263671875000e+02 1.617431640625000000e-02 0.000000000000000000e+00
1.529349365234375000e+02 1.727294921875000000e-02 0.000000000000000000e+00
1.533584594726562500e+02 2.239990234375000000e-02 0.000000000000000000e+00
1.541658325195312500e+02 1.922607421875000000e-02 0.000000000000000000e+00
1.546107788085937500e+02 2.856445312500000000e-02 0.000000000000000000e+00
1.546611938476562500e+02 3.308105468750000000e-02 0.000000000000000000e+00
1.543762817382812500e+02 2.215576171875000000e-02 0.000000000000000000e+00
1.540534667968750000e+02 1.983642578125000000e-02 0.000000000000000000e+00
1.540961914062500000e+02 1.641845703125000000e-02 0.000000000000000000e+00
1.541913452148437500e+02 1.629638671875000000e-02 0.000000000000000000e+00
1.543351440429687500e+02 1.971435546875000000e-02 0.000000000000000000e+00
1.548369750976562500e+02 3.118896484375000000e-02 0.000000000000000000e+00
1.550109863281250000e+02 3.735351562500000000e-02 0.000000000000000000e+00
1.543176879882812500e+02 2.435302734375000000e-02 0.000000000000000000e+00
1.528945312500000000e+02 4.760742187500000000e-03 0.000000000000000000e+00
1.522336425781250000e+02 2.014160156250000000e-03 0.000000000000000000e+00
1.520119628906250000e+02 1.708984375000000000e-03 0.000000000000000000e+00
1.521289672851562500e+02 1.708984375000000000e-03 0.000000000000000000e+00
1.525557861328125000e+02 5.615234375000000000e-03 0.000000000000000000e+00
1.531863403320312500e+02 4.882812500000000000e-03 0.000000000000000000e+00
1.538751220703125000e+02 4.455566406250000000e-03 0.000000000000000000e+00
1.544071655273437500e+02 1.263427734375000000e-02 0.000000000000000000e+00
1.551225585937500000e+02 1.916503906250000000e-02 0.000000000000000000e+00
1.560582275390625000e+02 2.752685546875000000e-02 0.000000000000000000e+00
1.567591552734375000e+02 3.033447265625000000e-02 0.000000000000000000e+00
1.570926513671875000e+02 2.502441406250000000e-02 0.000000000000000000e+00
1.574357910156250000e+02 2.160644531250000000e-02 0.000000000000000000e+00
1.577295532226562500e+02 2.178955078125000000e-02 0.000000000000000000e+00
1.581952514648437500e+02 2.532958984375000000e-02 0.000000000000000000e+00
1.587213745117187500e+02 1.824951171875000000e-02 0.000000000000000000e+00
1.591547241210937500e+02 3.894042968750000000e-02 0.000000000000000000e+00
1.594558715820312500e+02 2.850341796875000000e-02 0.000000000000000000e+00
1.598256835937500000e+02 2.581787109375000000e-02 0.000000000000000000e+00
1.601636352539062500e+02 3.710937500000000000e-02 0.000000000000000000e+00
1.604345092773437500e+02 4.321289062500000000e-02 0.000000000000000000e+00
1.606792602539062500e+02 5.041503906250000000e-02 0.000000000000000000e+00
1.607984008789062500e+02 4.882812500000000000e-02 0.000000000000000000e+00
1.607866210937500000e+02 5.395507812500000000e-02 0.000000000000000000e+00
1.608971557617187500e+02 5.914306640625000000e-02 0.000000000000000000e+00
1.610273437500000000e+02 5.987548828125000000e-02 0.000000000000000000e+00
1.610642089843750000e+02 6.396484375000000000e-02 0.000000000000000000e+00
1.611575317382812500e+02 7.611083984375000000e-02 0.000000000000000000e+00
1.611962890625000000e+02 7.421875000000000000e-02 0.000000000000000000e+00
1.613826904296875000e+02 7.385253906250000000e-02 0.000000000000000000e+00
1.618801879882812500e+02 1.070556640625000000e-01 0.000000000000000000e+00
1.623208618164062500e+02 1.470947265625000000e-01 0.000000000000000000e+00
1.631896362304687500e+02 1.608886718750000000e-01 0.000000000000000000e+00
1.639143066406250000e+02 1.878662109375000000e-01 0.000000000000000000e+00
1.642586669921875000e+02 2.022094726562500000e-01 0.000000000000000000e+00
1.639298095703125000e+02 1.491699218750000000e-01 0.000000000000000000e+00
1.618987426757812500e+02 4.077148437500000000e-02 0.000000000000000000e+00
1.596512451171875000e+02 1.361083984375000000e-02 0.000000000000000000e+00
1.592789306640625000e+02 8.666992187500000000e-03 0.000000000000000000e+00
1.592081909179687500e+02 8.483886718750000000e-03 0.000000000000000000e+00
1.599583129882812500e+02 2.441406250000000000e-02 0.000000000000000000e+00
1.603423461914062500e+02 3.021240234375000000e-02 0.000000000000000000e+00
1.603799438476562500e+02 2.996826171875000000e-02 0.000000000000000000e+00
1.600684814453125000e+02 1.062011718750000000e-02 0.000000000000000000e+00
1.601164550781250000e+02 1.171875000000000000e-02 0.000000000000000000e+00
1.604219360351562500e+02 2.014160156250000000e-02 0.000000000000000000e+00
1.605708618164062500e+02 1.757812500000000000e-02 0.000000000000000000e+00
1.608719482421875000e+02 1.776123046875000000e-02 0.000000000000000000e+00
1.610006103515625000e+02 1.678466796875000000e-02 0.000000000000000000e+00
1.611884155273437500e+02 2.526855468750000000e-02 0.000000000000000000e+00
1.612753906250000000e+02 2.264404296875000000e-02 0.000000000000000000e+00
1.615858154296875000e+02 3.051757812500000000e-02 0.000000000000000000e+00
1.617673950195312500e+02 4.071044921875000000e-02 0.000000000000000000e+00
1.621001586914062500e+02 3.948974609375000000e-02 0.000000000000000000e+00
1.628334350585937500e+02 5.529785156250000000e-02 0.000000000000000000e+00
1.639053955078125000e+02 1.075439453125000000e-01 0.000000000000000000e+00
1.649404296875000000e+02 1.566772460937500000e-01 0.000000000000000000e+00
1.655818481445312500e+02 2.120971679687500000e-01 0.000000000000000000e+00
1.661727294921875000e+02 2.670898437500000000e-01 0.000000000000000000e+00
1.663609008789062500e+02 3.049926757812500000e-01 0.000000000000000000e+00
1.663878173828125000e+02 2.675781250000000000e-01 0.000000000000000000e+00
1.661666870117187500e+02 2.053222656250000000e-01 0.000000000000000000e+00
1.661242675781250000e+02 1.878662109375000000e-01 0.000000000000000000e+00
1.660120849609375000e+02 1.961669921875000000e-01 0.000000000000000000e+00
1.663771972656250000e+02 2.327270507812500000e-01 0.000000000000000000e+00
1.669760131835937500e+02 2.631225585937500000e-01 0.000000000000000000e+00
1.672287597656250000e+02 3.020019531250000000e-01 0.000000000000000000e+00
1.673101196289062500e+02 3.494873046875000000e-01 0.000000000000000000e+00
1.672221679687500000e+02 3.654785156250000000e-01 0.000000000000000000e+00
1.667789916992187500e+02 3.928833007812500000e-01 0.000000000000000000e+00
1.662461547851562500e+02 2.546997070312500000e-01 0.000000000000000000e+00
1.648195800781250000e+02 1.108398437500000000e-01 0.000000000000000000e+00
1.638035888671875000e+02 8.386230468750000000e-02 0.000000000000000000e+00
1.632854003906250000e+02 1.043090820312500000e-01 0.000000000000000000e+00
1.632726440429687500e+02 1.049194335937500000e-01 0.000000000000000000e+00
1.633693237304687500e+02 1.250610351562500000e-01 0.000000000000000000e+00
1.636074218750000000e+02 1.732177734375000000e-01 0.000000000000000000e+00
1.637130737304687500e+02 1.698608398437500000e-01 0.000000000000000000e+00
1.638191528320312500e+02 1.868286132812500000e-01 0.000000000000000000e+00
1.637003784179687500e+02 1.865844726562500000e-01 0.000000000000000000e+00
1.630777587890625000e+02 1.583862304687500000e-01 0.000000000000000000e+00
1.626503295898437500e+02 1.191406250000000000e-01 0.000000000000000000e+00
1.626152343750000000e+02 1.294555664062500000e-01 0.000000000000000000e+00
1.622572021484375000e+02 1.602783203125000000e-01 0.000000000000000000e+00
1.616377563476562500e+02 1.383056640625000000e-01 0.000000000000000000e+00
1.611289672851562500e+02 1.409301757812500000e-01 0.000000000000000000e+00
1.610070800781250000e+02 1.220703125000000000e-01 0.000000000000000000e+00
1.605490722656250000e+02 1.263427734375000000e-01 0.000000000000000000e+00
1.599390869140625000e+02 1.105957031250000000e-01 0.000000000000000000e+00
1.595072631835937500e+02 9.704589843750000000e-02 0.000000000000000000e+00
1.597990112304687500e+02 1.133422851562500000e-01 0.000000000000000000e+00
1.603546142578125000e+02 1.458129882812500000e-01 0.000000000000000000e+00
1.608469238281250000e+02 1.646118164062500000e-01 0.000000000000000000e+00
1.614077758789062500e+02 1.961059570312500000e-01 0.000000000000000000e+00
1.622005615234375000e+02 2.340698242187500000e-01 0.000000000000000000e+00
1.623043212890625000e+02 2.583007812500000000e-01 0.000000000000000000e+00
1.626431274414062500e+02 2.583618164062500000e-01 0.000000000000000000e+00
1.626002197265625000e+02 2.384643554687500000e-01 0.000000000000000000e+00
1.625732421875000000e+02 2.619018554687500000e-01 0.000000000000000000e+00
1.627499389648437500e+02 2.864379882812500000e-01 0.000000000000000000e+00
1.627273559570312500e+02 2.915649414062500000e-01 0.000000000000000000e+00
1.595671997070312500e+02 1.072998046875000000e-01 0.000000000000000000e+00
1.567213745117187500e+02 2.416992187500000000e-02 0.000000000000000000e+00
1.552106933593750000e+02 1.348876953125000000e-02 0.000000000000000000e+00
1.547356567382812500e+02 1.550292968750000000e-02 0.000000000000000000e+00
1.550438842773437500e+02 1.806640625000000000e-02 0.000000000000000000e+00
1.567490234375000000e+02 2.111816406250000000e-02 0.000000000000000000e+00
1.576469726562500000e+02 6.268310546875000000e-02 0.000000000000000000e+00
1.582086181640625000e+02 8.282470703125000000e-02 0.000000000000000000e+00
1.584385375976562500e+02 1.367797851562500000e-01 0.000000000000000000e+00
1.587011718750000000e+02 1.858520507812500000e-01 0.000000000000000000e+00
1.593504638671875000e+02 2.076416015625000000e-01 0.000000000000000000e+00
1.598638305664062500e+02 2.075195312500000000e-01 0.000000000000000000e+00
1.599359130859375000e+02 2.026367187500000000e-01 0.000000000000000000e+00
1.595964965820312500e+02 2.045898437500000000e-01 0.000000000000000000e+00
1.592516479492187500e+02 1.824951171875000000e-01 0.000000000000000000e+00
1.592313842773437500e+02 1.491699218750000000e-01 0.000000000000000000e+00
1.593607788085937500e+02 1.301879882812500000e-01 0.000000000000000000e+00
1.594572143554687500e+02 1.217041015625000000e-01 0.000000000000000000e+00
1.593117065429687500e+02 1.251220703125000000e-01 0.000000000000000000e+00
1.594454956054687500e+02 1.626586914062500000e-01 0.000000000000000000e+00
1.599092407226562500e+02 1.875610351562500000e-01 0.000000000000000000e+00
1.613173828125000000e+02 2.443847656250000000e-01 0.000000000000000000e+00
1.627041015625000000e+02 3.576660156250000000e-01 0.000000000000000000e+00
1.634841918945312500e+02 4.678955078125000000e-01 0.000000000000000000e+00
1.638533325195312500e+02 4.919433593750000000e-01 0.000000000000000000e+00
1.644590454101562500e+02 5.885009765625000000e-01 0.000000000000000000e+00
1.649292602539062500e+02 6.164550781250000000e-01 0.000000000000000000e+00
1.649988403320312500e+02 6.000366210937500000e-01 0.000000000000000000e+00
1.633394775390625000e+02 3.801879882812500000e-01 0.000000000000000000e+00
1.605043334960937500e+02 1.081542968750000000e-01 0.000000000000000000e+00
1.581763916015625000e+02 4.254150390625000000e-02 0.000000000000000000e+00
1.575624389648437500e+02 4.425048828125000000e-02 0.000000000000000000e+00
1.574216918945312500e+02 4.864501953125000000e-02 0.000000000000000000e+00
1.576063232421875000e+02 4.949951171875000000e-02 0.000000000000000000e+00
1.577105712890625000e+02 6.512451171875000000e-02 0.000000000000000000e+00
1.578983154296875000e+02 8.325195312500000000e-02 0.000000000000000000e+00
1.579634399414062500e+02 8.612060546875000000e-02 0.000000000000000000e+00
1.579269409179687500e+02 9.033203125000000000e-02 0.000000000000000000e+00
1.580770874023437500e+02 1.030273437500000000e-01 0.000000000000000000e+00
1.581782836914062500e+02 1.122436523437500000e-01 0.000000000000000000e+00
1.583217773437500000e+02 1.257324218750000000e-01 0.000000000000000000e+00
1.583814697265625000e+02 1.179809570312500000e-01 0.000000000000000000e+00
1.582321777343750000e+02 1.180419921875000000e-01 0.000000000000000000e+00
1.581206665039062500e+02 8.502197265625000000e-02 0.000000000000000000e+00
1.580286254882812500e+02 8.929443359375000000e-02 0.000000000000000000e+00
1.579453125000000000e+02 1.088867187500000000e-01 0.000000000000000000e+00
1.578668823242187500e+02 1.292114257812500000e-01 0.000000000000000000e+00
1.581146240234375000e+02 1.300659179687500000e-01 0.000000000000000000e+00
1.585092773437500000e+02 1.507568359375000000e-01 0.000000000000000000e+00
1.588119506835937500e+02 1.755371093750000000e-01 0.000000000000000000e+00
1.589953002929687500e+02 2.037963867187500000e-01 0.000000000000000000e+00
1.592536010742187500e+02 2.023925781250000000e-01 0.000000000000000000e+00
1.594382934570312500e+02 2.021484375000000000e-01 0.000000000000000000e+00
1.597094116210937500e+02 2.347412109375000000e-01 0.000000000000000000e+00
1.599918823242187500e+02 2.625122070312500000e-01 0.000000000000000000e+00
1.600557250976562500e+02 2.568969726562500000e-01 0.000000000000000000e+00
1.594825439453125000e+02 2.415161132812500000e-01 0.000000000000000000e+00
1.571031494140625000e+02 8.300781250000000000e-02 0.000000000000000000e+00
1.552592773437500000e+02 3.643798828125000000e-02 0.000000000000000000e+00
1.541273193359375000e+02 2.539062500000000000e-02 0.000000000000000000e+00
1.540977172851562500e+02 2.081298828125000000e-02 0.000000000000000000e+00
1.542821044921875000e+02 2.362060546875000000e-02 0.000000000000000000e+00
1.543710937500000000e+02 2.252197265625000000e-02 0.000000000000000000e+00
1.545784912109375000e+02 2.606201171875000000e-02 0.000000000000000000e+00
1.551302490234375000e+02 3.295898437500000000e-02 0.000000000000000000e+00
1.559116821289062500e+02 3.448486328125000000e-02 0.000000000000000000e+00
1.560612792968750000e+02 4.309082031250000000e-02 0.000000000000000000e+00
1.563087158203125000e+02 4.443359375000000000e-02 0.000000000000000000e+00
1.564670410156250000e+02 4.125976562500000000e-02 0.000000000000000000e+00
1.565932006835937500e+02 4.010009765625000000e-02 0.000000000000000000e+00
1.564260253906250000e+02 3.680419921875000000e-02 0.000000000000000000e+00
1.562827148437500000e+02 3.167724609375000000e-02 0.000000000000000000e+00
1.562521362304687500e+02 3.106689453125000000e-02 0.000000000000000000e+00
1.562233276367187500e+02 2.966308593750000000e-02 0.000000000000000000e+00
1.559566650390625000e+02 3.503417968750000000e-02 0.000000000000000000e+00
1.552664184570312500e+02 2.801513671875000000e-02 0.000000000000000000e+00
1.548595581054687500e+02 2.844238281250000000e-02 0.000000000000000000e+00
1.547965698242187500e+02 3.302001953125000000e-02 0.000000000000000000e+00
1.547730102539062500e+02 4.077148437500000000e-02 0.000000000000000000e+00
1.549038085937500000e+02 3.417968750000000000e-02 0.000000000000000000e+00
1.548674316406250000e+02 5.584716796875000000e-02 0.000000000000000000e+00
1.550676269531250000e+02 5.889892578125000000e-02 0.000000000000000000e+00
1.551965942382812500e+02 7.135009765625000000e-02 0.000000000000000000e+00
1.551617431640625000e+02 5.975341796875000000e-02 0.000000000000000000e+00
1.535996093750000000e+02 3.649902343750000000e-02 0.000000000000000000e+00
1.521534423828125000e+02 7.751464843750000000e-03 0.000000000000000000e+00
1.509270019531250000e+02 4.821777343750000000e-03 0.000000000000000000e+00
1.504564208984375000e+02 1.892089843750000000e-03 0.000000000000000000e+00
1.500887451171875000e+02 5.493164062500000000e-03 0.000000000000000000e+00
1.500826416015625000e+02 3.417968750000000000e-03 0.000000000000000000e+00
1.500261230468750000e+02 3.540039062500000000e-03 0.000000000000000000e+00
1.501054687500000000e+02 3.173828125000000000e-03 0.000000000000000000e+00
1.503825683593750000e+02 5.126953125000000000e-03 0.000000000000000000e+00
1.506202392578125000e+02 4.699707031250000000e-03 0.000000000000000000e+00
1.508874511718750000e+02 4.333496093750000000e-03 0.000000000000000000e+00
1.509203491210937500e+02 4.211425781250000000e-03 0.000000000000000000e+00
1.506216430664062500e+02 3.234863281250000000e-03 0.000000000000000000e+00
1.502734375000000000e+02 3.234863281250000000e-03 0.000000000000000000e+00
1.501236572265625000e+02 3.662109375000000000e-03 0.000000000000000000e+00
1.501040039062500000e+02 3.662109375000000000e-03 0.000000000000000000e+00
1.500366821289062500e+02 3.662109375000000000e-03 0.000000000000000000e+00
1.501627197265625000e+02 3.234863281250000000e-03 0.000000000000000000e+00
1.506510620117187500e+02 4.272460937500000000e-03 0.000000000000000000e+00
1.517602539062500000e+02 6.347656250000000000e-03 0.000000000000000000e+00
1.520522460937500000e+02 1.440429687500000000e-02 0.000000000000000000e+00
1.519590454101562500e+02 6.042480468750000000e-03 0.000000000000000000e+00
1.517105102539062500e+02 4.577636718750000000e-03 0.000000000000000000e+00
1.514197387695312500e+02 3.295898437500000000e-03 0.000000000000000000e+00
1.513420410156250000e+02 3.234863281250000000e-03 0.000000000000000000e+00
1.512630004882812500e+02 3.723144531250000000e-03 0.000000000000000000e+00
1.511279296875000000e+02 1.342773437500000000e-03 0.000000000000000000e+00
1.503435668945312500e+02 1.159667968750000000e-03 0.000000000000000000e+00
1.491359863281250000e+02 0.000000000000000000e+00 0.000000000000000000e+00
1.488591918945312500e+02 0.000000000000000000e+00 0.000000000000000000e+00
1.479628295898437500e+02 0.000000000000000000e+00 0.000000000000000000e+00
1.472949218750000000e+02 0.000000000000000000e+00 0.000000000000000000e+00
1.468159179687500000e+02 0.000000000000000000e+00 0.000000000000000000e+00
1.467573852539062500e+02 0.000000000000000000e+00 0.000000000000000000e+00
1.467358398437500000e+02 0.000000000000000000e+00 0.000000000000000000e+00
1.470800170898437500e+02 0.000000000000000000e+00 0.000000000000000000e+00
1.475660400390625000e+02 0.000000000000000000e+00 0.000000000000000000e+00
1.479916992187500000e+02 0.000000000000000000e+00 0.000000000000000000e+00
1.474063110351562500e+02 0.000000000000000000e+00 0.000000000000000000e+00
1.467027587890625000e+02 0.000000000000000000e+00 0.000000000000000000e+00
1.459050292968750000e+02 0.000000000000000000e+00 0.000000000000000000e+00
1.457987670898437500e+02 0.000000000000000000e+00 0.000000000000000000e+00
1.463281250000000000e+02 0.000000000000000000e+00 0.000000000000000000e+00
1.472573242187500000e+02 0.000000000000000000e+00 0.000000000000000000e+00
1.473106689453125000e+02 0.000000000000000000e+00 0.000000000000000000e+00
1.467564697265625000e+02 0.000000000000000000e+00 0.000000000000000000e+00
1.456543579101562500e+02 0.000000000000000000e+00 0.000000000000000000e+00
1.452211303710937500e+02 0.000000000000000000e+00 0.000000000000000000e+00
1.447993164062500000e+02 0.000000000000000000e+00 0.000000000000000000e+00
1.447137451171875000e+02 0.000000000000000000e+00 0.000000000000000000e+00
1.450109252929687500e+02 0.000000000000000000e+00 0.000000000000000000e+00
1.460802612304687500e+02 0.000000000000000000e+00 0.000000000000000000e+00
1.473147583007812500e+02 0.000000000000000000e+00 0.000000000000000000e+00
1.478839111328125000e+02 0.000000000000000000e+00 0.000000000000000000e+00
1.481495361328125000e+02 0.000000000000000000e+00 0.000000000000000000e+00
1.477246704101562500e+02 0.000000000000000000e+00 0.000000000000000000e+00
1.450259399414062500e+02 0.000000000000000000e+00 0.000000000000000000e+00
1.427344360351562500e+02 0.000000000000000000e+00 0.000000000000000000e+00
1.421566162109375000e+02 0.000000000000000000e+00 0.000000000000000000e+00
1.422869873046875000e+02 0.000000000000000000e+00 0.000000000000000000e+00
1.429913330078125000e+02 0.000000000000000000e+00 0.000000000000000000e+00
1.437774047851562500e+02 0.000000000000000000e+00 0.000000000000000000e+00
1.439722290039062500e+02 0.000000000000000000e+00 0.000000000000000000e+00
1.441317138671875000e+02 0.000000000000000000e+00 0.000000000000000000e+00
1.440648193359375000e+02 0.000000000000000000e+00 0.000000000000000000e+00
1.439036254882812500e+02 0.000000000000000000e+00 0.000000000000000000e+00
1.437625122070312500e+02 0.000000000000000000e+00 0.000000000000000000e+00
1.431845703125000000e+02 0.000000000000000000e+00 0.000000000000000000e+00
1.426027832031250000e+02 0.000000000000000000e+00 0.000000000000000000e+00
1.426795654296875000e+02 0.000000000000000000e+00 0.000000000000000000e+00
1.428327026367187500e+02 0.000000000000000000e+00 0.000000000000000000e+00
1.432256469726562500e+02 0.000000000000000000e+00 0.000000000000000000e+00
1.435678710937500000e+02 0.000000000000000000e+00 0.000000000000000000e+00
1.437539672851562500e+02 0.000000000000000000e+00 0.000000000000000000e+00
1.437453002929687500e+02 0.000000000000000000e+00 0.000000000000000000e+00
1.435866088867187500e+02 0.000000000000000000e+00 0.000000000000000000e+00
1.430346679687500000e+02 0.000000000000000000e+00 0.000000000000000000e+00
1.423703613281250000e+02 0.000000000000000000e+00 0.000000000000000000e+00
1.421285400390625000e+02 0.000000000000000000e+00 0.000000000000000000e+00
1.419817504882812500e+02 0.000000000000000000e+00 0.000000000000000000e+00
1.428898925781250000e+02 0.000000000000000000e+00 0.000000000000000000e+00
1.453128662109375000e+02 0.000000000000000000e+00 0.000000000000000000e+00
1.470355224609375000e+02 0.000000000000000000e+00 0.000000000000000000e+00
1.477791137695312500e+02 0.000000000000000000e+00 0.000000000000000000e+00
1.480516357421875000e+02 0.000000000000000000e+00 0.000000000000000000e+00
1.480809326171875000e+02 0.000000000000000000e+00 0.000000000000000000e+00
1.475721435546875000e+02 0.000000000000000000e+00 0.000000000000000000e+00
1.461250610351562500e+02 0.000000000000000000e+00 0.000000000000000000e+00
1.450812377929687500e+02 0.000000000000000000e+00 0.000000000000000000e+00
1.448891601562500000e+02 0.000000000000000000e+00 0.000000000000000000e+00
1.447388305664062500e+02 0.000000000000000000e+00 0.000000000000000000e+00
1.449356689453125000e+02 0.000000000000000000e+00 0.000000000000000000e+00
1.448697509765625000e+02 0.000000000000000000e+00 0.000000000000000000e+00
1.444828491210937500e+02 0.000000000000000000e+00 0.000000000000000000e+00
1.433024902343750000e+02 0.000000000000000000e+00 0.000000000000000000e+00
1.418297729492187500e+02 0.000000000000000000e+00 0.000000000000000000e+00
1.412567138671875000e+02 0.000000000000000000e+00 0.000000000000000000e+00
1.409096069335937500e+02 0.000000000000000000e+00 0.000000000000000000e+00
1.410112304687500000e+02 0.000000000000000000e+00 0.000000000000000000e+00
1.412785034179687500e+02 0.000000000000000000e+00 0.000000000000000000e+00
1.425701293945312500e+02 0.000000000000000000e+00 0.000000000000000000e+00
1.434828491210937500e+02 0.000000000000000000e+00 0.000000000000000000e+00
1.433796386718750000e+02 0.000000000000000000e+00 0.000000000000000000e+00
1.424472656250000000e+02 0.000000000000000000e+00 0.000000000000000000e+00
1.401614990234375000e+02 0.000000000000000000e+00 0.000000000000000000e+00
1.393213500976562500e+02 0.000000000000000000e+00 0.000000000000000000e+00
1.320169677734375000e+02 0.000000000000000000e+00 0.000000000000000000e+00
1.245313720703125000e+02 0.000000000000000000e+00 0.000000000000000000e+00
1.246275024414062500e+02 0.000000000000000000e+00 0.000000000000000000e+00
1.263190307617187500e+02 0.000000000000000000e+00 0.000000000000000000e+00
1.286541748046875000e+02 0.000000000000000000e+00 0.000000000000000000e+00
1.303404541015625000e+02 0.000000000000000000e+00 0.000000000000000000e+00
1.318361206054687500e+02 0.000000000000000000e+00 0.000000000000000000e+00
1.324649658203125000e+02 0.000000000000000000e+00 0.000000000000000000e+00
1.330900268554687500e+02 0.000000000000000000e+00 0.000000000000000000e+00
1.336338500976562500e+02 0.000000000000000000e+00 0.000000000000000000e+00
1.342102050781250000e+02 0.000000000000000000e+00 0.000000000000000000e+00
1.343181152343750000e+02 0.000000000000000000e+00 0.000000000000000000e+00
1.330877685546875000e+02 0.000000000000000000e+00 0.000000000000000000e+00
1.324235839843750000e+02 0.000000000000000000e+00 0.000000000000000000e+00
1.319307861328125000e+02 0.000000000000000000e+00 0.000000000000000000e+00
1.310310668945312500e+02 0.000000000000000000e+00 0.000000000000000000e+00
1.303248291015625000e+02 0.000000000000000000e+00 0.000000000000000000e+00
1.287985229492187500e+02 0.000000000000000000e+00 0.000000000000000000e+00
1.267006835937500000e+02 0.000000000000000000e+00 0.000000000000000000e+00
1.242477416992187500e+02 0.000000000000000000e+00 0.000000000000000000e+00
1.223163452148437500e+02 0.000000000000000000e+00 0.000000000000000000e+00
1.213264160156250000e+02 0.000000000000000000e+00 0.000000000000000000e+00
1.211076049804687500e+02 0.000000000000000000e+00 0.000000000000000000e+00
1.215145874023437500e+02 0.000000000000000000e+00 0.000000000000000000e+00
1.218836669921875000e+02 0.000000000000000000e+00 0.000000000000000000e+00
1.215998535156250000e+02 0.000000000000000000e+00 0.000000000000000000e+00
1.193944091796875000e+02 0.000000000000000000e+00 0.000000000000000000e+00
1.172894897460937500e+02 0.000000000000000000e+00 0.000000000000000000e+00
1.153112792968750000e+02 0.000000000000000000e+00 0.000000000000000000e+00
1.143599243164062500e+02 0.000000000000000000e+00 0.000000000000000000e+00
1.143559570312500000e+02 0.000000000000000000e+00 0.000000000000000000e+00
1.162855224609375000e+02 0.000000000000000000e+00 0.000000000000000000e+00
1.183879394531250000e+02 0.000000000000000000e+00 0.000000000000000000e+00
1.200162353515625000e+02 0.000000000000000000e+00 0.000000000000000000e+00
1.211114501953125000e+02 0.000000000000000000e+00 0.000000000000000000e+00
1.214149780273437500e+02 0.000000000000000000e+00 0.000000000000000000e+00
1.222014160156250000e+02 0.000000000000000000e+00 0.000000000000000000e+00
1.228876953125000000e+02 0.000000000000000000e+00 0.000000000000000000e+00
1.230150756835937500e+02 0.000000000000000000e+00 0.000000000000000000e+00
1.234275512695312500e+02 0.000000000000000000e+00 0.000000000000000000e+00
1.240480957031250000e+02 0.000000000000000000e+00 0.000000000000000000e+00
1.239085693359375000e+02 0.000000000000000000e+00 0.000000000000000000e+00
1.201031494140625000e+02 0.000000000000000000e+00 0.000000000000000000e+00
1.174850463867187500e+02 0.000000000000000000e+00 0.000000000000000000e+00
1.172983398437500000e+02 0.000000000000000000e+00 0.000000000000000000e+00
1.172810058593750000e+02 0.000000000000000000e+00 0.000000000000000000e+00
1.172960815429687500e+02 0.000000000000000000e+00 0.000000000000000000e+00
1.177957153320312500e+02 0.000000000000000000e+00 0.000000000000000000e+00
1.182748413085937500e+02 0.000000000000000000e+00 0.000000000000000000e+00
1.185545043945312500e+02 0.000000000000000000e+00 0.000000000000000000e+00
1.184036865234375000e+02 0.000000000000000000e+00 0.000000000000000000e+00
1.183739624023437500e+02 0.000000000000000000e+00 0.000000000000000000e+00
1.186050415039062500e+02 0.000000000000000000e+00 0.000000000000000000e+00
1.187010498046875000e+02 0.000000000000000000e+00 0.000000000000000000e+00
1.186043090820312500e+02 0.000000000000000000e+00 0.000000000000000000e+00
1.183614501953125000e+02 0.000000000000000000e+00 0.000000000000000000e+00
1.180180664062500000e+02 0.000000000000000000e+00 0.000000000000000000e+00
1.178881835937500000e+02 0.000000000000000000e+00 0.000000000000000000e+00
1.177406005859375000e+02 0.000000000000000000e+00 0.000000000000000000e+00
1.173961791992187500e+02 0.000000000000000000e+00 0.000000000000000000e+00
1.166804199218750000e+02 0.000000000000000000e+00 0.000000000000000000e+00
1.172110595703125000e+02 0.000000000000000000e+00 0.000000000000000000e+00
1.177238159179687500e+02 0.000000000000000000e+00 0.000000000000000000e+00
1.186667480468750000e+02 0.000000000000000000e+00 0.000000000000000000e+00
1.186751708984375000e+02 0.000000000000000000e+00 0.000000000000000000e+00
1.179211425781250000e+02 0.000000000000000000e+00 0.000000000000000000e+00
1.179657592773437500e+02 0.000000000000000000e+00 0.000000000000000000e+00
1.173113403320312500e+02 0.000000000000000000e+00 0.000000000000000000e+00
1.145728149414062500e+02 0.000000000000000000e+00 0.000000000000000000e+00
1.114162597656250000e+02 0.000000000000000000e+00 0.000000000000000000e+00
1.085234375000000000e+02 0.000000000000000000e+00 0.000000000000000000e+00
1.058948364257812500e+02 0.000000000000000000e+00 0.000000000000000000e+00
1.022048950195312500e+02 0.000000000000000000e+00 0.000000000000000000e+00
9.716790771484375000e+01 0.000000000000000000e+00 0.000000000000000000e+00
9.330694580078125000e+01 0.000000000000000000e+00 0.000000000000000000e+00
9.010577392578125000e+01 0.000000000000000000e+00 0.000000000000000000e+00
8.735229492187500000e+01 0.000000000000000000e+00 0.000000000000000000e+00
8.707556152343750000e+01 0.000000000000000000e+00 0.000000000000000000e+00
8.656994628906250000e+01 0.000000000000000000e+00 0.000000000000000000e+00
8.558703613281250000e+01 0.000000000000000000e+00 0.000000000000000000e+00
8.389440917968750000e+01 0.000000000000000000e+00 0.000000000000000000e+00
8.267871093750000000e+01 0.000000000000000000e+00 0.000000000000000000e+00
8.293310546875000000e+01 0.000000000000000000e+00 0.000000000000000000e+00
8.302990722656250000e+01 0.000000000000000000e+00 0.000000000000000000e+00
8.189447021484375000e+01 0.000000000000000000e+00 0.000000000000000000e+00
8.072082519531250000e+01 0.000000000000000000e+00 0.000000000000000000e+00
8.091186523437500000e+01 0.000000000000000000e+00 0.000000000000000000e+00
8.015875244140625000e+01 0.000000000000000000e+00 0.000000000000000000e+00
7.987365722656250000e+01 0.000000000000000000e+00 0.000000000000000000e+00
8.067065429687500000e+01 0.000000000000000000e+00 0.000000000000000000e+00
8.139935302734375000e+01 0.000000000000000000e+00 0.000000000000000000e+00
8.211749267578125000e+01 0.000000000000000000e+00 0.000000000000000000e+00
8.213281250000000000e+01 0.000000000000000000e+00 0.000000000000000000e+00
8.264666748046875000e+01 0.000000000000000000e+00 0.000000000000000000e+00
8.414123535156250000e+01 0.000000000000000000e+00 0.000000000000000000e+00
8.533843994140625000e+01 0.000000000000000000e+00 0.000000000000000000e+00
8.600897216796875000e+01 0.000000000000000000e+00 0.000000000000000000e+00
8.691040039062500000e+01 0.000000000000000000e+00 0.000000000000000000e+00
8.740161132812500000e+01 0.000000000000000000e+00 0.000000000000000000e+00
8.813897705078125000e+01 0.000000000000000000e+00 0.000000000000000000e+00
8.910015869140625000e+01 0.000000000000000000e+00 0.000000000000000000e+00
8.897357177734375000e+01 0.000000000000000000e+00 0.000000000000000000e+00
8.869952392578125000e+01 0.000000000000000000e+00 0.000000000000000000e+00
8.875982666015625000e+01 0.000000000000000000e+00 0.000000000000000000e+00
8.886376953125000000e+01 0.000000000000000000e+00 0.000000000000000000e+00
8.867651367187500000e+01 0.000000000000000000e+00 0.000000000000000000e+00
8.739880371093750000e+01 0.000000000000000000e+00 0.000000000000000000e+00
