1.353477172851562500e+02 0.000000000000000000e+00 0.000000000000000000e+00
1.353477172851562500e+02 0.000000000000000000e+00 0.000000000000000000e+00
1.353916015625000000e+02 0.000000000000000000e+00 0.000000000000000000e+00
1.347722167968750000e+02 0.000000000000000000e+00 0.000000000000000000e+00
1.332081298828125000e+02 0.000000000000000000e+00 0.000000000000000000e+00
1.322052612304687500e+02 0.000000000000000000e+00 0.000000000000000000e+00
1.314670410156250000e+02 0.000000000000000000e+00 0.000000000000000000e+00
1.310102539062500000e+02 0.000000000000000000e+00 0.000000000000000000e+00
1.308444213867187500e+02 0.000000000000000000e+00 0.000000000000000000e+00
1.305415039062500000e+02 0.000000000000000000e+00 0.000000000000000000e+00
1.303228149414062500e+02 0.000000000000000000e+00 0.000000000000000000e+00
1.302852783203125000e+02 0.000000000000000000e+00 0.000000000000000000e+00
1.303266601562500000e+02 0.000000000000000000e+00 0.000000000000000000e+00
1.302862548828125000e+02 0.000000000000000000e+00 0.000000000000000000e+00
1.301942138671875000e+02 0.000000000000000000e+00 0.000000000000000000e+00
1.301405029296875000e+02 0.000000000000000000e+00 0.000000000000000000e+00
1.301435546875000000e+02 0.000000000000000000e+00 0.000000000000000000e+00
1.302484130859375000e+02 0.000000000000000000e+00 0.000000000000000000e+00
1.303422851562500000e+02 0.000000000000000000e+00 0.000000000000000000e+00
1.303282470703125000e+02 0.000000000000000000e+00 0.000000000000000000e+00
1.302765502929687500e+02 0.000000000000000000e+00 0.000000000000000000e+00
1.303137817382812500e+02 0.000000000000000000e+00 0.000000000000000000e+00
1.301268310546875000e+02 0.000000000000000000e+00 0.000000000000000000e+00
1.300306396484375000e+02 0.000000000000000000e+00 0.000000000000000000e+00
1.300394287109375000e+02 0.000000000000000000e+00 0.000000000000000000e+00
1.299910888671875000e+02 0.000000000000000000e+00 0.000000000000000000e+00
1.299087524414062500e+02 0.000000000000000000e+00 0.000000000000000000e+00
1.298932495117187500e+02 0.000000000000000000e+00 0.000000000000000000e+00
1.299218750000000000e+02 0.000000000000000000e+00 0.000000000000000000e+00
1.298748168945312500e+02 0.000000000000000000e+00 0.000000000000000000e+00
1.298635864257812500e+02 0.000000000000000000e+00 0.000000000000000000e+00
1.299295654296875000e+02 0.000000000000000000e+00 0.000000000000000000e+00
1.298988037109375000e+02 0.000000000000000000e+00 0.000000000000000000e+00
1.299479980468750000e+02 0.000000000000000000e+00 0.000000000000000000e+00
1.299424438476562500e+02 0.000000000000000000e+00 0.000000000000000000e+00
1.299476928710937500e+02 0.000000000000000000e+00 0.000000000000000000e+00
1.299945678710937500e+02 0.000000000000000000e+00 0.000000000000000000e+00
1.300158081054687500e+02 0.000000000000000000e+00 0.000000000000000000e+00
1.298938598632812500e+02 0.000000000000000000e+00 0.000000000000000000e+00
1.297743530273437500e+02 0.000000000000000000e+00 0.000000000000000000e+00
1.295693969726562500e+02 0.000000000000000000e+00 0.000000000000000000e+00
1.294655151367187500e+02 0.000000000000000000e+00 0.000000000000000000e+00
1.294601440429687500e+02 0.000000000000000000e+00 0.000000000000000000e+00
1.294555664062500000e+02 0.000000000000000000e+00 0.000000000000000000e+00
1.294953002929687500e+02 0.000000000000000000e+00 0.000000000000000000e+00
1.295490722656250000e+02 0.000000000000000000e+00 0.000000000000000000e+00
1.295396118164062500e+02 0.000000000000000000e+00 0.000000000000000000e+00
1.296555175781250000e+02 0.000000000000000000e+00 0.000000000000000000e+00
1.297780761718750000e+02 0.000000000000000000e+00 0.000000000000000000e+00
1.296639404296875000e+02 0.000000000000000000e+00 0.000000000000000000e+00
1.296743774414062500e+02 0.000000000000000000e+00 0.000000000000000000e+00
1.296204833984375000e+02 0.000000000000000000e+00 0.000000000000000000e+00
1.296116943359375000e+02 0.000000000000000000e+00 0.000000000000000000e+00
1.295471801757812500e+02 0.000000000000000000e+00 0.000000000000000000e+00
1.295535278320312500e+02 0.000000000000000000e+00 0.000000000000000000e+00
1.295893554687500000e+02 0.000000000000000000e+00 0.000000000000000000e+00
1.296147460937500000e+02 0.000000000000000000e+00 0.000000000000000000e+00
1.295729980468750000e+02 0.000000000000000000e+00 0.000000000000000000e+00
1.294943237304687500e+02 0.000000000000000000e+00 0.000000000000000000e+00
1.295046386718750000e+02 0.000000000000000000e+00 0.000000000000000000e+00
1.295762939453125000e+02 0.000000000000000000e+00 0.000000000000000000e+00
1.293815917968750000e+02 0.000000000000000000e+00 0.000000000000000000e+00
1.292291259765625000e+02 0.000000000000000000e+00 0.000000000000000000e+00
1.292929077148437500e+02 0.000000000000000000e+00 0.000000000000000000e+00
1.293015136718750000e+02 0.000000000000000000e+00 0.000000000000000000e+00
1.292888793945312500e+02 0.000000000000000000e+00 0.000000000000000000e+00
1.293231201171875000e+02 0.000000000000000000e+00 0.000000000000000000e+00
1.292648925781250000e+02 0.000000000000000000e+00 0.000000000000000000e+00
1.292155761718750000e+02 0.000000000000000000e+00 0.000000000000000000e+00
1.291862792968750000e+02 0.000000000000000000e+00 0.000000000000000000e+00
1.291722412109375000e+02 0.000000000000000000e+00 0.000000000000000000e+00
1.291456909179687500e+02 0.000000000000000000e+00 0.000000000000000000e+00
1.292195434570312500e+02 0.000000000000000000e+00 0.000000000000000000e+00
1.293036499023437500e+02 0.000000000000000000e+00 0.000000000000000000e+00
1.292918090820312500e+02 0.000000000000000000e+00 0.000000000000000000e+00
1.292473144531250000e+02 0.000000000000000000e+00 0.000000000000000000e+00
1.292365722656250000e+02 0.000000000000000000e+00 0.000000000000000000e+00
1.293049926757812500e+02 0.000000000000000000e+00 0.000000000000000000e+00
1.292612915039062500e+02 0.000000000000000000e+00 0.000000000000000000e+00
1.292113647460937500e+02 0.000000000000000000e+00 0.000000000000000000e+00
1.291317138671875000e+02 0.000000000000000000e+00 0.000000000000000000e+00
1.292857055664062500e+02 0.000000000000000000e+00 0.000000000000000000e+00
1.291062622070312500e+02 0.000000000000000000e+00 0.000000000000000000e+00
1.290241699218750000e+02 0.000000000000000000e+00 0.000000000000000000e+00
1.289742431640625000e+02 0.000000000000000000e+00 0.000000000000000000e+00
1.290436401367187500e+02 0.000000000000000000e+00 0.000000000000000000e+00
1.290711059570312500e+02 0.000000000000000000e+00 0.000000000000000000e+00
1.289944458007812500e+02 0.000000000000000000e+00 0.000000000000000000e+00
1.290280761718750000e+02 0.000000000000000000e+00 0.000000000000000000e+00
1.289644165039062500e+02 0.000000000000000000e+00 0.000000000000000000e+00
1.289060058593750000e+02 0.000000000000000000e+00 0.000000000000000000e+00
1.289400634765625000e+02 0.000000000000000000e+00 0.000000000000000000e+00
1.289155883789062500e+02 0.000000000000000000e+00 0.000000000000000000e+00
1.289280395507812500e+02 0.000000000000000000e+00 0.000000000000000000e+00
1.289501953125000000e+02 0.000000000000000000e+00 0.000000000000000000e+00
1.289108276367187500e+02 0.000000000000000000e+00 0.000000000000000000e+00
1.290856323242187500e+02 0.000000000000000000e+00 0.000000000000000000e+00
1.291632690429687500e+02 0.000000000000000000e+00 0.000000000000000000e+00
1.292492065429687500e+02 0.000000000000000000e+00 0.000000000000000000e+00
1.292374877929687500e+02 0.000000000000000000e+00 0.000000000000000000e+00
1.293037109375000000e+02 0.000000000000000000e+00 0.000000000000000000e+00
1.294992065429687500e+02 0.000000000000000000e+00 0.000000000000000000e+00
1.296242065429687500e+02 0.000000000000000000e+00 0.000000000000000000e+00
1.296138305664062500e+02 0.000000000000000000e+00 0.000000000000000000e+00
1.296253662109375000e+02 0.000000000000000000e+00 0.000000000000000000e+00
1.296347656250000000e+02 0.000000000000000000e+00 0.000000000000000000e+00
1.295593261718750000e+02 0.000000000000000000e+00 0.000000000000000000e+00
1.294994506835937500e+02 0.000000000000000000e+00 0.000000000000000000e+00
1.295238647460937500e+02 0.000000000000000000e+00 0.000000000000000000e+00
1.294955444335937500e+02 0.000000000000000000e+00 0.000000000000000000e+00
1.295706787109375000e+02 0.000000000000000000e+00 0.000000000000000000e+00
1.294773559570312500e+02 0.000000000000000000e+00 0.000000000000000000e+00
1.293732299804687500e+02 0.000000000000000000e+00 0.000000000000000000e+00
1.291516723632812500e+02 0.000000000000000000e+00 0.000000000000000000e+00
1.291177368164062500e+02 0.000000000000000000e+00 0.000000000000000000e+00
1.290722045898437500e+02 0.000000000000000000e+00 0.000000000000000000e+00
1.289743041992187500e+02 0.000000000000000000e+00 0.000000000000000000e+00
1.289147949218750000e+02 0.000000000000000000e+00 0.000000000000000000e+00
1.289868164062500000e+02 0.000000000000000000e+00 0.000000000000000000e+00
1.290404663085937500e+02 0.000000000000000000e+00 0.000000000000000000e+00
1.295045776367187500e+02 0.000000000000000000e+00 0.000000000000000000e+00
1.292742919921875000e+02 0.000000000000000000e+00 0.000000000000000000e+00
1.292243041992187500e+02 0.000000000000000000e+00 0.000000000000000000e+00
1.292515869140625000e+02 0.000000000000000000e+00 0.000000000000000000e+00
1.292680664062500000e+02 0.000000000000000000e+00 0.000000000000000000e+00
1.291928710937500000e+02 0.000000000000000000e+00 0.000000000000000000e+00
1.291782226562500000e+02 0.000000000000000000e+00 0.000000000000000000e+00
1.291987915039062500e+02 0.000000000000000000e+00 0.000000000000000000e+00
1.291849975585937500e+02 0.000000000000000000e+00 0.000000000000000000e+00
1.291079711914062500e+02 0.000000000000000000e+00 0.000000000000000000e+00
1.291170043945312500e+02 0.000000000000000000e+00 0.000000000000000000e+00
1.291688842773437500e+02 0.000000000000000000e+00 0.000000000000000000e+00
1.292239379882812500e+02 0.000000000000000000e+00 0.000000000000000000e+00
1.290735473632812500e+02 0.000000000000000000e+00 0.000000000000000000e+00
1.291029663085937500e+02 0.000000000000000000e+00 0.000000000000000000e+00
1.290803222656250000e+02 0.000000000000000000e+00 0.000000000000000000e+00
1.291094360351562500e+02 0.000000000000000000e+00 0.000000000000000000e+00
1.290347290039062500e+02 0.000000000000000000e+00 0.000000000000000000e+00
1.290932006835937500e+02 0.000000000000000000e+00 0.000000000000000000e+00
1.290484619140625000e+02 0.000000000000000000e+00 0.000000000000000000e+00
1.290149536132812500e+02 0.000000000000000000e+00 0.000000000000000000e+00
1.289843750000000000e+02 0.000000000000000000e+00 0.000000000000000000e+00
1.290072021484375000e+02 0.000000000000000000e+00 0.000000000000000000e+00
1.290129394531250000e+02 0.000000000000000000e+00 0.000000000000000000e+00
1.291100463867187500e+02 0.000000000000000000e+00 0.000000000000000000e+00
1.291946411132812500e+02 0.000000000000000000e+00 0.000000000000000000e+00
1.292058105468750000e+02 0.000000000000000000e+00 0.000000000000000000e+00
1.292081298828125000e+02 0.000000000000000000e+00 0.000000000000000000e+00
1.292461547851562500e+02 0.000000000000000000e+00 0.000000000000000000e+00
1.291718139648437500e+02 0.000000000000000000e+00 0.000000000000000000e+00
1.290200805664062500e+02 0.000000000000000000e+00 0.000000000000000000e+00
1.290101318359375000e+02 0.000000000000000000e+00 0.000000000000000000e+00
1.289484863281250000e+02 0.000000000000000000e+00 0.000000000000000000e+00
1.289752807617187500e+02 0.000000000000000000e+00 0.000000000000000000e+00
1.290158691406250000e+02 0.000000000000000000e+00 0.000000000000000000e+00
1.290160522460937500e+02 0.000000000000000000e+00 0.000000000000000000e+00
1.290233764648437500e+02 0.000000000000000000e+00 0.000000000000000000e+00
1.290129394531250000e+02 0.000000000000000000e+00 0.000000000000000000e+00
1.290540161132812500e+02 0.000000000000000000e+00 0.000000000000000000e+00
1.290031738281250000e+02 0.000000000000000000e+00 0.000000000000000000e+00
1.289117431640625000e+02 0.000000000000000000e+00 0.000000000000000000e+00
1.287666625976562500e+02 0.000000000000000000e+00 0.000000000000000000e+00
1.287307128906250000e+02 0.000000000000000000e+00 0.000000000000000000e+00
1.286509399414062500e+02 0.000000000000000000e+00 0.000000000000000000e+00
1.284932250976562500e+02 0.000000000000000000e+00 0.000000000000000000e+00
1.284782104492187500e+02 0.000000000000000000e+00 0.000000000000000000e+00
1.284498901367187500e+02 0.000000000000000000e+00 0.000000000000000000e+00
1.284273681640625000e+02 0.000000000000000000e+00 0.000000000000000000e+00
1.284085693359375000e+02 0.000000000000000000e+00 0.000000000000000000e+00
1.284132690429687500e+02 0.000000000000000000e+00 0.000000000000000000e+00
1.284398803710937500e+02 0.000000000000000000e+00 0.000000000000000000e+00
1.283158569335937500e+02 0.000000000000000000e+00 0.000000000000000000e+00
1.282952270507812500e+02 0.000000000000000000e+00 0.000000000000000000e+00
1.283126220703125000e+02 0.000000000000000000e+00 0.000000000000000000e+00
1.282713012695312500e+02 0.000000000000000000e+00 0.000000000000000000e+00
1.282895507812500000e+02 0.000000000000000000e+00 0.000000000000000000e+00
1.282967529296875000e+02 0.000000000000000000e+00 0.000000000000000000e+00
1.283499145507812500e+02 0.000000000000000000e+00 0.000000000000000000e+00
1.284895019531250000e+02 0.000000000000000000e+00 0.000000000000000000e+00
1.285960083007812500e+02 0.000000000000000000e+00 0.000000000000000000e+00
1.286139526367187500e+02 0.000000000000000000e+00 0.000000000000000000e+00
1.285746459960937500e+02 0.000000000000000000e+00 0.000000000000000000e+00
1.285651245117187500e+02 0.000000000000000000e+00 0.000000000000000000e+00
1.286437988281250000e+02 0.000000000000000000e+00 0.000000000000000000e+00
1.286118774414062500e+02 0.000000000000000000e+00 0.000000000000000000e+00
1.286750488281250000e+02 0.000000000000000000e+00 0.000000000000000000e+00
1.287245483398437500e+02 0.000000000000000000e+00 0.000000000000000000e+00
1.287579345703125000e+02 0.000000000000000000e+00 0.000000000000000000e+00
1.287252807617187500e+02 0.000000000000000000e+00 0.000000000000000000e+00
1.288277587890625000e+02 0.000000000000000000e+00 0.000000000000000000e+00
1.287825927734375000e+02 0.000000000000000000e+00 0.000000000000000000e+00
1.285764160156250000e+02 0.000000000000000000e+00 0.000000000000000000e+00
1.285188598632812500e+02 0.000000000000000000e+00 0.000000000000000000e+00
1.284802856445312500e+02 0.000000000000000000e+00 0.000000000000000000e+00
1.284187622070312500e+02 0.000000000000000000e+00 0.000000000000000000e+00
1.283638305664062500e+02 0.000000000000000000e+00 0.000000000000000000e+00
1.283402709960937500e+02 0.000000000000000000e+00 0.000000000000000000e+00
1.283107299804687500e+02 0.000000000000000000e+00 0.000000000000000000e+00
1.283184204101562500e+02 0.000000000000000000e+00 0.000000000000000000e+00
1.282551269531250000e+02 0.000000000000000000e+00 0.000000000000000000e+00
1.282437744140625000e+02 0.000000000000000000e+00 0.000000000000000000e+00
1.281295166015625000e+02 0.000000000000000000e+00 0.000000000000000000e+00
1.281253662109375000e+02 0.000000000000000000e+00 0.000000000000000000e+00
1.281287231445312500e+02 0.000000000000000000e+00 0.000000000000000000e+00
1.280935668945312500e+02 0.000000000000000000e+00 0.000000000000000000e+00
1.281685180664062500e+02 0.000000000000000000e+00 0.000000000000000000e+00
1.282673950195312500e+02 0.000000000000000000e+00 0.000000000000000000e+00
1.284126586914062500e+02 0.000000000000000000e+00 0.000000000000000000e+00
1.284873657226562500e+02 0.000000000000000000e+00 0.000000000000000000e+00
1.285832519531250000e+02 0.000000000000000000e+00 0.000000000000000000e+00
1.287086181640625000e+02 0.000000000000000000e+00 0.000000000000000000e+00
1.288059082031250000e+02 0.000000000000000000e+00 0.000000000000000000e+00
1.289203491210937500e+02 0.000000000000000000e+00 0.000000000000000000e+00
1.290646362304687500e+02 0.000000000000000000e+00 0.000000000000000000e+00
1.290803222656250000e+02 0.000000000000000000e+00 0.000000000000000000e+00
1.290640258789062500e+02 0.000000000000000000e+00 0.000000000000000000e+00
1.290921020507812500e+02 0.000000000000000000e+00 0.000000000000000000e+00
1.289418945312500000e+02 0.000000000000000000e+00 0.000000000000000000e+00
1.287830200195312500e+02 0.000000000000000000e+00 0.000000000000000000e+00
1.287642822265625000e+02 0.000000000000000000e+00 0.000000000000000000e+00
1.287480468750000000e+02 0.000000000000000000e+00 0.000000000000000000e+00
1.286907348632812500e+02 0.000000000000000000e+00 0.000000000000000000e+00
1.286427612304687500e+02 0.000000000000000000e+00 0.000000000000000000e+00
1.287451782226562500e+02 0.000000000000000000e+00 0.000000000000000000e+00
1.288348999023437500e+02 0.000000000000000000e+00 0.000000000000000000e+00
1.289487915039062500e+02 0.000000000000000000e+00 0.000000000000000000e+00
1.290730590820312500e+02 0.000000000000000000e+00 0.000000000000000000e+00
1.293338012695312500e+02 0.000000000000000000e+00 0.000000000000000000e+00
1.295779418945312500e+02 0.000000000000000000e+00 0.000000000000000000e+00
1.297078857421875000e+02 0.000000000000000000e+00 0.000000000000000000e+00
1.297972412109375000e+02 0.000000000000000000e+00 0.000000000000000000e+00
1.295971069335937500e+02 0.000000000000000000e+00 0.000000000000000000e+00
1.292922363281250000e+02 0.000000000000000000e+00 0.000000000000000000e+00
1.292180175781250000e+02 0.000000000000000000e+00 0.000000000000000000e+00
1.292008666992187500e+02 0.000000000000000000e+00 0.000000000000000000e+00
1.292984008789062500e+02 0.000000000000000000e+00 0.000000000000000000e+00
1.294713134765625000e+02 0.000000000000000000e+00 0.000000000000000000e+00
1.295917968750000000e+02 0.000000000000000000e+00 0.000000000000000000e+00
1.296371459960937500e+02 0.000000000000000000e+00 0.000000000000000000e+00
1.296753540039062500e+02 0.000000000000000000e+00 0.000000000000000000e+00
1.300054321289062500e+02 0.000000000000000000e+00 0.000000000000000000e+00
1.299140014648437500e+02 0.000000000000000000e+00 0.000000000000000000e+00
1.297443237304687500e+02 0.000000000000000000e+00 0.000000000000000000e+00
1.295765380859375000e+02 0.000000000000000000e+00 0.000000000000000000e+00
1.297214355468750000e+02 0.000000000000000000e+00 0.000000000000000000e+00
1.297397460937500000e+02 0.000000000000000000e+00 0.000000000000000000e+00
1.298874511718750000e+02 0.000000000000000000e+00 0.000000000000000000e+00
1.301567993164062500e+02 0.000000000000000000e+00 0.000000000000000000e+00
1.302520141601562500e+02 0.000000000000000000e+00 0.000000000000000000e+00
1.302252197265625000e+02 0.000000000000000000e+00 0.000000000000000000e+00
1.302254028320312500e+02 0.000000000000000000e+00 0.000000000000000000e+00
1.302095947265625000e+02 0.000000000000000000e+00 0.000000000000000000e+00
1.303341064453125000e+02 0.000000000000000000e+00 0.000000000000000000e+00
1.302818603515625000e+02 0.000000000000000000e+00 0.000000000000000000e+00
1.302337646484375000e+02 0.000000000000000000e+00 0.000000000000000000e+00
1.300960083007812500e+02 0.000000000000000000e+00 0.000000000000000000e+00
1.300882568359375000e+02 0.000000000000000000e+00 0.000000000000000000e+00
1.299889526367187500e+02 0.000000000000000000e+00 0.000000000000000000e+00
1.300534667968750000e+02 0.000000000000000000e+00 0.000000000000000000e+00
1.300689086914062500e+02 0.000000000000000000e+00 0.000000000000000000e+00
1.300122680664062500e+02 0.000000000000000000e+00 0.000000000000000000e+00
1.299714965820312500e+02 0.000000000000000000e+00 0.000000000000000000e+00
1.300054321289062500e+02 0.000000000000000000e+00 0.000000000000000000e+00
1.301029052734375000e+02 0.000000000000000000e+00 0.000000000000000000e+00
1.302718505859375000e+02 0.000000000000000000e+00 0.000000000000000000e+00
1.302883911132812500e+02 0.000000000000000000e+00 0.000000000000000000e+00
1.302175903320312500e+02 0.000000000000000000e+00 0.000000000000000000e+00
1.301557006835937500e+02 0.000000000000000000e+00 0.000000000000000000e+00
1.299974975585937500e+02 0.000000000000000000e+00 0.000000000000000000e+00
1.299810791015625000e+02 0.000000000000000000e+00 0.000000000000000000e+00
1.299059448242187500e+02 0.000000000000000000e+00 0.000000000000000000e+00
1.298428955078125000e+02 0.000000000000000000e+00 0.000000000000000000e+00
1.297836303710937500e+02 0.000000000000000000e+00 0.000000000000000000e+00
1.297747192382812500e+02 0.000000000000000000e+00 0.000000000000000000e+00
1.297388305664062500e+02 0.000000000000000000e+00 0.000000000000000000e+00
1.297795410156250000e+02 0.000000000000000000e+00 0.000000000000000000e+00
1.298272705078125000e+02 0.000000000000000000e+00 0.000000000000000000e+00
1.298469848632812500e+02 0.000000000000000000e+00 0.000000000000000000e+00
1.298465576171875000e+02 0.000000000000000000e+00 0.000000000000000000e+00
1.298028564453125000e+02 0.000000000000000000e+00 0.000000000000000000e+00
1.296917114257812500e+02 0.000000000000000000e+00 0.000000000000000000e+00
1.295970458984375000e+02 0.000000000000000000e+00 0.000000000000000000e+00
1.295035400390625000e+02 0.000000000000000000e+00 0.000000000000000000e+00
1.295117797851562500e+02 0.000000000000000000e+00 0.000000000000000000e+00
1.294918823242187500e+02 0.000000000000000000e+00 0.000000000000000000e+00
1.294801025390625000e+02 0.000000000000000000e+00 0.000000000000000000e+00
1.294437866210937500e+02 0.000000000000000000e+00 0.000000000000000000e+00
1.293690185546875000e+02 0.000000000000000000e+00 0.000000000000000000e+00
1.295238037109375000e+02 0.000000000000000000e+00 0.000000000000000000e+00
1.295808105468750000e+02 0.000000000000000000e+00 0.000000000000000000e+00
1.296271362304687500e+02 0.000000000000000000e+00 0.000000000000000000e+00
1.296063232421875000e+02 0.000000000000000000e+00 0.000000000000000000e+00
1.295158691406250000e+02 0.000000000000000000e+00 0.000000000000000000e+00
1.295935668945312500e+02 0.000000000000000000e+00 0.000000000000000000e+00
1.294945068359375000e+02 0.000000000000000000e+00 0.000000000000000000e+00
1.295540161132812500e+02 0.000000000000000000e+00 0.000000000000000000e+00
1.295298461914062500e+02 0.000000000000000000e+00 0.000000000000000000e+00
1.294909667968750000e+02 0.000000000000000000e+00 0.000000000000000000e+00
1.294576416015625000e+02 0.000000000000000000e+00 0.000000000000000000e+00
1.294406127929687500e+02 0.000000000000000000e+00 0.000000000000000000e+00
1.295529785156250000e+02 0.000000000000000000e+00 0.000000000000000000e+00
1.294949340820312500e+02 0.000000000000000000e+00 0.000000000000000000e+00
1.294790039062500000e+02 0.000000000000000000e+00 0.000000000000000000e+00
1.294946899414062500e+02 0.000000000000000000e+00 0.000000000000000000e+00
1.296247558593750000e+02 0.000000000000000000e+00 0.000000000000000000e+00
1.297492675781250000e+02 0.000000000000000000e+00 0.000000000000000000e+00
1.296776123046875000e+02 0.000000000000000000e+00 0.000000000000000000e+00
1.295982055664062500e+02 0.000000000000000000e+00 0.000000000000000000e+00
1.294782104492187500e+02 0.000000000000000000e+00 0.000000000000000000e+00
1.293330688476562500e+02 0.000000000000000000e+00 0.000000000000000000e+00
1.291980590820312500e+02 0.000000000000000000e+00 0.000000000000000000e+00
1.291585083007812500e+02 0.000000000000000000e+00 0.000000000000000000e+00
1.291896972656250000e+02 0.000000000000000000e+00 0.000000000000000000e+00
1.292584838867187500e+02 0.000000000000000000e+00 0.000000000000000000e+00
1.292680664062500000e+02 0.000000000000000000e+00 0.000000000000000000e+00
1.292763671875000000e+02 0.000000000000000000e+00 0.000000000000000000e+00
1.292994384765625000e+02 0.000000000000000000e+00 0.000000000000000000e+00
1.292465209960937500e+02 0.000000000000000000e+00 0.000000000000000000e+00
1.292804565429687500e+02 0.000000000000000000e+00 0.000000000000000000e+00
1.293146362304687500e+02 0.000000000000000000e+00 0.000000000000000000e+00
1.293266601562500000e+02 0.000000000000000000e+00 0.000000000000000000e+00
1.294768066406250000e+02 0.000000000000000000e+00 0.000000000000000000e+00
1.295863647460937500e+02 0.000000000000000000e+00 0.000000000000000000e+00
1.298601074218750000e+02 0.000000000000000000e+00 0.000000000000000000e+00
1.300288696289062500e+02 0.000000000000000000e+00 0.000000000000000000e+00
1.299934082031250000e+02 0.000000000000000000e+00 0.000000000000000000e+00
1.299468994140625000e+02 0.000000000000000000e+00 0.000000000000000000e+00
1.298117065429687500e+02 0.000000000000000000e+00 0.000000000000000000e+00
1.297631225585937500e+02 0.000000000000000000e+00 0.000000000000000000e+00
1.296992187500000000e+02 0.000000000000000000e+00 0.000000000000000000e+00
1.296237792968750000e+02 0.000000000000000000e+00 0.000000000000000000e+00
1.295571289062500000e+02 0.000000000000000000e+00 0.000000000000000000e+00
1.296119384765625000e+02 0.000000000000000000e+00 0.000000000000000000e+00
1.297567138671875000e+02 0.000000000000000000e+00 0.000000000000000000e+00
1.298001708984375000e+02 0.000000000000000000e+00 0.000000000000000000e+00
1.299187011718750000e+02 0.000000000000000000e+00 0.000000000000000000e+00
1.299998168945312500e+02 0.000000000000000000e+00 0.000000000000000000e+00
1.300469970703125000e+02 0.000000000000000000e+00 0.000000000000000000e+00
1.301646728515625000e+02 0.000000000000000000e+00 0.000000000000000000e+00
1.302407226562500000e+02 0.000000000000000000e+00 0.000000000000000000e+00
1.303436279296875000e+02 0.000000000000000000e+00 0.000000000000000000e+00
1.304081420898437500e+02 0.000000000000000000e+00 0.000000000000000000e+00
1.304092407226562500e+02 0.000000000000000000e+00 0.000000000000000000e+00
1.301569824218750000e+02 0.000000000000000000e+00 0.000000000000000000e+00
1.300780639648437500e+02 0.000000000000000000e+00 0.000000000000000000e+00
1.299188842773437500e+02 0.000000000000000000e+00 0.000000000000000000e+00
1.298124389648437500e+02 0.000000000000000000e+00 0.000000000000000000e+00
1.297964477539062500e+02 0.000000000000000000e+00 0.000000000000000000e+00
1.297869262695312500e+02 0.000000000000000000e+00 0.000000000000000000e+00
1.298643188476562500e+02 0.000000000000000000e+00 0.000000000000000000e+00
1.298810424804687500e+02 0.000000000000000000e+00 0.000000000000000000e+00
1.299081420898437500e+02 0.000000000000000000e+00 0.000000000000000000e+00
1.298654785156250000e+02 0.000000000000000000e+00 0.000000000000000000e+00
1.298035278320312500e+02 0.000000000000000000e+00 0.000000000000000000e+00
1.298270874023437500e+02 0.000000000000000000e+00 0.000000000000000000e+00
1.297423706054687500e+02 0.000000000000000000e+00 0.000000000000000000e+00
1.296350708007812500e+02 0.000000000000000000e+00 0.000000000000000000e+00
1.296063842773437500e+02 0.000000000000000000e+00 0.000000000000000000e+00
1.294907226562500000e+02 0.000000000000000000e+00 0.000000000000000000e+00
1.295690917968750000e+02 0.000000000000000000e+00 0.000000000000000000e+00
1.296743774414062500e+02 0.000000000000000000e+00 0.000000000000000000e+00
1.295386352539062500e+02 0.000000000000000000e+00 0.000000000000000000e+00
1.295798339843750000e+02 0.000000000000000000e+00 0.000000000000000000e+00
1.295083007812500000e+02 0.000000000000000000e+00 0.000000000000000000e+00
1.295704345703125000e+02 0.000000000000000000e+00 0.000000000000000000e+00
1.296065063476562500e+02 0.000000000000000000e+00 0.000000000000000000e+00
1.295747070312500000e+02 0.000000000000000000e+00 0.000000000000000000e+00
1.295727539062500000e+02 0.000000000000000000e+00 0.000000000000000000e+00
1.295967407226562500e+02 0.000000000000000000e+00 0.000000000000000000e+00
1.295916137695312500e+02 0.000000000000000000e+00 0.000000000000000000e+00
1.295588989257812500e+02 0.000000000000000000e+00 0.000000000000000000e+00
1.294771728515625000e+02 0.000000000000000000e+00 0.000000000000000000e+00
1.293991088867187500e+02 0.000000000000000000e+00 0.000000000000000000e+00
1.292753295898437500e+02 0.000000000000000000e+00 0.000000000000000000e+00
1.292402954101562500e+02 0.000000000000000000e+00 0.000000000000000000e+00
1.290619506835937500e+02 0.000000000000000000e+00 0.000000000000000000e+00
1.289171752929687500e+02 0.000000000000000000e+00 0.000000000000000000e+00
1.289252929687500000e+02 0.000000000000000000e+00 0.000000000000000000e+00
1.287514648437500000e+02 0.000000000000000000e+00 0.000000000000000000e+00
1.286636352539062500e+02 0.000000000000000000e+00 0.000000000000000000e+00
1.284637451171875000e+02 0.000000000000000000e+00 0.000000000000000000e+00
1.282477416992187500e+02 0.000000000000000000e+00 0.000000000000000000e+00
1.281684570312500000e+02 0.000000000000000000e+00 0.000000000000000000e+00
1.280905761718750000e+02 0.000000000000000000e+00 0.000000000000000000e+00
1.279735107421875000e+02 0.000000000000000000e+00 0.000000000000000000e+00
1.279645996093750000e+02 0.000000000000000000e+00 0.000000000000000000e+00
1.278837280273437500e+02 0.000000000000000000e+00 0.000000000000000000e+00
1.278725585937500000e+02 0.000000000000000000e+00 0.000000000000000000e+00
1.278358154296875000e+02 0.000000000000000000e+00 0.000000000000000000e+00
1.278522338867187500e+02 0.000000000000000000e+00 0.000000000000000000e+00
1.277585449218750000e+02 0.000000000000000000e+00 0.000000000000000000e+00
1.276530761718750000e+02 0.000000000000000000e+00 0.000000000000000000e+00
1.276099853515625000e+02 0.000000000000000000e+00 0.000000000000000000e+00
1.276028442382812500e+02 0.000000000000000000e+00 0.000000000000000000e+00
1.276057128906250000e+02 0.000000000000000000e+00 0.000000000000000000e+00
1.276550903320312500e+02 0.000000000000000000e+00 0.000000000000000000e+00
1.274860839843750000e+02 0.000000000000000000e+00 0.000000000000000000e+00
1.273262939453125000e+02 0.000000000000000000e+00 0.000000000000000000e+00
1.273782348632812500e+02 0.000000000000000000e+00 0.000000000000000000e+00
1.274162597656250000e+02 0.000000000000000000e+00 0.000000000000000000e+00
1.274101562500000000e+02 0.000000000000000000e+00 0.000000000000000000e+00
1.273610839843750000e+02 0.000000000000000000e+00 0.000000000000000000e+00
1.273450927734375000e+02 0.000000000000000000e+00 0.000000000000000000e+00
1.273816528320312500e+02 0.000000000000000000e+00 0.000000000000000000e+00
1.275001220703125000e+02 0.000000000000000000e+00 0.000000000000000000e+00
1.276563110351562500e+02 0.000000000000000000e+00 0.000000000000000000e+00
1.276477050781250000e+02 0.000000000000000000e+00 0.000000000000000000e+00
1.277878417968750000e+02 0.000000000000000000e+00 0.000000000000000000e+00
1.279110107421875000e+02 0.000000000000000000e+00 0.000000000000000000e+00
1.279504394531250000e+02 0.000000000000000000e+00 0.000000000000000000e+00
1.280526733398437500e+02 0.000000000000000000e+00 0.000000000000000000e+00
1.280280151367187500e+02 0.000000000000000000e+00 0.000000000000000000e+00
1.278988037109375000e+02 0.000000000000000000e+00 0.000000000000000000e+00
1.277933349609375000e+02 0.000000000000000000e+00 0.000000000000000000e+00
1.276998291015625000e+02 0.000000000000000000e+00 0.000000000000000000e+00
1.277561645507812500e+02 0.000000000000000000e+00 0.000000000000000000e+00
1.276064453125000000e+02 0.000000000000000000e+00 0.000000000000000000e+00
1.274515991210937500e+02 0.000000000000000000e+00 0.000000000000000000e+00
1.273292846679687500e+02 0.000000000000000000e+00 0.000000000000000000e+00
1.272828979492187500e+02 0.000000000000000000e+00 0.000000000000000000e+00
1.271652221679687500e+02 0.000000000000000000e+00 0.000000000000000000e+00
1.270812377929687500e+02 0.000000000000000000e+00 0.000000000000000000e+00
1.270733642578125000e+02 0.000000000000000000e+00 0.000000000000000000e+00
1.269932861328125000e+02 0.000000000000000000e+00 0.000000000000000000e+00
1.270107421875000000e+02 0.000000000000000000e+00 0.000000000000000000e+00
1.270688476562500000e+02 0.000000000000000000e+00 0.000000000000000000e+00
1.270501708984375000e+02 0.000000000000000000e+00 0.000000000000000000e+00
1.269882202148437500e+02 0.000000000000000000e+00 0.000000000000000000e+00
1.268239746093750000e+02 0.000000000000000000e+00 0.000000000000000000e+00
1.265366821289062500e+02 0.000000000000000000e+00 0.000000000000000000e+00
1.263923339843750000e+02 0.000000000000000000e+00 0.000000000000000000e+00
1.262831420898437500e+02 0.000000000000000000e+00 0.000000000000000000e+00
1.261799926757812500e+02 0.000000000000000000e+00 0.000000000000000000e+00
1.260892333984375000e+02 0.000000000000000000e+00 0.000000000000000000e+00
1.259702148437500000e+02 0.000000000000000000e+00 0.000000000000000000e+00
1.259108886718750000e+02 0.000000000000000000e+00 0.000000000000000000e+00
1.259558105468750000e+02 0.000000000000000000e+00 0.000000000000000000e+00
1.260093383789062500e+02 0.000000000000000000e+00 0.000000000000000000e+00
1.260211791992187500e+02 0.000000000000000000e+00 0.000000000000000000e+00
1.260393676757812500e+02 0.000000000000000000e+00 0.000000000000000000e+00
1.259688110351562500e+02 0.000000000000000000e+00 0.000000000000000000e+00
1.258922119140625000e+02 0.000000000000000000e+00 0.000000000000000000e+00
1.258509521484375000e+02 0.000000000000000000e+00 0.000000000000000000e+00
1.256853027343750000e+02 0.000000000000000000e+00 0.000000000000000000e+00
1.256303710937500000e+02 0.000000000000000000e+00 0.000000000000000000e+00
1.255841674804687500e+02 0.000000000000000000e+00 0.000000000000000000e+00
1.253244018554687500e+02 0.000000000000000000e+00 0.000000000000000000e+00
1.252009277343750000e+02 0.000000000000000000e+00 0.000000000000000000e+00
1.253345947265625000e+02 0.000000000000000000e+00 0.000000000000000000e+00
1.253485717773437500e+02 0.000000000000000000e+00 0.000000000000000000e+00
1.253371582031250000e+02 0.000000000000000000e+00 0.000000000000000000e+00
1.252957763671875000e+02 0.000000000000000000e+00 0.000000000000000000e+00
1.254067382812500000e+02 0.000000000000000000e+00 0.000000000000000000e+00
1.255747070312500000e+02 0.000000000000000000e+00 0.000000000000000000e+00
1.256290893554687500e+02 0.000000000000000000e+00 0.000000000000000000e+00
1.256123046875000000e+02 0.000000000000000000e+00 0.000000000000000000e+00
1.256126708984375000e+02 0.000000000000000000e+00 0.000000000000000000e+00
1.255573120117187500e+02 0.000000000000000000e+00 0.000000000000000000e+00
1.257463989257812500e+02 0.000000000000000000e+00 0.000000000000000000e+00
1.257357788085937500e+02 0.000000000000000000e+00 0.000000000000000000e+00
1.257274780273437500e+02 0.000000000000000000e+00 0.000000000000000000e+00
1.257740478515625000e+02 0.000000000000000000e+00 0.000000000000000000e+00
1.258130493164062500e+02 0.000000000000000000e+00 0.000000000000000000e+00
1.258673095703125000e+02 0.000000000000000000e+00 0.000000000000000000e+00
1.258212280273437500e+02 0.000000000000000000e+00 0.000000000000000000e+00
1.258083496093750000e+02 0.000000000000000000e+00 0.000000000000000000e+00
1.259371948242187500e+02 0.000000000000000000e+00 0.000000000000000000e+00
1.259859619140625000e+02 0.000000000000000000e+00 0.000000000000000000e+00
1.257648315429687500e+02 0.000000000000000000e+00 0.000000000000000000e+00
1.257434692382812500e+02 0.000000000000000000e+00 0.000000000000000000e+00
1.259425048828125000e+02 0.000000000000000000e+00 0.000000000000000000e+00
1.259787597656250000e+02 0.000000000000000000e+00 0.000000000000000000e+00
1.261196899414062500e+02 0.000000000000000000e+00 0.000000000000000000e+00
1.261813354492187500e+02 0.000000000000000000e+00 0.000000000000000000e+00
1.262228393554687500e+02 0.000000000000000000e+00 0.000000000000000000e+00
1.260834350585937500e+02 0.000000000000000000e+00 0.000000000000000000e+00
1.261413574218750000e+02 0.000000000000000000e+00 0.000000000000000000e+00
1.261438598632812500e+02 0.000000000000000000e+00 0.000000000000000000e+00
1.260605468750000000e+02 0.000000000000000000e+00 0.000000000000000000e+00
1.260559692382812500e+02 0.000000000000000000e+00 0.000000000000000000e+00
1.262020874023437500e+02 0.000000000000000000e+00 0.000000000000000000e+00
1.261104736328125000e+02 0.000000000000000000e+00 0.000000000000000000e+00
1.262768554687500000e+02 0.000000000000000000e+00 0.000000000000000000e+00
1.261973876953125000e+02 0.000000000000000000e+00 0.000000000000000000e+00
1.261331787109375000e+02 0.000000000000000000e+00 0.000000000000000000e+00
1.260263671875000000e+02 0.000000000000000000e+00 0.000000000000000000e+00
1.260908813476562500e+02 0.000000000000000000e+00 0.000000000000000000e+00
1.259752197265625000e+02 0.000000000000000000e+00 0.000000000000000000e+00
1.259090576171875000e+02 0.000000000000000000e+00 0.000000000000000000e+00
1.258773803710937500e+02 0.000000000000000000e+00 0.000000000000000000e+00
1.257545776367187500e+02 0.000000000000000000e+00 0.000000000000000000e+00
1.257531738281250000e+02 0.000000000000000000e+00 0.000000000000000000e+00
1.257775878906250000e+02 0.000000000000000000e+00 0.000000000000000000e+00
1.259900512695312500e+02 0.000000000000000000e+00 0.000000000000000000e+00
1.260880126953125000e+02 0.000000000000000000e+00 0.000000000000000000e+00
1.262593994140625000e+02 0.000000000000000000e+00 0.000000000000000000e+00
1.262944335937500000e+02 0.000000000000000000e+00 0.000000000000000000e+00
1.263577270507812500e+02 0.000000000000000000e+00 0.000000000000000000e+00
1.264890747070312500e+02 0.000000000000000000e+00 0.000000000000000000e+00
1.267156372070312500e+02 0.000000000000000000e+00 0.000000000000000000e+00
1.267479248046875000e+02 0.000000000000000000e+00 0.000000000000000000e+00
1.267774047851562500e+02 0.000000000000000000e+00 0.000000000000000000e+00
1.267994384765625000e+02 0.000000000000000000e+00 0.000000000000000000e+00
1.268410034179687500e+02 0.000000000000000000e+00 0.000000000000000000e+00
1.268088378906250000e+02 0.000000000000000000e+00 0.000000000000000000e+00
1.267292480468750000e+02 0.000000000000000000e+00 0.000000000000000000e+00
1.266245727539062500e+02 0.000000000000000000e+00 0.000000000000000000e+00
1.266017456054687500e+02 0.000000000000000000e+00 0.000000000000000000e+00
1.265588378906250000e+02 0.000000000000000000e+00 0.000000000000000000e+00
1.264728393554687500e+02 0.000000000000000000e+00 0.000000000000000000e+00
1.263894653320312500e+02 0.000000000000000000e+00 0.000000000000000000e+00
1.263153076171875000e+02 0.000000000000000000e+00 0.000000000000000000e+00
1.264528198242187500e+02 0.000000000000000000e+00 0.000000000000000000e+00
1.264873657226562500e+02 0.000000000000000000e+00 0.000000000000000000e+00
1.265737915039062500e+02 0.000000000000000000e+00 0.000000000000000000e+00
1.267015991210937500e+02 0.000000000000000000e+00 0.000000000000000000e+00
1.268523559570312500e+02 0.000000000000000000e+00 0.000000000000000000e+00
1.267586059570312500e+02 0.000000000000000000e+00 0.000000000000000000e+00
1.267965087890625000e+02 0.000000000000000000e+00 0.000000000000000000e+00
1.267698364257812500e+02 0.000000000000000000e+00 0.000000000000000000e+00
1.267926025390625000e+02 0.000000000000000000e+00 0.000000000000000000e+00
1.268762817382812500e+02 0.000000000000000000e+00 0.000000000000000000e+00
1.270458374023437500e+02 0.000000000000000000e+00 0.000000000000000000e+00
1.271453857421875000e+02 0.000000000000000000e+00 0.000000000000000000e+00
1.271243286132812500e+02 0.000000000000000000e+00 0.000000000000000000e+00
1.271274414062500000e+02 0.000000000000000000e+00 0.000000000000000000e+00
1.270437011718750000e+02 0.000000000000000000e+00 0.000000000000000000e+00
1.269411621093750000e+02 0.000000000000000000e+00 0.000000000000000000e+00
1.268622436523437500e+02 0.000000000000000000e+00 0.000000000000000000e+00
1.268851318359375000e+02 0.000000000000000000e+00 0.000000000000000000e+00
1.268790893554687500e+02 0.000000000000000000e+00 0.000000000000000000e+00
1.268468017578125000e+02 0.000000000000000000e+00 0.000000000000000000e+00
1.267899169921875000e+02 0.000000000000000000e+00 0.000000000000000000e+00
1.268067626953125000e+02 0.000000000000000000e+00 0.000000000000000000e+00
1.266745605468750000e+02 0.000000000000000000e+00 0.000000000000000000e+00
1.265943603515625000e+02 0.000000000000000000e+00 0.000000000000000000e+00
1.265453491210937500e+02 0.000000000000000000e+00 0.000000000000000000e+00
1.266046752929687500e+02 0.000000000000000000e+00 0.000000000000000000e+00
1.266015625000000000e+02 0.000000000000000000e+00 0.000000000000000000e+00
1.266168823242187500e+02 0.000000000000000000e+00 0.000000000000000000e+00
1.266741943359375000e+02 0.000000000000000000e+00 0.000000000000000000e+00
1.266013183593750000e+02 0.000000000000000000e+00 0.000000000000000000e+00
1.266425781250000000e+02 0.000000000000000000e+00 0.000000000000000000e+00
1.267402954101562500e+02 0.000000000000000000e+00 0.000000000000000000e+00
1.267152099609375000e+02 0.000000000000000000e+00 0.000000000000000000e+00
1.267493286132812500e+02 0.000000000000000000e+00 0.000000000000000000e+00
1.269047241210937500e+02 0.000000000000000000e+00 0.000000000000000000e+00
1.268589477539062500e+02 0.000000000000000000e+00 0.000000000000000000e+00
1.268489990234375000e+02 0.000000000000000000e+00 0.000000000000000000e+00
1.267597045898437500e+02 0.000000000000000000e+00 0.000000000000000000e+00
1.268240966796875000e+02 0.000000000000000000e+00 0.000000000000000000e+00
1.268216552734375000e+02 0.000000000000000000e+00 0.000000000000000000e+00
1.268025512695312500e+02 0.000000000000000000e+00 0.000000000000000000e+00
1.268184814453125000e+02 0.000000000000000000e+00 0.000000000000000000e+00
1.268131713867187500e+02 0.000000000000000000e+00 0.000000000000000000e+00
1.267951660156250000e+02 0.000000000000000000e+00 0.000000000000000000e+00
1.267979736328125000e+02 0.000000000000000000e+00 0.000000000000000000e+00
1.267525024414062500e+02 0.000000000000000000e+00 0.000000000000000000e+00
1.266685791015625000e+02 0.000000000000000000e+00 0.000000000000000000e+00
1.265884399414062500e+02 0.000000000000000000e+00 0.000000000000000000e+00
1.265115966796875000e+02 0.000000000000000000e+00 0.000000000000000000e+00
1.264732666015625000e+02 0.000000000000000000e+00 0.000000000000000000e+00
1.264110717773437500e+02 0.000000000000000000e+00 0.000000000000000000e+00
1.264641723632812500e+02 0.000000000000000000e+00 0.000000000000000000e+00
1.264129638671875000e+02 0.000000000000000000e+00 0.000000000000000000e+00
1.263822021484375000e+02 0.000000000000000000e+00 0.000000000000000000e+00
1.264138793945312500e+02 0.000000000000000000e+00 0.000000000000000000e+00
1.263163452148437500e+02 0.000000000000000000e+00 0.000000000000000000e+00
1.263115844726562500e+02 0.000000000000000000e+00 0.000000000000000000e+00
1.261748046875000000e+02 0.000000000000000000e+00 0.000000000000000000e+00
1.261805419921875000e+02 0.000000000000000000e+00 0.000000000000000000e+00
1.261435546875000000e+02 0.000000000000000000e+00 0.000000000000000000e+00
1.262526245117187500e+02 0.000000000000000000e+00 0.000000000000000000e+00
1.262536621093750000e+02 0.000000000000000000e+00 0.000000000000000000e+00
1.260375366210937500e+02 0.000000000000000000e+00 0.000000000000000000e+00
1.258917236328125000e+02 0.000000000000000000e+00 0.000000000000000000e+00
1.258420410156250000e+02 0.000000000000000000e+00 0.000000000000000000e+00
1.254216918945312500e+02 0.000000000000000000e+00 0.000000000000000000e+00
1.252543334960937500e+02 0.000000000000000000e+00 0.000000000000000000e+00
1.252169799804687500e+02 0.000000000000000000e+00 0.000000000000000000e+00
1.251853027343750000e+02 0.000000000000000000e+00 0.000000000000000000e+00
1.251923828125000000e+02 0.000000000000000000e+00 0.000000000000000000e+00
1.253651733398437500e+02 0.000000000000000000e+00 0.000000000000000000e+00
1.253540649414062500e+02 0.000000000000000000e+00 0.000000000000000000e+00
1.253911743164062500e+02 0.000000000000000000e+00 0.000000000000000000e+00
1.254470214843750000e+02 0.000000000000000000e+00 0.000000000000000000e+00
1.254242553710937500e+02 0.000000000000000000e+00 0.000000000000000000e+00
1.255186767578125000e+02 0.000000000000000000e+00 0.000000000000000000e+00
1.255520629882812500e+02 0.000000000000000000e+00 0.000000000000000000e+00
1.255993041992187500e+02 0.000000000000000000e+00 0.000000000000000000e+00
1.256095581054687500e+02 0.000000000000000000e+00 0.000000000000000000e+00
1.255870971679687500e+02 0.000000000000000000e+00 0.000000000000000000e+00
1.255640258789062500e+02 0.000000000000000000e+00 0.000000000000000000e+00
1.255471191406250000e+02 0.000000000000000000e+00 0.000000000000000000e+00
1.254238891601562500e+02 0.000000000000000000e+00 0.000000000000000000e+00
1.251812744140625000e+02 0.000000000000000000e+00 0.000000000000000000e+00
1.251602783203125000e+02 0.000000000000000000e+00 0.000000000000000000e+00
1.252666015625000000e+02 0.000000000000000000e+00 0.000000000000000000e+00
1.253284912109375000e+02 0.000000000000000000e+00 0.000000000000000000e+00
1.253653564453125000e+02 0.000000000000000000e+00 0.000000000000000000e+00
1.255100097656250000e+02 0.000000000000000000e+00 0.000000000000000000e+00
1.253391113281250000e+02 0.000000000000000000e+00 0.000000000000000000e+00
1.252973632812500000e+02 0.000000000000000000e+00 0.000000000000000000e+00
1.252495117187500000e+02 0.000000000000000000e+00 0.000000000000000000e+00
1.252791748046875000e+02 0.000000000000000000e+00 0.000000000000000000e+00
1.251633911132812500e+02 0.000000000000000000e+00 0.000000000000000000e+00
1.252694091796875000e+02 0.000000000000000000e+00 0.000000000000000000e+00
1.252444458007812500e+02 0.000000000000000000e+00 0.000000000000000000e+00
1.251750488281250000e+02 0.000000000000000000e+00 0.000000000000000000e+00
1.252147827148437500e+02 0.000000000000000000e+00 0.000000000000000000e+00
1.252689819335937500e+02 0.000000000000000000e+00 0.000000000000000000e+00
1.253720703125000000e+02 0.000000000000000000e+00 0.000000000000000000e+00
1.254397583007812500e+02 0.000000000000000000e+00 0.000000000000000000e+00
1.254950561523437500e+02 0.000000000000000000e+00 0.000000000000000000e+00
1.255696411132812500e+02 0.000000000000000000e+00 0.000000000000000000e+00
1.256107177734375000e+02 0.000000000000000000e+00 0.000000000000000000e+00
1.257304077148437500e+02 0.000000000000000000e+00 0.000000000000000000e+00
1.257867431640625000e+02 0.000000000000000000e+00 0.000000000000000000e+00
1.257514648437500000e+02 0.000000000000000000e+00 0.000000000000000000e+00
1.256691284179687500e+02 0.000000000000000000e+00 0.000000000000000000e+00
1.256710205078125000e+02 0.000000000000000000e+00 0.000000000000000000e+00
1.257093505859375000e+02 0.000000000000000000e+00 0.000000000000000000e+00
1.258041381835937500e+02 0.000000000000000000e+00 0.000000000000000000e+00
1.258333129882812500e+02 0.000000000000000000e+00 0.000000000000000000e+00
1.258512573242187500e+02 0.000000000000000000e+00 0.000000000000000000e+00
1.259177856445312500e+02 0.000000000000000000e+00 0.000000000000000000e+00
1.258245849609375000e+02 0.000000000000000000e+00 0.000000000000000000e+00
1.259898071289062500e+02 0.000000000000000000e+00 0.000000000000000000e+00
1.259205322265625000e+02 0.000000000000000000e+00 0.000000000000000000e+00
1.260143432617187500e+02 0.000000000000000000e+00 0.000000000000000000e+00
1.258862915039062500e+02 0.000000000000000000e+00 0.000000000000000000e+00
1.258039550781250000e+02 0.000000000000000000e+00 0.000000000000000000e+00
1.256236572265625000e+02 0.000000000000000000e+00 0.000000000000000000e+00
1.255912475585937500e+02 0.000000000000000000e+00 0.000000000000000000e+00
1.257047729492187500e+02 0.000000000000000000e+00 0.000000000000000000e+00
1.256400146484375000e+02 0.000000000000000000e+00 0.000000000000000000e+00
1.256072998046875000e+02 0.000000000000000000e+00 0.000000000000000000e+00
1.256671752929687500e+02 0.000000000000000000e+00 0.000000000000000000e+00
1.256765747070312500e+02 0.000000000000000000e+00 0.000000000000000000e+00
1.257427368164062500e+02 0.000000000000000000e+00 0.000000000000000000e+00
1.257905883789062500e+02 0.000000000000000000e+00 0.000000000000000000e+00
1.258439331054687500e+02 0.000000000000000000e+00 0.000000000000000000e+00
1.258634643554687500e+02 0.000000000000000000e+00 0.000000000000000000e+00
1.258761596679687500e+02 0.000000000000000000e+00 0.000000000000000000e+00
1.259277954101562500e+02 0.000000000000000000e+00 0.000000000000000000e+00
1.258872680664062500e+02 0.000000000000000000e+00 0.000000000000000000e+00
1.258895874023437500e+02 0.000000000000000000e+00 0.000000000000000000e+00
1.259088745117187500e+02 0.000000000000000000e+00 0.000000000000000000e+00
1.259008789062500000e+02 0.000000000000000000e+00 0.000000000000000000e+00
1.259848632812500000e+02 0.000000000000000000e+00 0.000000000000000000e+00
1.260220336914062500e+02 0.000000000000000000e+00 0.000000000000000000e+00
1.259868774414062500e+02 0.000000000000000000e+00 0.000000000000000000e+00
1.259104003906250000e+02 0.000000000000000000e+00 0.000000000000000000e+00
1.259787597656250000e+02 0.000000000000000000e+00 0.000000000000000000e+00
1.261217651367187500e+02 0.000000000000000000e+00 0.000000000000000000e+00
1.262243041992187500e+02 0.000000000000000000e+00 0.000000000000000000e+00
1.263180541992187500e+02 0.000000000000000000e+00 0.000000000000000000e+00
1.263628540039062500e+02 0.000000000000000000e+00 0.000000000000000000e+00
1.263044433593750000e+02 0.000000000000000000e+00 0.000000000000000000e+00
1.262750854492187500e+02 0.000000000000000000e+00 0.000000000000000000e+00
1.267830200195312500e+02 0.000000000000000000e+00 0.000000000000000000e+00
1.268316040039062500e+02 0.000000000000000000e+00 0.000000000000000000e+00
1.268262329101562500e+02 0.000000000000000000e+00 0.000000000000000000e+00
1.268706054687500000e+02 0.000000000000000000e+00 0.000000000000000000e+00
1.268408203125000000e+02 0.000000000000000000e+00 0.000000000000000000e+00
1.268947753906250000e+02 0.000000000000000000e+00 0.000000000000000000e+00
1.269189453125000000e+02 0.000000000000000000e+00 0.000000000000000000e+00
1.269706420898437500e+02 0.000000000000000000e+00 0.000000000000000000e+00
1.269141845703125000e+02 0.000000000000000000e+00 0.000000000000000000e+00
1.268208007812500000e+02 0.000000000000000000e+00 0.000000000000000000e+00
1.266242675781250000e+02 0.000000000000000000e+00 0.000000000000000000e+00
1.264904174804687500e+02 0.000000000000000000e+00 0.000000000000000000e+00
1.265681152343750000e+02 0.000000000000000000e+00 0.000000000000000000e+00
1.265761108398437500e+02 0.000000000000000000e+00 0.000000000000000000e+00
1.265032958984375000e+02 0.000000000000000000e+00 0.000000000000000000e+00
1.264851074218750000e+02 0.000000000000000000e+00 0.000000000000000000e+00
1.263897094726562500e+02 0.000000000000000000e+00 0.000000000000000000e+00
1.265974121093750000e+02 0.000000000000000000e+00 0.000000000000000000e+00
1.266208496093750000e+02 0.000000000000000000e+00 0.000000000000000000e+00
1.266210327148437500e+02 0.000000000000000000e+00 0.000000000000000000e+00
1.266572875976562500e+02 0.000000000000000000e+00 0.000000000000000000e+00
1.265095214843750000e+02 0.000000000000000000e+00 0.000000000000000000e+00
1.264910888671875000e+02 0.000000000000000000e+00 0.000000000000000000e+00
1.265012817382812500e+02 0.000000000000000000e+00 0.000000000000000000e+00
1.265183715820312500e+02 0.000000000000000000e+00 0.000000000000000000e+00
1.264963378906250000e+02 0.000000000000000000e+00 0.000000000000000000e+00
1.264808959960937500e+02 0.000000000000000000e+00 0.000000000000000000e+00
1.264661865234375000e+02 0.000000000000000000e+00 0.000000000000000000e+00
1.265609130859375000e+02 0.000000000000000000e+00 0.000000000000000000e+00
1.265605468750000000e+02 0.000000000000000000e+00 0.000000000000000000e+00
1.266209106445312500e+02 0.000000000000000000e+00 0.000000000000000000e+00
1.265904541015625000e+02 0.000000000000000000e+00 0.000000000000000000e+00
1.266889038085937500e+02 0.000000000000000000e+00 0.000000000000000000e+00
1.267520141601562500e+02 0.000000000000000000e+00 0.000000000000000000e+00
1.267792358398437500e+02 0.000000000000000000e+00 0.000000000000000000e+00
1.268556518554687500e+02 0.000000000000000000e+00 0.000000000000000000e+00
1.269396362304687500e+02 0.000000000000000000e+00 0.000000000000000000e+00
1.268530883789062500e+02 0.000000000000000000e+00 0.000000000000000000e+00
1.268035278320312500e+02 0.000000000000000000e+00 0.000000000000000000e+00
1.268624877929687500e+02 0.000000000000000000e+00 0.000000000000000000e+00
1.268307495117187500e+02 0.000000000000000000e+00 0.000000000000000000e+00
1.268146362304687500e+02 0.000000000000000000e+00 0.000000000000000000e+00
1.267434082031250000e+02 0.000000000000000000e+00 0.000000000000000000e+00
1.267359619140625000e+02 0.000000000000000000e+00 0.000000000000000000e+00
1.267589111328125000e+02 0.000000000000000000e+00 0.000000000000000000e+00
1.266983032226562500e+02 0.000000000000000000e+00 0.000000000000000000e+00
1.266112060546875000e+02 0.000000000000000000e+00 0.000000000000000000e+00
1.265209960937500000e+02 0.000000000000000000e+00 0.000000000000000000e+00
1.263406982421875000e+02 0.000000000000000000e+00 0.000000000000000000e+00
1.263541259765625000e+02 0.000000000000000000e+00 0.000000000000000000e+00
1.262860107421875000e+02 0.000000000000000000e+00 0.000000000000000000e+00
1.263364868164062500e+02 0.000000000000000000e+00 0.000000000000000000e+00
1.263197631835937500e+02 0.000000000000000000e+00 0.000000000000000000e+00
1.263023071289062500e+02 0.000000000000000000e+00 0.000000000000000000e+00
1.263566284179687500e+02 0.000000000000000000e+00 0.000000000000000000e+00
1.263251953125000000e+02 0.000000000000000000e+00 0.000000000000000000e+00
1.263319091796875000e+02 0.000000000000000000e+00 0.000000000000000000e+00
1.263496704101562500e+02 0.000000000000000000e+00 0.000000000000000000e+00
1.263959960937500000e+02 0.000000000000000000e+00 0.000000000000000000e+00
1.264389648437500000e+02 0.000000000000000000e+00 0.000000000000000000e+00
1.268571166992187500e+02 0.000000000000000000e+00 0.000000000000000000e+00
1.267655639648437500e+02 0.000000000000000000e+00 0.000000000000000000e+00
1.267801513671875000e+02 0.000000000000000000e+00 0.000000000000000000e+00
1.266817626953125000e+02 0.000000000000000000e+00 0.000000000000000000e+00
1.265787963867187500e+02 0.000000000000000000e+00 0.000000000000000000e+00
1.266853027343750000e+02 0.000000000000000000e+00 0.000000000000000000e+00
1.265983276367187500e+02 0.000000000000000000e+00 0.000000000000000000e+00
1.264335327148437500e+02 0.000000000000000000e+00 0.000000000000000000e+00
1.263903198242187500e+02 0.000000000000000000e+00 0.000000000000000000e+00
1.263828735351562500e+02 0.000000000000000000e+00 0.000000000000000000e+00
1.264838867187500000e+02 0.000000000000000000e+00 0.000000000000000000e+00
1.265205688476562500e+02 0.000000000000000000e+00 0.000000000000000000e+00
1.264797973632812500e+02 0.000000000000000000e+00 0.000000000000000000e+00
1.264498291015625000e+02 0.000000000000000000e+00 0.000000000000000000e+00
1.264937744140625000e+02 0.000000000000000000e+00 0.000000000000000000e+00
1.265153808593750000e+02 0.000000000000000000e+00 0.000000000000000000e+00
1.265671997070312500e+02 0.000000000000000000e+00 0.000000000000000000e+00
1.266141967773437500e+02 0.000000000000000000e+00 0.000000000000000000e+00
1.266066894531250000e+02 0.000000000000000000e+00 0.000000000000000000e+00
1.266502685546875000e+02 0.000000000000000000e+00 0.000000000000000000e+00
1.267438964843750000e+02 0.000000000000000000e+00 0.000000000000000000e+00
1.266767578125000000e+02 0.000000000000000000e+00 0.000000000000000000e+00
1.267119140625000000e+02 0.000000000000000000e+00 0.000000000000000000e+00
1.267192993164062500e+02 0.000000000000000000e+00 0.000000000000000000e+00
1.267870483398437500e+02 0.000000000000000000e+00 0.000000000000000000e+00
1.267395019531250000e+02 0.000000000000000000e+00 0.000000000000000000e+00
1.267397460937500000e+02 0.000000000000000000e+00 0.000000000000000000e+00
1.266541137695312500e+02 0.000000000000000000e+00 0.000000000000000000e+00
1.265391235351562500e+02 0.000000000000000000e+00 0.000000000000000000e+00
1.264298095703125000e+02 0.000000000000000000e+00 0.000000000000000000e+00
1.264208984375000000e+02 0.000000000000000000e+00 0.000000000000000000e+00
1.263622436523437500e+02 0.000000000000000000e+00 0.000000000000000000e+00
1.263476562500000000e+02 0.000000000000000000e+00 0.000000000000000000e+00
1.261832885742187500e+02 0.000000000000000000e+00 0.000000000000000000e+00
1.261539306640625000e+02 0.000000000000000000e+00 0.000000000000000000e+00
1.260518188476562500e+02 0.000000000000000000e+00 0.000000000000000000e+00
1.260059814453125000e+02 0.000000000000000000e+00 0.000000000000000000e+00
1.260867919921875000e+02 0.000000000000000000e+00 0.000000000000000000e+00
1.261066894531250000e+02 0.000000000000000000e+00 0.000000000000000000e+00
1.260091552734375000e+02 0.000000000000000000e+00 0.000000000000000000e+00
1.260028686523437500e+02 0.000000000000000000e+00 0.000000000000000000e+00
1.259910888671875000e+02 0.000000000000000000e+00 0.000000000000000000e+00
1.260090332031250000e+02 0.000000000000000000e+00 0.000000000000000000e+00
1.260673217773437500e+02 0.000000000000000000e+00 0.000000000000000000e+00
1.260140380859375000e+02 0.000000000000000000e+00 0.000000000000000000e+00
1.260117187500000000e+02 0.000000000000000000e+00 0.000000000000000000e+00
1.259514770507812500e+02 0.000000000000000000e+00 0.000000000000000000e+00
1.259501342773437500e+02 0.000000000000000000e+00 0.000000000000000000e+00
1.259872436523437500e+02 0.000000000000000000e+00 0.000000000000000000e+00
1.259672851562500000e+02 0.000000000000000000e+00 0.000000000000000000e+00
1.258307495117187500e+02 0.000000000000000000e+00 0.000000000000000000e+00
1.258787231445312500e+02 0.000000000000000000e+00 0.000000000000000000e+00
1.258284912109375000e+02 0.000000000000000000e+00 0.000000000000000000e+00
1.258142089843750000e+02 0.000000000000000000e+00 0.000000000000000000e+00
1.258377685546875000e+02 0.000000000000000000e+00 0.000000000000000000e+00
1.259119262695312500e+02 0.000000000000000000e+00 0.000000000000000000e+00
1.259809570312500000e+02 0.000000000000000000e+00 0.000000000000000000e+00
1.260717773437500000e+02 0.000000000000000000e+00 0.000000000000000000e+00
1.260791015625000000e+02 0.000000000000000000e+00 0.000000000000000000e+00
1.261386718750000000e+02 0.000000000000000000e+00 0.000000000000000000e+00
1.261798095703125000e+02 0.000000000000000000e+00 0.000000000000000000e+00
1.261353759765625000e+02 0.000000000000000000e+00 0.000000000000000000e+00
1.262102661132812500e+02 0.000000000000000000e+00 0.000000000000000000e+00
1.262694091796875000e+02 0.000000000000000000e+00 0.000000000000000000e+00
1.261322021484375000e+02 0.000000000000000000e+00 0.000000000000000000e+00
1.260140380859375000e+02 0.000000000000000000e+00 0.000000000000000000e+00
1.259785766601562500e+02 0.000000000000000000e+00 0.000000000000000000e+00
1.259502563476562500e+02 0.000000000000000000e+00 0.000000000000000000e+00
1.259628906250000000e+02 0.000000000000000000e+00 0.000000000000000000e+00
1.258490600585937500e+02 0.000000000000000000e+00 0.000000000000000000e+00
1.258945922851562500e+02 0.000000000000000000e+00 0.000000000000000000e+00
1.259163208007812500e+02 0.000000000000000000e+00 0.000000000000000000e+00
1.259857788085937500e+02 0.000000000000000000e+00 0.000000000000000000e+00
1.259423217773437500e+02 0.000000000000000000e+00 0.000000000000000000e+00
1.258986816406250000e+02 0.000000000000000000e+00 0.000000000000000000e+00
1.258614501953125000e+02 0.000000000000000000e+00 0.000000000000000000e+00
1.258275146484375000e+02 0.000000000000000000e+00 0.000000000000000000e+00
1.257604980468750000e+02 0.000000000000000000e+00 0.000000000000000000e+00
1.257298583984375000e+02 0.000000000000000000e+00 0.000000000000000000e+00
1.256257934570312500e+02 0.000000000000000000e+00 0.000000000000000000e+00
1.256123657226562500e+02 0.000000000000000000e+00 0.000000000000000000e+00
1.254813842773437500e+02 0.000000000000000000e+00 0.000000000000000000e+00
1.254469604492187500e+02 0.000000000000000000e+00 0.000000000000000000e+00
1.256198730468750000e+02 0.000000000000000000e+00 0.000000000000000000e+00
1.255872192382812500e+02 0.000000000000000000e+00 0.000000000000000000e+00
1.256224365234375000e+02 0.000000000000000000e+00 0.000000000000000000e+00
1.256066894531250000e+02 0.000000000000000000e+00 0.000000000000000000e+00
1.256309814453125000e+02 0.000000000000000000e+00 0.000000000000000000e+00
1.256809082031250000e+02 0.000000000000000000e+00 0.000000000000000000e+00
1.257009277343750000e+02 0.000000000000000000e+00 0.000000000000000000e+00
1.256171264648437500e+02 0.000000000000000000e+00 0.000000000000000000e+00
1.256311645507812500e+02 0.000000000000000000e+00 0.000000000000000000e+00
1.256319580078125000e+02 0.000000000000000000e+00 0.000000000000000000e+00
1.256412963867187500e+02 0.000000000000000000e+00 0.000000000000000000e+00
1.256179809570312500e+02 0.000000000000000000e+00 0.000000000000000000e+00
1.256296997070312500e+02 0.000000000000000000e+00 0.000000000000000000e+00
1.256099853515625000e+02 0.000000000000000000e+00 0.000000000000000000e+00
1.255545043945312500e+02 0.000000000000000000e+00 0.000000000000000000e+00
1.255804443359375000e+02 0.000000000000000000e+00 0.000000000000000000e+00
1.256058959960937500e+02 0.000000000000000000e+00 0.000000000000000000e+00
1.256581420898437500e+02 0.000000000000000000e+00 0.000000000000000000e+00
1.255869140625000000e+02 0.000000000000000000e+00 0.000000000000000000e+00
1.254934692382812500e+02 0.000000000000000000e+00 0.000000000000000000e+00
1.254136962890625000e+02 0.000000000000000000e+00 0.000000000000000000e+00
1.253038940429687500e+02 0.000000000000000000e+00 0.000000000000000000e+00
1.252311401367187500e+02 0.000000000000000000e+00 0.000000000000000000e+00
1.253677368164062500e+02 0.000000000000000000e+00 0.000000000000000000e+00
1.254436645507812500e+02 0.000000000000000000e+00 0.000000000000000000e+00
1.254381103515625000e+02 0.000000000000000000e+00 0.000000000000000000e+00
1.254398193359375000e+02 0.000000000000000000e+00 0.000000000000000000e+00
1.254541625976562500e+02 0.000000000000000000e+00 0.000000000000000000e+00
1.254591064453125000e+02 0.000000000000000000e+00 0.000000000000000000e+00
1.254418334960937500e+02 0.000000000000000000e+00 0.000000000000000000e+00
1.253747558593750000e+02 0.000000000000000000e+00 0.000000000000000000e+00
1.254192504882812500e+02 0.000000000000000000e+00 0.000000000000000000e+00
1.253208618164062500e+02 0.000000000000000000e+00 0.000000000000000000e+00
1.253936767578125000e+02 0.000000000000000000e+00 0.000000000000000000e+00
1.253143310546875000e+02 0.000000000000000000e+00 0.000000000000000000e+00
1.251882934570312500e+02 0.000000000000000000e+00 0.000000000000000000e+00
1.251376953125000000e+02 0.000000000000000000e+00 0.000000000000000000e+00
1.252810058593750000e+02 0.000000000000000000e+00 0.000000000000000000e+00
1.251443481445312500e+02 0.000000000000000000e+00 0.000000000000000000e+00
1.251195068359375000e+02 0.000000000000000000e+00 0.000000000000000000e+00
1.251028442382812500e+02 0.000000000000000000e+00 0.000000000000000000e+00
1.251026000976562500e+02 0.000000000000000000e+00 0.000000000000000000e+00
1.250393676757812500e+02 0.000000000000000000e+00 0.000000000000000000e+00
1.250137939453125000e+02 0.000000000000000000e+00 0.000000000000000000e+00
1.251348266601562500e+02 0.000000000000000000e+00 0.000000000000000000e+00
1.251754760742187500e+02 0.000000000000000000e+00 0.000000000000000000e+00
1.252224121093750000e+02 0.000000000000000000e+00 0.000000000000000000e+00
1.251920776367187500e+02 0.000000000000000000e+00 0.000000000000000000e+00
1.253279418945312500e+02 0.000000000000000000e+00 0.000000000000000000e+00
1.253844604492187500e+02 0.000000000000000000e+00 0.000000000000000000e+00
1.253815307617187500e+02 0.000000000000000000e+00 0.000000000000000000e+00
1.253242187500000000e+02 0.000000000000000000e+00 0.000000000000000000e+00
1.252463378906250000e+02 0.000000000000000000e+00 0.000000000000000000e+00
1.252516479492187500e+02 0.000000000000000000e+00 0.000000000000000000e+00
1.252007446289062500e+02 0.000000000000000000e+00 0.000000000000000000e+00
1.252257690429687500e+02 0.000000000000000000e+00 0.000000000000000000e+00
1.253392944335937500e+02 0.000000000000000000e+00 0.000000000000000000e+00
1.253408813476562500e+02 0.000000000000000000e+00 0.000000000000000000e+00
1.253344116210937500e+02 0.000000000000000000e+00 0.000000000000000000e+00
1.251530151367187500e+02 0.000000000000000000e+00 0.000000000000000000e+00
1.251226806640625000e+02 0.000000000000000000e+00 0.000000000000000000e+00
1.249568481445312500e+02 0.000000000000000000e+00 0.000000000000000000e+00
1.250051879882812500e+02 0.000000000000000000e+00 0.000000000000000000e+00
1.250961914062500000e+02 0.000000000000000000e+00 0.000000000000000000e+00
1.251549682617187500e+02 0.000000000000000000e+00 0.000000000000000000e+00
1.253499755859375000e+02 0.000000000000000000e+00 0.000000000000000000e+00
1.254038696289062500e+02 0.000000000000000000e+00 0.000000000000000000e+00
1.254860839843750000e+02 0.000000000000000000e+00 0.000000000000000000e+00
1.254898681640625000e+02 0.000000000000000000e+00 0.000000000000000000e+00
1.254159545898437500e+02 0.000000000000000000e+00 0.000000000000000000e+00
1.252644653320312500e+02 0.000000000000000000e+00 0.000000000000000000e+00
1.252571411132812500e+02 0.000000000000000000e+00 0.000000000000000000e+00
1.251519165039062500e+02 0.000000000000000000e+00 0.000000000000000000e+00
1.251250610351562500e+02 0.000000000000000000e+00 0.000000000000000000e+00
1.250481567382812500e+02 0.000000000000000000e+00 0.000000000000000000e+00
1.249604492187500000e+02 0.000000000000000000e+00 0.000000000000000000e+00
1.249536132812500000e+02 0.000000000000000000e+00 0.000000000000000000e+00
1.249522705078125000e+02 0.000000000000000000e+00 0.000000000000000000e+00
1.248946533203125000e+02 0.000000000000000000e+00 0.000000000000000000e+00
1.250046997070312500e+02 0.000000000000000000e+00 0.000000000000000000e+00
1.250912475585937500e+02 0.000000000000000000e+00 0.000000000000000000e+00
1.250715332031250000e+02 0.000000000000000000e+00 0.000000000000000000e+00
1.250343017578125000e+02 0.000000000000000000e+00 0.000000000000000000e+00
1.251356201171875000e+02 0.000000000000000000e+00 0.000000000000000000e+00
1.251687622070312500e+02 0.000000000000000000e+00 0.000000000000000000e+00
1.250893554687500000e+02 0.000000000000000000e+00 0.000000000000000000e+00
1.251392211914062500e+02 0.000000000000000000e+00 0.000000000000000000e+00
1.250899047851562500e+02 0.000000000000000000e+00 0.000000000000000000e+00
1.250512084960937500e+02 0.000000000000000000e+00 0.000000000000000000e+00
1.250104980468750000e+02 0.000000000000000000e+00 0.000000000000000000e+00
1.250103149414062500e+02 0.000000000000000000e+00 0.000000000000000000e+00
1.249683837890625000e+02 0.000000000000000000e+00 0.000000000000000000e+00
1.248781127929687500e+02 0.000000000000000000e+00 0.000000000000000000e+00
1.248267822265625000e+02 0.000000000000000000e+00 0.000000000000000000e+00
1.248851318359375000e+02 0.000000000000000000e+00 0.000000000000000000e+00
1.248696289062500000e+02 0.000000000000000000e+00 0.000000000000000000e+00
1.248020629882812500e+02 0.000000000000000000e+00 0.000000000000000000e+00
1.250933227539062500e+02 0.000000000000000000e+00 0.000000000000000000e+00
1.249096679687500000e+02 0.000000000000000000e+00 0.000000000000000000e+00
1.247330322265625000e+02 0.000000000000000000e+00 0.000000000000000000e+00
1.247881469726562500e+02 0.000000000000000000e+00 0.000000000000000000e+00
1.248358154296875000e+02 0.000000000000000000e+00 0.000000000000000000e+00
1.248927612304687500e+02 0.000000000000000000e+00 0.000000000000000000e+00
1.248742065429687500e+02 0.000000000000000000e+00 0.000000000000000000e+00
1.248282470703125000e+02 0.000000000000000000e+00 0.000000000000000000e+00
1.247910766601562500e+02 0.000000000000000000e+00 0.000000000000000000e+00
1.247953491210937500e+02 0.000000000000000000e+00 0.000000000000000000e+00
1.246765747070312500e+02 0.000000000000000000e+00 0.000000000000000000e+00
1.245966186523437500e+02 0.000000000000000000e+00 0.000000000000000000e+00
1.247780151367187500e+02 0.000000000000000000e+00 0.000000000000000000e+00
1.247353515625000000e+02 0.000000000000000000e+00 0.000000000000000000e+00
1.247052001953125000e+02 0.000000000000000000e+00 0.000000000000000000e+00
1.246725463867187500e+02 0.000000000000000000e+00 0.000000000000000000e+00
1.246696777343750000e+02 0.000000000000000000e+00 0.000000000000000000e+00
1.244226684570312500e+02 0.000000000000000000e+00 0.000000000000000000e+00
1.244066162109375000e+02 0.000000000000000000e+00 0.000000000000000000e+00
1.244214477539062500e+02 0.000000000000000000e+00 0.000000000000000000e+00
1.244073486328125000e+02 0.000000000000000000e+00 0.000000000000000000e+00
1.244336547851562500e+02 0.000000000000000000e+00 0.000000000000000000e+00
1.246592407226562500e+02 0.000000000000000000e+00 0.000000000000000000e+00
1.246852416992187500e+02 0.000000000000000000e+00 0.000000000000000000e+00
1.248946533203125000e+02 0.000000000000000000e+00 0.000000000000000000e+00
1.250086059570312500e+02 0.000000000000000000e+00 0.000000000000000000e+00
1.250216674804687500e+02 0.000000000000000000e+00 0.000000000000000000e+00
1.250455322265625000e+02 0.000000000000000000e+00 0.000000000000000000e+00
1.250872802734375000e+02 0.000000000000000000e+00 0.000000000000000000e+00
1.251284790039062500e+02 0.000000000000000000e+00 0.000000000000000000e+00
1.251315307617187500e+02 0.000000000000000000e+00 0.000000000000000000e+00
1.250579833984375000e+02 0.000000000000000000e+00 0.000000000000000000e+00
1.250574340820312500e+02 0.000000000000000000e+00 0.000000000000000000e+00
1.250521240234375000e+02 0.000000000000000000e+00 0.000000000000000000e+00
1.249965209960937500e+02 0.000000000000000000e+00 0.000000000000000000e+00
1.250062866210937500e+02 0.000000000000000000e+00 0.000000000000000000e+00
1.249592285156250000e+02 0.000000000000000000e+00 0.000000000000000000e+00
1.248762207031250000e+02 0.000000000000000000e+00 0.000000000000000000e+00
1.248043212890625000e+02 0.000000000000000000e+00 0.000000000000000000e+00
1.247601318359375000e+02 0.000000000000000000e+00 0.000000000000000000e+00
1.247223510742187500e+02 0.000000000000000000e+00 0.000000000000000000e+00
1.247067260742187500e+02 0.000000000000000000e+00 0.000000000000000000e+00
1.246633300781250000e+02 0.000000000000000000e+00 0.000000000000000000e+00
1.246142578125000000e+02 0.000000000000000000e+00 0.000000000000000000e+00
1.245697021484375000e+02 0.000000000000000000e+00 0.000000000000000000e+00
1.246032104492187500e+02 0.000000000000000000e+00 0.000000000000000000e+00
1.245512695312500000e+02 0.000000000000000000e+00 0.000000000000000000e+00
1.246882324218750000e+02 0.000000000000000000e+00 0.000000000000000000e+00
1.247443847656250000e+02 0.000000000000000000e+00 0.000000000000000000e+00
1.247404785156250000e+02 0.000000000000000000e+00 0.000000000000000000e+00
1.247484741210937500e+02 0.000000000000000000e+00 0.000000000000000000e+00
1.247644653320312500e+02 0.000000000000000000e+00 0.000000000000000000e+00
1.247149658203125000e+02 0.000000000000000000e+00 0.000000000000000000e+00
1.246923828125000000e+02 0.000000000000000000e+00 0.000000000000000000e+00
1.246467895507812500e+02 0.000000000000000000e+00 0.000000000000000000e+00
1.246989746093750000e+02 0.000000000000000000e+00 0.000000000000000000e+00
1.246761474609375000e+02 0.000000000000000000e+00 0.000000000000000000e+00
1.246522216796875000e+02 0.000000000000000000e+00 0.000000000000000000e+00
1.246312255859375000e+02 0.000000000000000000e+00 0.000000000000000000e+00
1.246188964843750000e+02 0.000000000000000000e+00 0.000000000000000000e+00
1.248368530273437500e+02 0.000000000000000000e+00 0.000000000000000000e+00
1.246832275390625000e+02 0.000000000000000000e+00 0.000000000000000000e+00
1.246962280273437500e+02 0.000000000000000000e+00 0.000000000000000000e+00
1.245656127929687500e+02 0.000000000000000000e+00 0.000000000000000000e+00
1.245902709960937500e+02 0.000000000000000000e+00 0.000000000000000000e+00
1.245858154296875000e+02 0.000000000000000000e+00 0.000000000000000000e+00
1.245994873046875000e+02 0.000000000000000000e+00 0.000000000000000000e+00
1.246364746093750000e+02 0.000000000000000000e+00 0.000000000000000000e+00
1.246327514648437500e+02 0.000000000000000000e+00 0.000000000000000000e+00
1.246719360351562500e+02 0.000000000000000000e+00 0.000000000000000000e+00
1.247313232421875000e+02 0.000000000000000000e+00 0.000000000000000000e+00
1.247421875000000000e+02 0.000000000000000000e+00 0.000000000000000000e+00
1.247056274414062500e+02 0.000000000000000000e+00 0.000000000000000000e+00
1.246827392578125000e+02 0.000000000000000000e+00 0.000000000000000000e+00
1.246556396484375000e+02 0.000000000000000000e+00 0.000000000000000000e+00
1.246705322265625000e+02 0.000000000000000000e+00 0.000000000000000000e+00
1.246466064453125000e+02 0.000000000000000000e+00 0.000000000000000000e+00
1.246055297851562500e+02 0.000000000000000000e+00 0.000000000000000000e+00
1.245601806640625000e+02 0.000000000000000000e+00 0.000000000000000000e+00
1.244720458984375000e+02 0.000000000000000000e+00 0.000000000000000000e+00
1.244116210937500000e+02 0.000000000000000000e+00 0.000000000000000000e+00
1.243692016601562500e+02 0.000000000000000000e+00 0.000000000000000000e+00
1.243507080078125000e+02 0.000000000000000000e+00 0.000000000000000000e+00
1.243264770507812500e+02 0.000000000000000000e+00 0.000000000000000000e+00
1.243994140625000000e+02 0.000000000000000000e+00 0.000000000000000000e+00
1.243514404296875000e+02 0.000000000000000000e+00 0.000000000000000000e+00
1.243223266601562500e+02 0.000000000000000000e+00 0.000000000000000000e+00
1.244812622070312500e+02 0.000000000000000000e+00 0.000000000000000000e+00
1.245108032226562500e+02 0.000000000000000000e+00 0.000000000000000000e+00
1.245939331054687500e+02 0.000000000000000000e+00 0.000000000000000000e+00
1.246755981445312500e+02 0.000000000000000000e+00 0.000000000000000000e+00
1.248562011718750000e+02 0.000000000000000000e+00 0.000000000000000000e+00
1.248032836914062500e+02 0.000000000000000000e+00 0.000000000000000000e+00
1.246320190429687500e+02 0.000000000000000000e+00 0.000000000000000000e+00
1.245823364257812500e+02 0.000000000000000000e+00 0.000000000000000000e+00
1.245656738281250000e+02 0.000000000000000000e+00 0.000000000000000000e+00
1.245839843750000000e+02 0.000000000000000000e+00 0.000000000000000000e+00
1.245292968750000000e+02 0.000000000000000000e+00 0.000000000000000000e+00
1.245260009765625000e+02 0.000000000000000000e+00 0.000000000000000000e+00
1.245690307617187500e+02 0.000000000000000000e+00 0.000000000000000000e+00
1.245655517578125000e+02 0.000000000000000000e+00 0.000000000000000000e+00
1.246218261718750000e+02 0.000000000000000000e+00 0.000000000000000000e+00
1.246217651367187500e+02 0.000000000000000000e+00 0.000000000000000000e+00
1.246048583984375000e+02 0.000000000000000000e+00 0.000000000000000000e+00
1.246123657226562500e+02 0.000000000000000000e+00 0.000000000000000000e+00
1.246211547851562500e+02 0.000000000000000000e+00 0.000000000000000000e+00
1.246308593750000000e+02 0.000000000000000000e+00 0.000000000000000000e+00
1.247783203125000000e+02 0.000000000000000000e+00 0.000000000000000000e+00
1.248542480468750000e+02 0.000000000000000000e+00 0.000000000000000000e+00
1.249650268554687500e+02 0.000000000000000000e+00 0.000000000000000000e+00
1.249044189453125000e+02 0.000000000000000000e+00 0.000000000000000000e+00
1.249227294921875000e+02 0.000000000000000000e+00 0.000000000000000000e+00
1.248883666992187500e+02 0.000000000000000000e+00 0.000000000000000000e+00
1.248608398437500000e+02 0.000000000000000000e+00 0.000000000000000000e+00
1.248350830078125000e+02 0.000000000000000000e+00 0.000000000000000000e+00
1.247427368164062500e+02 0.000000000000000000e+00 0.000000000000000000e+00
1.247510986328125000e+02 0.000000000000000000e+00 0.000000000000000000e+00
1.246530151367187500e+02 0.000000000000000000e+00 0.000000000000000000e+00
1.245698852539062500e+02 0.000000000000000000e+00 0.000000000000000000e+00
1.245371704101562500e+02 0.000000000000000000e+00 0.000000000000000000e+00
1.243549804687500000e+02 0.000000000000000000e+00 0.000000000000000000e+00
1.241731567382812500e+02 0.000000000000000000e+00 0.000000000000000000e+00
1.242528076171875000e+02 0.000000000000000000e+00 0.000000000000000000e+00
1.242484741210937500e+02 0.000000000000000000e+00 0.000000000000000000e+00
1.242991943359375000e+02 0.000000000000000000e+00 0.000000000000000000e+00
1.243489379882812500e+02 0.000000000000000000e+00 0.000000000000000000e+00
1.243727416992187500e+02 0.000000000000000000e+00 0.000000000000000000e+00
1.243268432617187500e+02 0.000000000000000000e+00 0.000000000000000000e+00
1.243233032226562500e+02 0.000000000000000000e+00 0.000000000000000000e+00
1.244544677734375000e+02 0.000000000000000000e+00 0.000000000000000000e+00
1.244440917968750000e+02 0.000000000000000000e+00 0.000000000000000000e+00
1.243828735351562500e+02 0.000000000000000000e+00 0.000000000000000000e+00
1.243844604492187500e+02 0.000000000000000000e+00 0.000000000000000000e+00
1.243457031250000000e+02 0.000000000000000000e+00 0.000000000000000000e+00
1.243950195312500000e+02 0.000000000000000000e+00 0.000000000000000000e+00
1.243199462890625000e+02 0.000000000000000000e+00 0.000000000000000000e+00
1.243567504882812500e+02 0.000000000000000000e+00 0.000000000000000000e+00
1.244174194335937500e+02 0.000000000000000000e+00 0.000000000000000000e+00
1.242640380859375000e+02 0.000000000000000000e+00 0.000000000000000000e+00
1.242335815429687500e+02 0.000000000000000000e+00 0.000000000000000000e+00
1.242672729492187500e+02 0.000000000000000000e+00 0.000000000000000000e+00
1.242467651367187500e+02 0.000000000000000000e+00 0.000000000000000000e+00
1.242053833007812500e+02 0.000000000000000000e+00 0.000000000000000000e+00
1.242297363281250000e+02 0.000000000000000000e+00 0.000000000000000000e+00
1.241743774414062500e+02 0.000000000000000000e+00 0.000000000000000000e+00
1.242026367187500000e+02 0.000000000000000000e+00 0.000000000000000000e+00
1.242249145507812500e+02 0.000000000000000000e+00 0.000000000000000000e+00
1.243058471679687500e+02 0.000000000000000000e+00 0.000000000000000000e+00
1.243489990234375000e+02 0.000000000000000000e+00 0.000000000000000000e+00
1.243747558593750000e+02 0.000000000000000000e+00 0.000000000000000000e+00
1.243573608398437500e+02 0.000000000000000000e+00 0.000000000000000000e+00
1.244150390625000000e+02 0.000000000000000000e+00 0.000000000000000000e+00
1.243815307617187500e+02 0.000000000000000000e+00 0.000000000000000000e+00
1.244195556640625000e+02 0.000000000000000000e+00 0.000000000000000000e+00
1.243988647460937500e+02 0.000000000000000000e+00 0.000000000000000000e+00
1.243328247070312500e+02 0.000000000000000000e+00 0.000000000000000000e+00
1.243695068359375000e+02 0.000000000000000000e+00 0.000000000000000000e+00
1.244022216796875000e+02 0.000000000000000000e+00 0.000000000000000000e+00
1.243574218750000000e+02 0.000000000000000000e+00 0.000000000000000000e+00
1.243785400390625000e+02 0.000000000000000000e+00 0.000000000000000000e+00
1.243509521484375000e+02 0.000000000000000000e+00 0.000000000000000000e+00
1.243552856445312500e+02 0.000000000000000000e+00 0.000000000000000000e+00
1.243862915039062500e+02 0.000000000000000000e+00 0.000000000000000000e+00
1.243798217773437500e+02 0.000000000000000000e+00 0.000000000000000000e+00
1.244503173828125000e+02 0.000000000000000000e+00 0.000000000000000000e+00
1.245064086914062500e+02 0.000000000000000000e+00 0.000000000000000000e+00
1.245244750976562500e+02 0.000000000000000000e+00 0.000000000000000000e+00
1.245973510742187500e+02 0.000000000000000000e+00 0.000000000000000000e+00
1.246973876953125000e+02 0.000000000000000000e+00 0.000000000000000000e+00
1.247915039062500000e+02 0.000000000000000000e+00 0.000000000000000000e+00
1.247401733398437500e+02 0.000000000000000000e+00 0.000000000000000000e+00
1.247141723632812500e+02 0.000000000000000000e+00 0.000000000000000000e+00
1.245878295898437500e+02 0.000000000000000000e+00 0.000000000000000000e+00
1.243261108398437500e+02 0.000000000000000000e+00 0.000000000000000000e+00
1.242403564453125000e+02 0.000000000000000000e+00 0.000000000000000000e+00
1.241835327148437500e+02 0.000000000000000000e+00 0.000000000000000000e+00
1.242206420898437500e+02 0.000000000000000000e+00 0.000000000000000000e+00
1.241979980468750000e+02 0.000000000000000000e+00 0.000000000000000000e+00
1.241612548828125000e+02 0.000000000000000000e+00 0.000000000000000000e+00
1.243551025390625000e+02 0.000000000000000000e+00 0.000000000000000000e+00
1.245161132812500000e+02 0.000000000000000000e+00 0.000000000000000000e+00
1.244211425781250000e+02 0.000000000000000000e+00 0.000000000000000000e+00
1.244004516601562500e+02 0.000000000000000000e+00 0.000000000000000000e+00
1.242274169921875000e+02 0.000000000000000000e+00 0.000000000000000000e+00
1.242282714843750000e+02 0.000000000000000000e+00 0.000000000000000000e+00
1.242584838867187500e+02 0.000000000000000000e+00 0.000000000000000000e+00
1.242767944335937500e+02 0.000000000000000000e+00 0.000000000000000000e+00
1.242959594726562500e+02 0.000000000000000000e+00 0.000000000000000000e+00
1.242780761718750000e+02 0.000000000000000000e+00 0.000000000000000000e+00
1.244717407226562500e+02 0.000000000000000000e+00 0.000000000000000000e+00
1.243502197265625000e+02 0.000000000000000000e+00 0.000000000000000000e+00
1.241717529296875000e+02 0.000000000000000000e+00 0.000000000000000000e+00
1.240637817382812500e+02 0.000000000000000000e+00 0.000000000000000000e+00
1.240172729492187500e+02 0.000000000000000000e+00 0.000000000000000000e+00
1.239609985351562500e+02 0.000000000000000000e+00 0.000000000000000000e+00
1.239866943359375000e+02 0.000000000000000000e+00 0.000000000000000000e+00
1.240216064453125000e+02 0.000000000000000000e+00 0.000000000000000000e+00
1.239052734375000000e+02 0.000000000000000000e+00 0.000000000000000000e+00
1.234160766601562500e+02 0.000000000000000000e+00 0.000000000000000000e+00
1.232001342773437500e+02 0.000000000000000000e+00 0.000000000000000000e+00
1.229721679687500000e+02 0.000000000000000000e+00 0.000000000000000000e+00
1.227623901367187500e+02 0.000000000000000000e+00 0.000000000000000000e+00
1.227901611328125000e+02 0.000000000000000000e+00 0.000000000000000000e+00
1.228769531250000000e+02 0.000000000000000000e+00 0.000000000000000000e+00
1.231031494140625000e+02 0.000000000000000000e+00 0.000000000000000000e+00
1.231831665039062500e+02 0.000000000000000000e+00 0.000000000000000000e+00
1.231483154296875000e+02 0.000000000000000000e+00 0.000000000000000000e+00
1.232478027343750000e+02 0.000000000000000000e+00 0.000000000000000000e+00
1.232015380859375000e+02 0.000000000000000000e+00 0.000000000000000000e+00
1.231122436523437500e+02 0.000000000000000000e+00 0.000000000000000000e+00
1.228811035156250000e+02 0.000000000000000000e+00 0.000000000000000000e+00
1.228345947265625000e+02 0.000000000000000000e+00 0.000000000000000000e+00
1.228380126953125000e+02 0.000000000000000000e+00 0.000000000000000000e+00
1.228505859375000000e+02 0.000000000000000000e+00 0.000000000000000000e+00
1.229746093750000000e+02 0.000000000000000000e+00 0.000000000000000000e+00
1.230895385742187500e+02 0.000000000000000000e+00 0.000000000000000000e+00
1.231161499023437500e+02 0.000000000000000000e+00 0.000000000000000000e+00
1.231184082031250000e+02 0.000000000000000000e+00 0.000000000000000000e+00
1.230524291992187500e+02 0.000000000000000000e+00 0.000000000000000000e+00
1.230516967773437500e+02 0.000000000000000000e+00 0.000000000000000000e+00
1.230010986328125000e+02 0.000000000000000000e+00 0.000000000000000000e+00
1.229237670898437500e+02 0.000000000000000000e+00 0.000000000000000000e+00
1.229302978515625000e+02 0.000000000000000000e+00 0.000000000000000000e+00
1.229750366210937500e+02 0.000000000000000000e+00 0.000000000000000000e+00
1.229837036132812500e+02 0.000000000000000000e+00 0.000000000000000000e+00
1.229678344726562500e+02 0.000000000000000000e+00 0.000000000000000000e+00
1.230808715820312500e+02 0.000000000000000000e+00 0.000000000000000000e+00
1.230191650390625000e+02 0.000000000000000000e+00 0.000000000000000000e+00
1.228569335937500000e+02 0.000000000000000000e+00 0.000000000000000000e+00
1.229456176757812500e+02 0.000000000000000000e+00 0.000000000000000000e+00
1.231354370117187500e+02 0.000000000000000000e+00 0.000000000000000000e+00
1.232002563476562500e+02 0.000000000000000000e+00 0.000000000000000000e+00
1.232108764648437500e+02 0.000000000000000000e+00 0.000000000000000000e+00
1.232346191406250000e+02 0.000000000000000000e+00 0.000000000000000000e+00
1.232166137695312500e+02 0.000000000000000000e+00 0.000000000000000000e+00
1.231970214843750000e+02 0.000000000000000000e+00 0.000000000000000000e+00
1.231787719726562500e+02 0.000000000000000000e+00 0.000000000000000000e+00
1.230002441406250000e+02 0.000000000000000000e+00 0.000000000000000000e+00
1.228828125000000000e+02 0.000000000000000000e+00 0.000000000000000000e+00
1.228981933593750000e+02 0.000000000000000000e+00 0.000000000000000000e+00
1.229705810546875000e+02 0.000000000000000000e+00 0.000000000000000000e+00
1.228447265625000000e+02 0.000000000000000000e+00 0.000000000000000000e+00
1.229274902343750000e+02 0.000000000000000000e+00 0.000000000000000000e+00
1.226524047851562500e+02 0.000000000000000000e+00 0.000000000000000000e+00
1.226318969726562500e+02 0.000000000000000000e+00 0.000000000000000000e+00
1.226912841796875000e+02 0.000000000000000000e+00 0.000000000000000000e+00
1.226937255859375000e+02 0.000000000000000000e+00 0.000000000000000000e+00
1.226921997070312500e+02 0.000000000000000000e+00 0.000000000000000000e+00
1.227134399414062500e+02 0.000000000000000000e+00 0.000000000000000000e+00
1.227147827148437500e+02 0.000000000000000000e+00 0.000000000000000000e+00
1.226349487304687500e+02 0.000000000000000000e+00 0.000000000000000000e+00
1.227040405273437500e+02 0.000000000000000000e+00 0.000000000000000000e+00
1.226664428710937500e+02 0.000000000000000000e+00 0.000000000000000000e+00
1.226595458984375000e+02 0.000000000000000000e+00 0.000000000000000000e+00
1.226554565429687500e+02 0.000000000000000000e+00 0.000000000000000000e+00
1.226802368164062500e+02 0.000000000000000000e+00 0.000000000000000000e+00
1.226809082031250000e+02 0.000000000000000000e+00 0.000000000000000000e+00
1.226567993164062500e+02 0.000000000000000000e+00 0.000000000000000000e+00
1.226962890625000000e+02 0.000000000000000000e+00 0.000000000000000000e+00
1.227076416015625000e+02 0.000000000000000000e+00 0.000000000000000000e+00
1.226453247070312500e+02 0.000000000000000000e+00 0.000000000000000000e+00
1.226468505859375000e+02 0.000000000000000000e+00 0.000000000000000000e+00
1.226320800781250000e+02 0.000000000000000000e+00 0.000000000000000000e+00
1.225932006835937500e+02 0.000000000000000000e+00 0.000000000000000000e+00
1.226591186523437500e+02 0.000000000000000000e+00 0.000000000000000000e+00
1.226240844726562500e+02 0.000000000000000000e+00 0.000000000000000000e+00
1.226613159179687500e+02 0.000000000000000000e+00 0.000000000000000000e+00
1.226727294921875000e+02 0.000000000000000000e+00 0.000000000000000000e+00
1.226035766601562500e+02 0.000000000000000000e+00 0.000000000000000000e+00
1.226336059570312500e+02 0.000000000000000000e+00 0.000000000000000000e+00
1.227160644531250000e+02 0.000000000000000000e+00 0.000000000000000000e+00
1.226684570312500000e+02 0.000000000000000000e+00 0.000000000000000000e+00
1.226026611328125000e+02 0.000000000000000000e+00 0.000000000000000000e+00
1.226304321289062500e+02 0.000000000000000000e+00 0.000000000000000000e+00
1.225957641601562500e+02 0.000000000000000000e+00 0.000000000000000000e+00
1.222973022460937500e+02 0.000000000000000000e+00 0.000000000000000000e+00
1.222442016601562500e+02 0.000000000000000000e+00 0.000000000000000000e+00
1.221129760742187500e+02 0.000000000000000000e+00 0.000000000000000000e+00
1.220413208007812500e+02 0.000000000000000000e+00 0.000000000000000000e+00
1.219320068359375000e+02 0.000000000000000000e+00 0.000000000000000000e+00
1.220075683593750000e+02 0.000000000000000000e+00 0.000000000000000000e+00
1.220509643554687500e+02 0.000000000000000000e+00 0.000000000000000000e+00
1.221795043945312500e+02 0.000000000000000000e+00 0.000000000000000000e+00
1.221721191406250000e+02 0.000000000000000000e+00 0.000000000000000000e+00
1.221585083007812500e+02 0.000000000000000000e+00 0.000000000000000000e+00
1.221073608398437500e+02 0.000000000000000000e+00 0.000000000000000000e+00
1.221204223632812500e+02 0.000000000000000000e+00 0.000000000000000000e+00
1.221098022460937500e+02 0.000000000000000000e+00 0.000000000000000000e+00
1.220803833007812500e+02 0.000000000000000000e+00 0.000000000000000000e+00
1.221356201171875000e+02 0.000000000000000000e+00 0.000000000000000000e+00
1.221329345703125000e+02 0.000000000000000000e+00 0.000000000000000000e+00
1.220502929687500000e+02 0.000000000000000000e+00 0.000000000000000000e+00
1.220357666015625000e+02 0.000000000000000000e+00 0.000000000000000000e+00
1.220269165039062500e+02 0.000000000000000000e+00 0.000000000000000000e+00
1.220130004882812500e+02 0.000000000000000000e+00 0.000000000000000000e+00
1.220532226562500000e+02 0.000000000000000000e+00 0.000000000000000000e+00
1.221497192382812500e+02 0.000000000000000000e+00 0.000000000000000000e+00
1.222194824218750000e+02 0.000000000000000000e+00 0.000000000000000000e+00
