1.862138671875000000e+02 6.179809570312500000e-01 0.000000000000000000e+00
1.862115478515625000e+02 6.179809570312500000e-01 0.000000000000000000e+00
1.861954956054687500e+02 6.040039062500000000e-01 0.000000000000000000e+00
1.857713012695312500e+02 4.071044921875000000e-01 0.000000000000000000e+00
1.849933471679687500e+02 3.905029296875000000e-01 0.000000000000000000e+00
1.846768188476562500e+02 3.713378906250000000e-01 0.000000000000000000e+00
1.840795898437500000e+02 4.193115234375000000e-01 0.000000000000000000e+00
1.839025878906250000e+02 4.414672851562500000e-01 0.000000000000000000e+00
1.837951049804687500e+02 4.356079101562500000e-01 0.000000000000000000e+00
1.835292968750000000e+02 4.784545898437500000e-01 0.000000000000000000e+00
1.832667236328125000e+02 4.481201171875000000e-01 0.000000000000000000e+00
1.830780639648437500e+02 4.085693359375000000e-01 0.000000000000000000e+00
1.832037963867187500e+02 4.605102539062500000e-01 0.000000000000000000e+00
1.833009033203125000e+02 4.835205078125000000e-01 0.000000000000000000e+00
1.835045776367187500e+02 5.342407226562500000e-01 0.000000000000000000e+00
1.839548339843750000e+02 5.478515625000000000e-01 0.000000000000000000e+00
1.842572631835937500e+02 5.524291992187500000e-01 0.000000000000000000e+00
1.843869018554687500e+02 5.977783203125000000e-01 0.000000000000000000e+00
1.846266479492187500e+02 6.445312500000000000e-01 0.000000000000000000e+00
1.850885009765625000e+02 7.180786132812500000e-01 0.000000000000000000e+00
1.852541503906250000e+02 7.842407226562500000e-01 0.000000000000000000e+00
1.854384155273437500e+02 8.874511718750000000e-01 0.000000000000000000e+00
1.860211181640625000e+02 9.255371093750000000e-01 0.000000000000000000e+00
1.862895507812500000e+02 9.842529296875000000e-01 0.000000000000000000e+00
1.866296997070312500e+02 1.060424804687500000e+00 0.000000000000000000e+00
1.868681030273437500e+02 1.145507812500000000e+00 0.000000000000000000e+00
1.871430053710937500e+02 1.211242675781250000e+00 0.000000000000000000e+00
1.872810058593750000e+02 1.231994628906250000e+00 0.000000000000000000e+00
1.871279296875000000e+02 1.083129882812500000e+00 0.000000000000000000e+00
1.860024414062500000e+02 6.457519531250000000e-01 0.000000000000000000e+00
1.849351196289062500e+02 5.004882812500000000e-01 0.000000000000000000e+00
1.845744018554687500e+02 4.219970703125000000e-01 0.000000000000000000e+00
1.843397216796875000e+02 3.999023437500000000e-01 0.000000000000000000e+00
1.840429077148437500e+02 4.279174804687500000e-01 0.000000000000000000e+00
1.840297241210937500e+02 3.769531250000000000e-01 0.000000000000000000e+00
1.838540649414062500e+02 4.201049804687500000e-01 0.000000000000000000e+00
1.839721679687500000e+02 4.602050781250000000e-01 0.000000000000000000e+00
1.842666015625000000e+02 5.226440429687500000e-01 0.000000000000000000e+00
1.844028930664062500e+02 6.143188476562500000e-01 0.000000000000000000e+00
1.845146484375000000e+02 6.390380859375000000e-01 0.000000000000000000e+00
1.845798339843750000e+02 6.657714843750000000e-01 0.000000000000000000e+00
1.846005249023437500e+02 6.513671875000000000e-01 0.000000000000000000e+00
1.845147705078125000e+02 6.524047851562500000e-01 0.000000000000000000e+00
1.845684204101562500e+02 6.412353515625000000e-01 0.000000000000000000e+00
1.848057250976562500e+02 5.793457031250000000e-01 0.000000000000000000e+00
1.849253540039062500e+02 6.132812500000000000e-01 0.000000000000000000e+00
1.851530761718750000e+02 6.535644531250000000e-01 0.000000000000000000e+00
1.854683837890625000e+02 6.903686523437500000e-01 0.000000000000000000e+00
1.858860473632812500e+02 7.760620117187500000e-01 0.000000000000000000e+00
1.861945190429687500e+02 8.166503906250000000e-01 0.000000000000000000e+00
1.866427612304687500e+02 9.426879882812500000e-01 0.000000000000000000e+00
1.868085327148437500e+02 9.802856445312500000e-01 0.000000000000000000e+00
1.868764648437500000e+02 9.834594726562500000e-01 0.000000000000000000e+00
1.870609741210937500e+02 1.076049804687500000e+00 0.000000000000000000e+00
1.871950683593750000e+02 1.121154785156250000e+00 0.000000000000000000e+00
1.872105102539062500e+02 1.130493164062500000e+00 0.000000000000000000e+00
1.874242553710937500e+02 1.161560058593750000e+00 0.000000000000000000e+00
1.874591064453125000e+02 1.067504882812500000e+00 0.000000000000000000e+00
1.867099609375000000e+02 8.145141601562500000e-01 0.000000000000000000e+00
1.853918457031250000e+02 5.625000000000000000e-01 0.000000000000000000e+00
1.845981445312500000e+02 3.433227539062500000e-01 0.000000000000000000e+00
1.842150878906250000e+02 2.874145507812500000e-01 0.000000000000000000e+00
1.839978637695312500e+02 3.132934570312500000e-01 0.000000000000000000e+00
1.839187011718750000e+02 3.242797851562500000e-01 0.000000000000000000e+00
1.839116210937500000e+02 3.283081054687500000e-01 0.000000000000000000e+00
1.837601318359375000e+02 3.803100585937500000e-01 0.000000000000000000e+00
1.838283081054687500e+02 3.690185546875000000e-01 0.000000000000000000e+00
1.839345092773437500e+02 3.961791992187500000e-01 0.000000000000000000e+00
1.840823974609375000e+02 4.274902343750000000e-01 0.000000000000000000e+00
1.841709594726562500e+02 4.905395507812500000e-01 0.000000000000000000e+00
1.841009521484375000e+02 4.799804687500000000e-01 0.000000000000000000e+00
1.840446166992187500e+02 4.566040039062500000e-01 0.000000000000000000e+00
1.843777465820312500e+02 5.305786132812500000e-01 0.000000000000000000e+00
1.846288452148437500e+02 5.614013671875000000e-01 0.000000000000000000e+00
1.847866821289062500e+02 6.015625000000000000e-01 0.000000000000000000e+00
1.850302734375000000e+02 6.691284179687500000e-01 0.000000000000000000e+00
1.853393554687500000e+02 7.814331054687500000e-01 0.000000000000000000e+00
1.857838745117187500e+02 8.505859375000000000e-01 0.000000000000000000e+00
1.861755371093750000e+02 9.363403320312500000e-01 0.000000000000000000e+00
1.867127685546875000e+02 9.555053710937500000e-01 0.000000000000000000e+00
1.873541870117187500e+02 1.072204589843750000e+00 0.000000000000000000e+00
1.878002319335937500e+02 1.215942382812500000e+00 0.000000000000000000e+00
1.881227416992187500e+02 1.348754882812500000e+00 0.000000000000000000e+00
1.885949707031250000e+02 1.355529785156250000e+00 0.000000000000000000e+00
1.888191528320312500e+02 1.507324218750000000e+00 0.000000000000000000e+00
1.891455078125000000e+02 1.602661132812500000e+00 0.000000000000000000e+00
1.893410644531250000e+02 1.658996582031250000e+00 0.000000000000000000e+00
1.895433349609375000e+02 1.886047363281250000e+00 0.000000000000000000e+00
1.895652465820312500e+02 1.812988281250000000e+00 0.000000000000000000e+00
1.889298095703125000e+02 1.323913574218750000e+00 0.000000000000000000e+00
1.878704223632812500e+02 9.257202148437500000e-01 0.000000000000000000e+00
1.872818603515625000e+02 7.285766601562500000e-01 0.000000000000000000e+00
1.865724487304687500e+02 7.336425781250000000e-01 0.000000000000000000e+00
1.862105102539062500e+02 7.097778320312500000e-01 0.000000000000000000e+00
1.860881958007812500e+02 7.647094726562500000e-01 0.000000000000000000e+00
1.860712890625000000e+02 7.973632812500000000e-01 0.000000000000000000e+00
1.861683349609375000e+02 8.053588867187500000e-01 0.000000000000000000e+00
1.862066040039062500e+02 8.197631835937500000e-01 0.000000000000000000e+00
1.862860717773437500e+02 8.795776367187500000e-01 0.000000000000000000e+00
1.864605102539062500e+02 8.684692382812500000e-01 0.000000000000000000e+00
1.864793090820312500e+02 8.533935546875000000e-01 0.000000000000000000e+00
1.863096923828125000e+02 8.023681640625000000e-01 0.000000000000000000e+00
1.862526245117187500e+02 7.400512695312500000e-01 0.000000000000000000e+00
1.861239624023437500e+02 6.829833984375000000e-01 0.000000000000000000e+00
1.861897583007812500e+02 6.849365234375000000e-01 0.000000000000000000e+00
1.863549194335937500e+02 7.897338867187500000e-01 0.000000000000000000e+00
1.864483032226562500e+02 8.449096679687500000e-01 0.000000000000000000e+00
1.866582641601562500e+02 9.157714843750000000e-01 0.000000000000000000e+00
1.868263549804687500e+02 1.086669921875000000e+00 0.000000000000000000e+00
1.871013183593750000e+02 1.174682617187500000e+00 0.000000000000000000e+00
1.877423706054687500e+02 1.350646972656250000e+00 0.000000000000000000e+00
1.881903076171875000e+02 1.511779785156250000e+00 0.000000000000000000e+00
1.887712402343750000e+02 1.630981445312500000e+00 0.000000000000000000e+00
1.891635131835937500e+02 1.705993652343750000e+00 0.000000000000000000e+00
1.894545288085937500e+02 1.739135742187500000e+00 0.000000000000000000e+00
1.897933349609375000e+02 1.872863769531250000e+00 0.000000000000000000e+00
1.902727661132812500e+02 2.076477050781250000e+00 0.000000000000000000e+00
1.906281127929687500e+02 2.187438964843750000e+00 0.000000000000000000e+00
1.909958496093750000e+02 2.398559570312500000e+00 0.000000000000000000e+00
1.913328247070312500e+02 2.460083007812500000e+00 0.000000000000000000e+00
1.916764526367187500e+02 2.472656250000000000e+00 0.000000000000000000e+00
1.907795410156250000e+02 1.853637695312500000e+00 0.000000000000000000e+00
1.895824584960937500e+02 1.365539550781250000e+00 0.000000000000000000e+00
1.889985961914062500e+02 1.147155761718750000e+00 0.000000000000000000e+00
1.888059692382812500e+02 1.157409667968750000e+00 0.000000000000000000e+00
1.888015136718750000e+02 1.134704589843750000e+00 0.000000000000000000e+00
1.889696044921875000e+02 1.192260742187500000e+00 0.000000000000000000e+00
1.886578979492187500e+02 1.225341796875000000e+00 0.000000000000000000e+00
1.884042968750000000e+02 1.258544921875000000e+00 0.000000000000000000e+00
1.881911621093750000e+02 1.413696289062500000e+00 0.000000000000000000e+00
1.883659667968750000e+02 1.491394042968750000e+00 0.000000000000000000e+00
1.885913085937500000e+02 1.479125976562500000e+00 0.000000000000000000e+00
1.885559082031250000e+02 1.474121093750000000e+00 0.000000000000000000e+00
1.885953369140625000e+02 1.478637695312500000e+00 0.000000000000000000e+00
1.888096923828125000e+02 1.482727050781250000e+00 0.000000000000000000e+00
1.888003540039062500e+02 1.457031250000000000e+00 0.000000000000000000e+00
1.886719360351562500e+02 1.316650390625000000e+00 0.000000000000000000e+00
1.884623413085937500e+02 1.285705566406250000e+00 0.000000000000000000e+00
1.886354980468750000e+02 1.349304199218750000e+00 0.000000000000000000e+00
1.891226806640625000e+02 1.470153808593750000e+00 0.000000000000000000e+00
1.893936767578125000e+02 1.655456542968750000e+00 0.000000000000000000e+00
1.892854003906250000e+02 1.650573730468750000e+00 0.000000000000000000e+00
1.893565063476562500e+02 1.693664550781250000e+00 0.000000000000000000e+00
1.897629394531250000e+02 1.921081542968750000e+00 0.000000000000000000e+00
1.901417236328125000e+02 2.169799804687500000e+00 0.000000000000000000e+00
1.901163330078125000e+02 2.178344726562500000e+00 0.000000000000000000e+00
1.903404541015625000e+02 2.252990722656250000e+00 0.000000000000000000e+00
1.908109130859375000e+02 2.389099121093750000e+00 0.000000000000000000e+00
1.913234252929687500e+02 2.606079101562500000e+00 0.000000000000000000e+00
1.917550048828125000e+02 2.788818359375000000e+00 0.000000000000000000e+00
1.920194702148437500e+02 2.934082031250000000e+00 0.000000000000000000e+00
1.921978759765625000e+02 3.149963378906250000e+00 0.000000000000000000e+00
1.922684326171875000e+02 3.137878417968750000e+00 0.000000000000000000e+00
1.917292480468750000e+02 2.349731445312500000e+00 0.000000000000000000e+00
1.904477539062500000e+02 1.710083007812500000e+00 0.000000000000000000e+00
1.895489501953125000e+02 1.394592285156250000e+00 0.000000000000000000e+00
1.891512451171875000e+02 1.300720214843750000e+00 0.000000000000000000e+00
1.890689697265625000e+02 1.299499511718750000e+00 0.000000000000000000e+00
1.889132080078125000e+02 1.269348144531250000e+00 0.000000000000000000e+00
1.889849853515625000e+02 1.212158203125000000e+00 0.000000000000000000e+00
1.890178222656250000e+02 1.296020507812500000e+00 0.000000000000000000e+00
1.891307983398437500e+02 1.401916503906250000e+00 0.000000000000000000e+00
1.893175659179687500e+02 1.408874511718750000e+00 0.000000000000000000e+00
1.893815917968750000e+02 1.404113769531250000e+00 0.000000000000000000e+00
1.894498901367187500e+02 1.450378417968750000e+00 0.000000000000000000e+00
1.892965087890625000e+02 1.350952148437500000e+00 0.000000000000000000e+00
1.891607055664062500e+02 1.362304687500000000e+00 0.000000000000000000e+00
1.891618041992187500e+02 1.338623046875000000e+00 0.000000000000000000e+00
1.890784301757812500e+02 1.371093750000000000e+00 0.000000000000000000e+00
1.891109619140625000e+02 1.438476562500000000e+00 0.000000000000000000e+00
1.892635498046875000e+02 1.491271972656250000e+00 0.000000000000000000e+00
1.894966430664062500e+02 1.628845214843750000e+00 0.000000000000000000e+00
1.896160278320312500e+02 1.772705078125000000e+00 0.000000000000000000e+00
1.897940063476562500e+02 1.699768066406250000e+00 0.000000000000000000e+00
1.897783813476562500e+02 1.789978027343750000e+00 0.000000000000000000e+00
1.897446899414062500e+02 1.834045410156250000e+00 0.000000000000000000e+00
1.898350830078125000e+02 2.017761230468750000e+00 0.000000000000000000e+00
1.898425903320312500e+02 2.140502929687500000e+00 0.000000000000000000e+00
1.900812988281250000e+02 2.196838378906250000e+00 0.000000000000000000e+00
1.903289794921875000e+02 2.379577636718750000e+00 0.000000000000000000e+00
1.908668212890625000e+02 2.675476074218750000e+00 0.000000000000000000e+00
1.910418090820312500e+02 2.781860351562500000e+00 0.000000000000000000e+00
1.913248291015625000e+02 2.728759765625000000e+00 0.000000000000000000e+00
1.913326416015625000e+02 2.545776367187500000e+00 0.000000000000000000e+00
1.904928588867187500e+02 1.722595214843750000e+00 0.000000000000000000e+00
1.895201416015625000e+02 1.334228515625000000e+00 0.000000000000000000e+00
1.888927001953125000e+02 1.082275390625000000e+00 0.000000000000000000e+00
1.885865478515625000e+02 9.974975585937500000e-01 0.000000000000000000e+00
1.883067626953125000e+02 1.031860351562500000e+00 0.000000000000000000e+00
1.882962036132812500e+02 1.089477539062500000e+00 0.000000000000000000e+00
1.883004760742187500e+02 1.095825195312500000e+00 0.000000000000000000e+00
1.882729492187500000e+02 1.070739746093750000e+00 0.000000000000000000e+00
1.883750000000000000e+02 1.089111328125000000e+00 0.000000000000000000e+00
1.884935302734375000e+02 1.176391601562500000e+00 0.000000000000000000e+00
1.886289062500000000e+02 1.182373046875000000e+00 0.000000000000000000e+00
1.886784667968750000e+02 1.202026367187500000e+00 0.000000000000000000e+00
1.887028808593750000e+02 1.144165039062500000e+00 0.000000000000000000e+00
1.886590576171875000e+02 1.150695800781250000e+00 0.000000000000000000e+00
1.885264892578125000e+02 1.114807128906250000e+00 0.000000000000000000e+00
1.885460815429687500e+02 1.141662597656250000e+00 0.000000000000000000e+00
1.885285644531250000e+02 1.230468750000000000e+00 0.000000000000000000e+00
1.886228027343750000e+02 1.257934570312500000e+00 0.000000000000000000e+00
1.886510009765625000e+02 1.282165527343750000e+00 0.000000000000000000e+00
1.889221801757812500e+02 1.324584960937500000e+00 0.000000000000000000e+00
1.892073364257812500e+02 1.418884277343750000e+00 0.000000000000000000e+00
1.892751464843750000e+02 1.502197265625000000e+00 0.000000000000000000e+00
1.894133300781250000e+02 1.475280761718750000e+00 0.000000000000000000e+00
1.896105957031250000e+02 1.581359863281250000e+00 0.000000000000000000e+00
1.899384765625000000e+02 1.656677246093750000e+00 0.000000000000000000e+00
1.901182250976562500e+02 1.738464355468750000e+00 0.000000000000000000e+00
1.903094482421875000e+02 1.834289550781250000e+00 0.000000000000000000e+00
1.906364135742187500e+02 1.915649414062500000e+00 0.000000000000000000e+00
1.907015991210937500e+02 1.963867187500000000e+00 0.000000000000000000e+00
1.907081909179687500e+02 1.972290039062500000e+00 0.000000000000000000e+00
1.910253906250000000e+02 2.001892089843750000e+00 0.000000000000000000e+00
1.908119506835937500e+02 1.893554687500000000e+00 0.000000000000000000e+00
1.899019775390625000e+02 1.294799804687500000e+00 0.000000000000000000e+00
1.885120239257812500e+02 1.028808593750000000e+00 0.000000000000000000e+00
1.877941894531250000e+02 9.115600585937500000e-01 0.000000000000000000e+00
1.873082275390625000e+02 7.927856445312500000e-01 0.000000000000000000e+00
1.872125244140625000e+02 7.731323242187500000e-01 0.000000000000000000e+00
1.871606445312500000e+02 7.803344726562500000e-01 0.000000000000000000e+00
1.870230712890625000e+02 8.385620117187500000e-01 0.000000000000000000e+00
1.868742065429687500e+02 8.499145507812500000e-01 0.000000000000000000e+00
1.867362670898437500e+02 8.583984375000000000e-01 0.000000000000000000e+00
1.869061889648437500e+02 9.320678710937500000e-01 0.000000000000000000e+00
1.868999633789062500e+02 9.598999023437500000e-01 0.000000000000000000e+00
1.867844848632812500e+02 8.817138671875000000e-01 0.000000000000000000e+00
1.867640380859375000e+02 8.015136718750000000e-01 0.000000000000000000e+00
1.868631591796875000e+02 7.470092773437500000e-01 0.000000000000000000e+00
1.869411010742187500e+02 7.860107421875000000e-01 0.000000000000000000e+00
1.870836181640625000e+02 8.171386718750000000e-01 0.000000000000000000e+00
1.871873779296875000e+02 8.706665039062500000e-01 0.000000000000000000e+00
1.874151000976562500e+02 9.309692382812500000e-01 0.000000000000000000e+00
1.875507812500000000e+02 9.834594726562500000e-01 0.000000000000000000e+00
1.876652221679687500e+02 1.128356933593750000e+00 0.000000000000000000e+00
1.879312744140625000e+02 1.223205566406250000e+00 0.000000000000000000e+00
1.881159057617187500e+02 1.325439453125000000e+00 0.000000000000000000e+00
1.885473632812500000e+02 1.435546875000000000e+00 0.000000000000000000e+00
1.887907104492187500e+02 1.524169921875000000e+00 0.000000000000000000e+00
1.893348388671875000e+02 1.586425781250000000e+00 0.000000000000000000e+00
1.893585205078125000e+02 1.703002929687500000e+00 0.000000000000000000e+00
1.896982421875000000e+02 1.772460937500000000e+00 0.000000000000000000e+00
1.899605712890625000e+02 1.854614257812500000e+00 0.000000000000000000e+00
1.901623535156250000e+02 2.043151855468750000e+00 0.000000000000000000e+00
1.903941040039062500e+02 2.095092773437500000e+00 0.000000000000000000e+00
1.904718017578125000e+02 2.105529785156250000e+00 0.000000000000000000e+00
1.905316772460937500e+02 1.998168945312500000e+00 0.000000000000000000e+00
1.900069580078125000e+02 1.514709472656250000e+00 0.000000000000000000e+00
1.886375732421875000e+02 1.043945312500000000e+00 0.000000000000000000e+00
1.881311645507812500e+02 8.472900390625000000e-01 0.000000000000000000e+00
1.877974853515625000e+02 8.421630859375000000e-01 0.000000000000000000e+00
1.876463623046875000e+02 8.560791015625000000e-01 0.000000000000000000e+00
1.875558471679687500e+02 9.023437500000000000e-01 0.000000000000000000e+00
1.874974365234375000e+02 9.667968750000000000e-01 0.000000000000000000e+00
1.875187377929687500e+02 1.069519042968750000e+00 0.000000000000000000e+00
1.877161865234375000e+02 1.149047851562500000e+00 0.000000000000000000e+00
1.879911499023437500e+02 1.219055175781250000e+00 0.000000000000000000e+00
1.883499145507812500e+02 1.280944824218750000e+00 0.000000000000000000e+00
1.884630737304687500e+02 1.247619628906250000e+00 0.000000000000000000e+00
1.882525024414062500e+02 1.168273925781250000e+00 0.000000000000000000e+00
1.881829223632812500e+02 1.152587890625000000e+00 0.000000000000000000e+00
1.882732543945312500e+02 1.202148437500000000e+00 0.000000000000000000e+00
1.883496093750000000e+02 1.239990234375000000e+00 0.000000000000000000e+00
1.885483398437500000e+02 1.321655273437500000e+00 0.000000000000000000e+00
1.886573486328125000e+02 1.376647949218750000e+00 0.000000000000000000e+00
1.887185668945312500e+02 1.415893554687500000e+00 0.000000000000000000e+00
1.886616210937500000e+02 1.462646484375000000e+00 0.000000000000000000e+00
1.887518920898437500e+02 1.562927246093750000e+00 0.000000000000000000e+00
1.889896240234375000e+02 1.631713867187500000e+00 0.000000000000000000e+00
1.891104736328125000e+02 1.748962402343750000e+00 0.000000000000000000e+00
1.893084716796875000e+02 1.894348144531250000e+00 0.000000000000000000e+00
1.898184204101562500e+02 1.937988281250000000e+00 0.000000000000000000e+00
1.901119995117187500e+02 2.039733886718750000e+00 0.000000000000000000e+00
1.904345092773437500e+02 2.131042480468750000e+00 0.000000000000000000e+00
1.907516479492187500e+02 2.072448730468750000e+00 0.000000000000000000e+00
1.910842285156250000e+02 2.226257324218750000e+00 0.000000000000000000e+00
1.913126831054687500e+02 2.325622558593750000e+00 0.000000000000000000e+00
1.909457397460937500e+02 2.039245605468750000e+00 0.000000000000000000e+00
1.897926635742187500e+02 1.431030273437500000e+00 0.000000000000000000e+00
1.893843994140625000e+02 1.296386718750000000e+00 0.000000000000000000e+00
1.892625732421875000e+02 1.244140625000000000e+00 0.000000000000000000e+00
1.889860839843750000e+02 1.268371582031250000e+00 0.000000000000000000e+00
1.887524414062500000e+02 1.240844726562500000e+00 0.000000000000000000e+00
1.885945434570312500e+02 1.267028808593750000e+00 0.000000000000000000e+00
1.886012573242187500e+02 1.312377929687500000e+00 0.000000000000000000e+00
1.887151489257812500e+02 1.349914550781250000e+00 0.000000000000000000e+00
1.888978271484375000e+02 1.471252441406250000e+00 0.000000000000000000e+00
1.890577392578125000e+02 1.571228027343750000e+00 0.000000000000000000e+00
1.892212524414062500e+02 1.594665527343750000e+00 0.000000000000000000e+00
1.894321899414062500e+02 1.655395507812500000e+00 0.000000000000000000e+00
1.896379394531250000e+02 1.755310058593750000e+00 0.000000000000000000e+00
1.899437255859375000e+02 1.755920410156250000e+00 0.000000000000000000e+00
1.903910522460937500e+02 1.831176757812500000e+00 0.000000000000000000e+00
1.908005981445312500e+02 1.923828125000000000e+00 0.000000000000000000e+00
1.909315185546875000e+02 1.899047851562500000e+00 0.000000000000000000e+00
1.911809692382812500e+02 1.978393554687500000e+00 0.000000000000000000e+00
1.912296752929687500e+02 2.010498046875000000e+00 0.000000000000000000e+00
1.912758178710937500e+02 2.062438964843750000e+00 0.000000000000000000e+00
1.914024047851562500e+02 2.129455566406250000e+00 0.000000000000000000e+00
1.916336059570312500e+02 2.346252441406250000e+00 0.000000000000000000e+00
1.916979980468750000e+02 2.411254882812500000e+00 0.000000000000000000e+00
1.918792724609375000e+02 2.453613281250000000e+00 0.000000000000000000e+00
1.922473144531250000e+02 2.318786621093750000e+00 0.000000000000000000e+00
1.924933471679687500e+02 2.422363281250000000e+00 0.000000000000000000e+00
1.928565673828125000e+02 2.530517578125000000e+00 0.000000000000000000e+00
1.931560668945312500e+02 2.610595703125000000e+00 0.000000000000000000e+00
1.930418701171875000e+02 2.515625000000000000e+00 0.000000000000000000e+00
1.920316772460937500e+02 1.993469238281250000e+00 0.000000000000000000e+00
1.910435791015625000e+02 1.673767089843750000e+00 0.000000000000000000e+00
1.904057006835937500e+02 1.458251953125000000e+00 0.000000000000000000e+00
1.901797485351562500e+02 1.426513671875000000e+00 0.000000000000000000e+00
1.900977172851562500e+02 1.410339355468750000e+00 0.000000000000000000e+00
1.902037353515625000e+02 1.453491210937500000e+00 0.000000000000000000e+00
1.901644897460937500e+02 1.416137695312500000e+00 0.000000000000000000e+00
1.900902709960937500e+02 1.461364746093750000e+00 0.000000000000000000e+00
1.901328735351562500e+02 1.491577148437500000e+00 0.000000000000000000e+00
1.901856689453125000e+02 1.656982421875000000e+00 0.000000000000000000e+00
1.901052856445312500e+02 1.715026855468750000e+00 0.000000000000000000e+00
1.899417114257812500e+02 1.779602050781250000e+00 0.000000000000000000e+00
1.898904418945312500e+02 1.831604003906250000e+00 0.000000000000000000e+00
1.897696533203125000e+02 1.817626953125000000e+00 0.000000000000000000e+00
1.898602294921875000e+02 1.766113281250000000e+00 0.000000000000000000e+00
1.898966064453125000e+02 1.763488769531250000e+00 0.000000000000000000e+00
1.899052124023437500e+02 1.847045898437500000e+00 0.000000000000000000e+00
1.901198120117187500e+02 1.918212890625000000e+00 0.000000000000000000e+00
1.901862792968750000e+02 2.024841308593750000e+00 0.000000000000000000e+00
1.904584350585937500e+02 2.087158203125000000e+00 0.000000000000000000e+00
1.907241210937500000e+02 2.088134765625000000e+00 0.000000000000000000e+00
1.908973388671875000e+02 2.231567382812500000e+00 0.000000000000000000e+00
1.912039184570312500e+02 2.335388183593750000e+00 0.000000000000000000e+00
1.914346313476562500e+02 2.471618652343750000e+00 0.000000000000000000e+00
1.918507080078125000e+02 2.557495117187500000e+00 0.000000000000000000e+00
1.921849975585937500e+02 2.650085449218750000e+00 0.000000000000000000e+00
1.925468139648437500e+02 2.888916015625000000e+00 0.000000000000000000e+00
1.926790161132812500e+02 2.996520996093750000e+00 0.000000000000000000e+00
1.925451049804687500e+02 2.691528320312500000e+00 0.000000000000000000e+00
1.917647094726562500e+02 2.148864746093750000e+00 0.000000000000000000e+00
1.906646728515625000e+02 1.588500976562500000e+00 0.000000000000000000e+00
1.903083496093750000e+02 1.433776855468750000e+00 0.000000000000000000e+00
1.899901123046875000e+02 1.278991699218750000e+00 0.000000000000000000e+00
1.898614501953125000e+02 1.229248046875000000e+00 0.000000000000000000e+00
1.897158813476562500e+02 1.394958496093750000e+00 0.000000000000000000e+00
1.895576782226562500e+02 1.645935058593750000e+00 0.000000000000000000e+00
1.894063720703125000e+02 1.715515136718750000e+00 0.000000000000000000e+00
1.893843994140625000e+02 1.905822753906250000e+00 0.000000000000000000e+00
1.899342041015625000e+02 2.218383789062500000e+00 0.000000000000000000e+00
1.903741455078125000e+02 2.289978027343750000e+00 0.000000000000000000e+00
1.908787231445312500e+02 2.258361816406250000e+00 0.000000000000000000e+00
1.910738525390625000e+02 2.203369140625000000e+00 0.000000000000000000e+00
1.911796264648437500e+02 2.138854980468750000e+00 0.000000000000000000e+00
1.912457275390625000e+02 2.194335937500000000e+00 0.000000000000000000e+00
1.913413085937500000e+02 2.194580078125000000e+00 0.000000000000000000e+00
1.914194335937500000e+02 2.246948242187500000e+00 0.000000000000000000e+00
1.915886230468750000e+02 2.291931152343750000e+00 0.000000000000000000e+00
1.917869873046875000e+02 2.541137695312500000e+00 0.000000000000000000e+00
1.920494995117187500e+02 2.704956054687500000e+00 0.000000000000000000e+00
1.922200317382812500e+02 2.945434570312500000e+00 0.000000000000000000e+00
1.924764404296875000e+02 2.993530273437500000e+00 0.000000000000000000e+00
1.927467651367187500e+02 3.043334960937500000e+00 0.000000000000000000e+00
1.932106323242187500e+02 3.330078125000000000e+00 0.000000000000000000e+00
1.933096313476562500e+02 3.521179199218750000e+00 0.000000000000000000e+00
1.934669189453125000e+02 3.525817871093750000e+00 0.000000000000000000e+00
1.936629638671875000e+02 3.822692871093750000e+00 0.000000000000000000e+00
1.941268920898437500e+02 3.877258300781250000e+00 0.000000000000000000e+00
1.944494628906250000e+02 3.899414062500000000e+00 0.000000000000000000e+00
1.945719604492187500e+02 4.019470214843750000e+00 0.000000000000000000e+00
1.940711669921875000e+02 3.503540039062500000e+00 0.000000000000000000e+00
1.932041625976562500e+02 2.804992675781250000e+00 0.000000000000000000e+00
1.925048828125000000e+02 2.375061035156250000e+00 0.000000000000000000e+00
1.923425292968750000e+02 2.253356933593750000e+00 0.000000000000000000e+00
1.923289184570312500e+02 2.317077636718750000e+00 0.000000000000000000e+00
1.921973266601562500e+02 2.367187500000000000e+00 0.000000000000000000e+00
1.922669677734375000e+02 2.500061035156250000e+00 0.000000000000000000e+00
1.924164428710937500e+02 2.591613769531250000e+00 0.000000000000000000e+00
1.924421386718750000e+02 2.696899414062500000e+00 0.000000000000000000e+00
1.926784057617187500e+02 2.888916015625000000e+00 0.000000000000000000e+00
1.930684814453125000e+02 3.225097656250000000e+00 0.000000000000000000e+00
1.931780395507812500e+02 3.295104980468750000e+00 0.000000000000000000e+00
1.932252197265625000e+02 3.110046386718750000e+00 0.000000000000000000e+00
1.931501464843750000e+02 2.990966796875000000e+00 0.000000000000000000e+00
1.930969238281250000e+02 2.970336914062500000e+00 0.000000000000000000e+00
1.932319946289062500e+02 2.947631835937500000e+00 0.000000000000000000e+00
1.933621826171875000e+02 3.055053710937500000e+00 0.000000000000000000e+00
1.935547485351562500e+02 3.108398437500000000e+00 0.000000000000000000e+00
1.938115844726562500e+02 3.246887207031250000e+00 0.000000000000000000e+00
1.939558105468750000e+02 3.331726074218750000e+00 0.000000000000000000e+00
1.941037597656250000e+02 3.421691894531250000e+00 0.000000000000000000e+00
1.943718261718750000e+02 3.712524414062500000e+00 0.000000000000000000e+00
1.945744018554687500e+02 3.894653320312500000e+00 0.000000000000000000e+00
1.948464965820312500e+02 4.114807128906250000e+00 0.000000000000000000e+00
1.950415039062500000e+02 4.361938476562500000e+00 0.000000000000000000e+00
1.953375854492187500e+02 4.569519042968750000e+00 0.000000000000000000e+00
1.954220581054687500e+02 4.511962890625000000e+00 0.000000000000000000e+00
1.954652709960937500e+02 4.455810546875000000e+00 0.000000000000000000e+00
1.956301879882812500e+02 4.491882324218750000e+00 0.000000000000000000e+00
1.956156005859375000e+02 4.391174316406250000e+00 0.000000000000000000e+00
1.945363159179687500e+02 3.308349609375000000e+00 0.000000000000000000e+00
1.937819213867187500e+02 2.695678710937500000e+00 0.000000000000000000e+00
1.934008178710937500e+02 2.415954589843750000e+00 0.000000000000000000e+00
1.933964843750000000e+02 2.414916992187500000e+00 0.000000000000000000e+00
1.935087280273437500e+02 2.384460449218750000e+00 0.000000000000000000e+00
1.934014282226562500e+02 2.520812988281250000e+00 0.000000000000000000e+00
1.934265747070312500e+02 2.553100585937500000e+00 0.000000000000000000e+00
1.933081665039062500e+02 2.775329589843750000e+00 0.000000000000000000e+00
1.932852783203125000e+02 2.774536132812500000e+00 0.000000000000000000e+00
1.934154052734375000e+02 2.895874023437500000e+00 0.000000000000000000e+00
1.934968872070312500e+02 2.906860351562500000e+00 0.000000000000000000e+00
1.934060058593750000e+02 2.809692382812500000e+00 0.000000000000000000e+00
1.932546386718750000e+02 2.522766113281250000e+00 0.000000000000000000e+00
1.927861328125000000e+02 2.346496582031250000e+00 0.000000000000000000e+00
1.926898193359375000e+02 2.357666015625000000e+00 0.000000000000000000e+00
1.927149047851562500e+02 2.621215820312500000e+00 0.000000000000000000e+00
1.927514038085937500e+02 2.621765136718750000e+00 0.000000000000000000e+00
1.926967773437500000e+02 2.844421386718750000e+00 0.000000000000000000e+00
1.926722412109375000e+02 3.150573730468750000e+00 0.000000000000000000e+00
1.927038574218750000e+02 3.203918457031250000e+00 0.000000000000000000e+00
1.928657226562500000e+02 3.359191894531250000e+00 0.000000000000000000e+00
1.930709838867187500e+02 3.464904785156250000e+00 0.000000000000000000e+00
1.931784057617187500e+02 3.411437988281250000e+00 0.000000000000000000e+00
1.933964843750000000e+02 3.623168945312500000e+00 0.000000000000000000e+00
1.934666137695312500e+02 3.429443359375000000e+00 0.000000000000000000e+00
1.938800048828125000e+02 3.511840820312500000e+00 0.000000000000000000e+00
1.943451538085937500e+02 3.563232421875000000e+00 0.000000000000000000e+00
1.945505371093750000e+02 3.797424316406250000e+00 0.000000000000000000e+00
1.946998291015625000e+02 3.831604003906250000e+00 0.000000000000000000e+00
1.946520385742187500e+02 3.772155761718750000e+00 0.000000000000000000e+00
1.940518188476562500e+02 3.362731933593750000e+00 0.000000000000000000e+00
1.928289184570312500e+02 2.472656250000000000e+00 0.000000000000000000e+00
1.923017578125000000e+02 2.265136718750000000e+00 0.000000000000000000e+00
1.920767822265625000e+02 2.140197753906250000e+00 0.000000000000000000e+00
1.921398315429687500e+02 2.268920898437500000e+00 0.000000000000000000e+00
1.921489868164062500e+02 2.342712402343750000e+00 0.000000000000000000e+00
1.922535400390625000e+02 2.327331542968750000e+00 0.000000000000000000e+00
1.922205200195312500e+02 2.356262207031250000e+00 0.000000000000000000e+00
1.922932128906250000e+02 2.282409667968750000e+00 0.000000000000000000e+00
1.923331909179687500e+02 2.390502929687500000e+00 0.000000000000000000e+00
1.924866333007812500e+02 2.505798339843750000e+00 0.000000000000000000e+00
1.926092529296875000e+02 2.618835449218750000e+00 0.000000000000000000e+00
1.926898193359375000e+02 2.560119628906250000e+00 0.000000000000000000e+00
1.927954101562500000e+02 2.582885742187500000e+00 0.000000000000000000e+00
1.927832641601562500e+02 2.525756835937500000e+00 0.000000000000000000e+00
1.928106689453125000e+02 2.737121582031250000e+00 0.000000000000000000e+00
1.929332275390625000e+02 2.990112304687500000e+00 0.000000000000000000e+00
1.930629882812500000e+02 3.085815429687500000e+00 0.000000000000000000e+00
1.932558593750000000e+02 3.311950683593750000e+00 0.000000000000000000e+00
1.935339355468750000e+02 3.476379394531250000e+00 0.000000000000000000e+00
1.938283691406250000e+02 3.582336425781250000e+00 0.000000000000000000e+00
1.940402221679687500e+02 3.793579101562500000e+00 0.000000000000000000e+00
1.942140502929687500e+02 3.944030761718750000e+00 0.000000000000000000e+00
1.945066528320312500e+02 4.091857910156250000e+00 0.000000000000000000e+00
1.946935424804687500e+02 4.307312011718750000e+00 0.000000000000000000e+00
1.950655517578125000e+02 4.174194335937500000e+00 0.000000000000000000e+00
1.953041381835937500e+02 4.393615722656250000e+00 0.000000000000000000e+00
1.954557495117187500e+02 4.370971679687500000e+00 0.000000000000000000e+00
1.957420043945312500e+02 4.420166015625000000e+00 0.000000000000000000e+00
1.959003295898437500e+02 4.451232910156250000e+00 0.000000000000000000e+00
1.960549926757812500e+02 4.585083007812500000e+00 0.000000000000000000e+00
1.958018798828125000e+02 4.407714843750000000e+00 0.000000000000000000e+00
1.948917846679687500e+02 3.502075195312500000e+00 0.000000000000000000e+00
1.941981201171875000e+02 3.155456542968750000e+00 0.000000000000000000e+00
1.938737182617187500e+02 2.789855957031250000e+00 0.000000000000000000e+00
1.937749633789062500e+02 2.785705566406250000e+00 0.000000000000000000e+00
1.938104858398437500e+02 2.924621582031250000e+00 0.000000000000000000e+00
1.938088378906250000e+02 2.954162597656250000e+00 0.000000000000000000e+00
1.938906860351562500e+02 3.117187500000000000e+00 0.000000000000000000e+00
1.940210571289062500e+02 3.228271484375000000e+00 0.000000000000000000e+00
1.941103515625000000e+02 3.415161132812500000e+00 0.000000000000000000e+00
1.941530151367187500e+02 3.555969238281250000e+00 0.000000000000000000e+00
1.941434936523437500e+02 3.735473632812500000e+00 0.000000000000000000e+00
1.941215820312500000e+02 3.854431152343750000e+00 0.000000000000000000e+00
1.941228027343750000e+02 3.861450195312500000e+00 0.000000000000000000e+00
1.940620117187500000e+02 3.616394042968750000e+00 0.000000000000000000e+00
1.940797119140625000e+02 3.532287597656250000e+00 0.000000000000000000e+00
1.941207275390625000e+02 3.501159667968750000e+00 0.000000000000000000e+00
1.943635864257812500e+02 3.547790527343750000e+00 0.000000000000000000e+00
1.945807495117187500e+02 3.769653320312500000e+00 0.000000000000000000e+00
1.948841552734375000e+02 4.004699707031250000e+00 0.000000000000000000e+00
1.951256103515625000e+02 4.265441894531250000e+00 0.000000000000000000e+00
1.954203491210937500e+02 4.558959960937500000e+00 0.000000000000000000e+00
1.960607910156250000e+02 4.762695312500000000e+00 0.000000000000000000e+00
1.961425170898437500e+02 4.826171875000000000e+00 0.000000000000000000e+00
1.962917480468750000e+02 4.813415527343750000e+00 0.000000000000000000e+00
1.963654174804687500e+02 4.919128417968750000e+00 0.000000000000000000e+00
1.964529418945312500e+02 4.948181152343750000e+00 0.000000000000000000e+00
1.967873535156250000e+02 5.148254394531250000e+00 0.000000000000000000e+00
1.969713745117187500e+02 5.176147460937500000e+00 0.000000000000000000e+00
1.973318481445312500e+02 5.358215332031250000e+00 0.000000000000000000e+00
1.977937011718750000e+02 5.777404785156250000e+00 0.000000000000000000e+00
1.981185913085937500e+02 5.922912597656250000e+00 0.000000000000000000e+00
1.982463989257812500e+02 6.042541503906250000e+00 0.000000000000000000e+00
1.978124389648437500e+02 5.790283203125000000e+00 0.000000000000000000e+00
1.970678100585937500e+02 4.554382324218750000e+00 0.000000000000000000e+00
1.965777587890625000e+02 4.057800292968750000e+00 0.000000000000000000e+00
1.963644409179687500e+02 3.723144531250000000e+00 0.000000000000000000e+00
1.964003906250000000e+02 3.822448730468750000e+00 0.000000000000000000e+00
1.963706665039062500e+02 3.689453125000000000e+00 0.000000000000000000e+00
1.960028686523437500e+02 3.915466308593750000e+00 0.000000000000000000e+00
1.957180175781250000e+02 4.052795410156250000e+00 0.000000000000000000e+00
1.957512817382812500e+02 4.181152343750000000e+00 0.000000000000000000e+00
1.959439086914062500e+02 4.481140136718750000e+00 0.000000000000000000e+00
1.959964599609375000e+02 4.515441894531250000e+00 0.000000000000000000e+00
1.960258178710937500e+02 4.703430175781250000e+00 0.000000000000000000e+00
1.960042724609375000e+02 4.762268066406250000e+00 0.000000000000000000e+00
1.959374389648437500e+02 4.684570312500000000e+00 0.000000000000000000e+00
1.961163330078125000e+02 4.668457031250000000e+00 0.000000000000000000e+00
1.962579345703125000e+02 4.754211425781250000e+00 0.000000000000000000e+00
1.963917846679687500e+02 4.813171386718750000e+00 0.000000000000000000e+00
1.965269165039062500e+02 5.018676757812500000e+00 0.000000000000000000e+00
1.966622924804687500e+02 5.120300292968750000e+00 0.000000000000000000e+00
1.968294677734375000e+02 5.241394042968750000e+00 0.000000000000000000e+00
1.970961303710937500e+02 5.493225097656250000e+00 0.000000000000000000e+00
1.974309692382812500e+02 5.612731933593750000e+00 0.000000000000000000e+00
1.977050781250000000e+02 5.788757324218750000e+00 0.000000000000000000e+00
1.978933105468750000e+02 5.797912597656250000e+00 0.000000000000000000e+00
1.980492553710937500e+02 5.810241699218750000e+00 0.000000000000000000e+00
1.981878051757812500e+02 5.842346191406250000e+00 0.000000000000000000e+00
1.984013061523437500e+02 5.817687988281250000e+00 0.000000000000000000e+00
1.985092163085937500e+02 5.847045898437500000e+00 0.000000000000000000e+00
1.987257080078125000e+02 6.009460449218750000e+00 0.000000000000000000e+00
1.989635009765625000e+02 6.163818359375000000e+00 0.000000000000000000e+00
1.991444702148437500e+02 6.138061523437500000e+00 0.000000000000000000e+00
1.989709472656250000e+02 5.926757812500000000e+00 0.000000000000000000e+00
1.978040161132812500e+02 4.908813476562500000e+00 0.000000000000000000e+00
1.969846801757812500e+02 4.153808593750000000e+00 0.000000000000000000e+00
1.964880371093750000e+02 4.115478515625000000e+00 0.000000000000000000e+00
1.964642333984375000e+02 4.098144531250000000e+00 0.000000000000000000e+00
1.963075561523437500e+02 4.310424804687500000e+00 0.000000000000000000e+00
1.960595092773437500e+02 4.492614746093750000e+00 0.000000000000000000e+00
1.962536010742187500e+02 4.853393554687500000e+00 0.000000000000000000e+00
1.967512207031250000e+02 5.238830566406250000e+00 0.000000000000000000e+00
1.969511108398437500e+02 5.537536621093750000e+00 0.000000000000000000e+00
1.973167114257812500e+02 5.614135742187500000e+00 0.000000000000000000e+00
1.975257568359375000e+02 5.649108886718750000e+00 0.000000000000000000e+00
1.975549926757812500e+02 5.479248046875000000e+00 0.000000000000000000e+00
1.976273193359375000e+02 5.311584472656250000e+00 0.000000000000000000e+00
1.976182861328125000e+02 5.248718261718750000e+00 0.000000000000000000e+00
1.977234497070312500e+02 5.387695312500000000e+00 0.000000000000000000e+00
1.978789672851562500e+02 5.538208007812500000e+00 0.000000000000000000e+00
1.979275512695312500e+02 5.709167480468750000e+00 0.000000000000000000e+00
1.981838378906250000e+02 5.964294433593750000e+00 0.000000000000000000e+00
1.983131713867187500e+02 6.099365234375000000e+00 0.000000000000000000e+00
1.986688232421875000e+02 6.255371093750000000e+00 0.000000000000000000e+00
1.989788208007812500e+02 6.454650878906250000e+00 0.000000000000000000e+00
1.992163696289062500e+02 6.714660644531250000e+00 0.000000000000000000e+00
1.993212890625000000e+02 6.837890625000000000e+00 0.000000000000000000e+00
1.994868774414062500e+02 6.920532226562500000e+00 0.000000000000000000e+00
1.997761840820312500e+02 6.954650878906250000e+00 0.000000000000000000e+00
1.999157104492187500e+02 6.798706054687500000e+00 0.000000000000000000e+00
2.002174682617187500e+02 6.807800292968750000e+00 0.000000000000000000e+00
2.004612426757812500e+02 6.728027343750000000e+00 0.000000000000000000e+00
2.006551513671875000e+02 6.768188476562500000e+00 0.000000000000000000e+00
2.009436035156250000e+02 6.957153320312500000e+00 0.000000000000000000e+00
2.011746215820312500e+02 7.147583007812500000e+00 0.000000000000000000e+00
2.009027099609375000e+02 6.764221191406250000e+00 0.000000000000000000e+00
1.993630371093750000e+02 5.731079101562500000e+00 0.000000000000000000e+00
1.982992553710937500e+02 5.027648925781250000e+00 0.000000000000000000e+00
1.979294433593750000e+02 4.847412109375000000e+00 0.000000000000000000e+00
1.975046997070312500e+02 4.868774414062500000e+00 0.000000000000000000e+00
1.973220214843750000e+02 4.895019531250000000e+00 0.000000000000000000e+00
1.972632446289062500e+02 4.953125000000000000e+00 0.000000000000000000e+00
1.973590087890625000e+02 5.074523925781250000e+00 0.000000000000000000e+00
1.973843383789062500e+02 5.167602539062500000e+00 0.000000000000000000e+00
1.974785766601562500e+02 5.354675292968750000e+00 0.000000000000000000e+00
1.976306152343750000e+02 5.624267578125000000e+00 0.000000000000000000e+00
1.976903686523437500e+02 5.691833496093750000e+00 0.000000000000000000e+00
1.976015625000000000e+02 5.689514160156250000e+00 0.000000000000000000e+00
1.974463500976562500e+02 5.464904785156250000e+00 0.000000000000000000e+00
1.975039672851562500e+02 5.380615234375000000e+00 0.000000000000000000e+00
1.975314941406250000e+02 5.304992675781250000e+00 0.000000000000000000e+00
1.976010742187500000e+02 5.136108398437500000e+00 0.000000000000000000e+00
1.977377929687500000e+02 5.393188476562500000e+00 0.000000000000000000e+00
1.978203125000000000e+02 5.434509277343750000e+00 0.000000000000000000e+00
1.979636230468750000e+02 5.616210937500000000e+00 0.000000000000000000e+00
1.981848144531250000e+02 5.700439453125000000e+00 0.000000000000000000e+00
1.984017333984375000e+02 5.833251953125000000e+00 0.000000000000000000e+00
1.984939575195312500e+02 6.020996093750000000e+00 0.000000000000000000e+00
1.987573852539062500e+02 6.211853027343750000e+00 0.000000000000000000e+00
1.988626708984375000e+02 6.306030273437500000e+00 0.000000000000000000e+00
1.990517578125000000e+02 6.479003906250000000e+00 0.000000000000000000e+00
1.991983642578125000e+02 6.622680664062500000e+00 0.000000000000000000e+00
1.993874511718750000e+02 6.808837890625000000e+00 0.000000000000000000e+00
1.996306762695312500e+02 6.875488281250000000e+00 0.000000000000000000e+00
2.001364135742187500e+02 6.878662109375000000e+00 0.000000000000000000e+00
2.003560791015625000e+02 6.994750976562500000e+00 0.000000000000000000e+00
2.005968627929687500e+02 7.003479003906250000e+00 0.000000000000000000e+00
2.003850708007812500e+02 6.810607910156250000e+00 0.000000000000000000e+00
1.988706054687500000e+02 5.844421386718750000e+00 0.000000000000000000e+00
1.978776245117187500e+02 4.946166992187500000e+00 0.000000000000000000e+00
1.974736328125000000e+02 4.560424804687500000e+00 0.000000000000000000e+00
1.973305053710937500e+02 4.425415039062500000e+00 0.000000000000000000e+00
1.972162475585937500e+02 4.448120117187500000e+00 0.000000000000000000e+00
1.968798828125000000e+02 4.716247558593750000e+00 0.000000000000000000e+00
1.969129028320312500e+02 5.009033203125000000e+00 0.000000000000000000e+00
1.969414062500000000e+02 5.307739257812500000e+00 0.000000000000000000e+00
1.972530517578125000e+02 5.598327636718750000e+00 0.000000000000000000e+00
1.975105590820312500e+02 5.790649414062500000e+00 0.000000000000000000e+00
1.977763671875000000e+02 5.961364746093750000e+00 0.000000000000000000e+00
1.979520874023437500e+02 5.980163574218750000e+00 0.000000000000000000e+00
1.980023803710937500e+02 5.877075195312500000e+00 0.000000000000000000e+00
1.979483642578125000e+02 5.753295898437500000e+00 0.000000000000000000e+00
1.980742187500000000e+02 5.900939941406250000e+00 0.000000000000000000e+00
1.983226928710937500e+02 5.857238769531250000e+00 0.000000000000000000e+00
1.983663330078125000e+02 5.862426757812500000e+00 0.000000000000000000e+00
1.984772338867187500e+02 5.956542968750000000e+00 0.000000000000000000e+00
1.987367553710937500e+02 6.045227050781250000e+00 0.000000000000000000e+00
1.989578247070312500e+02 6.168823242187500000e+00 0.000000000000000000e+00
1.990935668945312500e+02 6.288940429687500000e+00 0.000000000000000000e+00
1.992860717773437500e+02 6.529296875000000000e+00 0.000000000000000000e+00
1.995907592773437500e+02 6.643859863281250000e+00 0.000000000000000000e+00
1.997928466796875000e+02 6.754577636718750000e+00 0.000000000000000000e+00
1.999601440429687500e+02 6.808776855468750000e+00 0.000000000000000000e+00
2.003189086914062500e+02 6.936584472656250000e+00 0.000000000000000000e+00
2.004826049804687500e+02 7.000549316406250000e+00 0.000000000000000000e+00
2.007502441406250000e+02 7.287475585937500000e+00 0.000000000000000000e+00
2.009993286132812500e+02 7.475280761718750000e+00 0.000000000000000000e+00
2.012588500976562500e+02 7.622009277343750000e+00 0.000000000000000000e+00
2.015023803710937500e+02 7.701782226562500000e+00 0.000000000000000000e+00
2.011996459960937500e+02 7.398315429687500000e+00 0.000000000000000000e+00
2.002260131835937500e+02 6.337463378906250000e+00 0.000000000000000000e+00
1.993485107421875000e+02 5.767944335937500000e+00 0.000000000000000000e+00
1.990136718750000000e+02 5.426574707031250000e+00 0.000000000000000000e+00
1.986166381835937500e+02 5.473510742187500000e+00 0.000000000000000000e+00
1.983488159179687500e+02 5.592163085937500000e+00 0.000000000000000000e+00
1.983454589843750000e+02 5.552490234375000000e+00 0.000000000000000000e+00
1.984028320312500000e+02 5.668334960937500000e+00 0.000000000000000000e+00
1.985073242187500000e+02 5.793823242187500000e+00 0.000000000000000000e+00
1.987795410156250000e+02 6.148986816406250000e+00 0.000000000000000000e+00
1.988516845703125000e+02 6.396423339843750000e+00 0.000000000000000000e+00
1.989205322265625000e+02 6.514404296875000000e+00 0.000000000000000000e+00
1.987103271484375000e+02 6.451782226562500000e+00 0.000000000000000000e+00
1.986109619140625000e+02 6.256591796875000000e+00 0.000000000000000000e+00
1.986179199218750000e+02 6.154968261718750000e+00 0.000000000000000000e+00
1.985512695312500000e+02 6.091125488281250000e+00 0.000000000000000000e+00
1.984796142578125000e+02 6.053222656250000000e+00 0.000000000000000000e+00
1.985373535156250000e+02 6.009338378906250000e+00 0.000000000000000000e+00
1.985991210937500000e+02 6.042419433593750000e+00 0.000000000000000000e+00
1.987254028320312500e+02 6.115722656250000000e+00 0.000000000000000000e+00
1.989069213867187500e+02 6.288208007812500000e+00 0.000000000000000000e+00
1.990388183593750000e+02 6.402282714843750000e+00 0.000000000000000000e+00
1.991947631835937500e+02 6.439758300781250000e+00 0.000000000000000000e+00
1.993468627929687500e+02 6.619018554687500000e+00 0.000000000000000000e+00
1.994468383789062500e+02 6.627502441406250000e+00 0.000000000000000000e+00
1.997001342773437500e+02 6.730163574218750000e+00 0.000000000000000000e+00
1.999631347656250000e+02 6.829345703125000000e+00 0.000000000000000000e+00
2.001506958007812500e+02 6.965820312500000000e+00 0.000000000000000000e+00
2.003460083007812500e+02 7.081298828125000000e+00 0.000000000000000000e+00
2.006621704101562500e+02 7.152709960937500000e+00 0.000000000000000000e+00
2.006693115234375000e+02 7.180969238281250000e+00 0.000000000000000000e+00
2.002276611328125000e+02 6.821228027343750000e+00 0.000000000000000000e+00
1.988281860351562500e+02 5.804016113281250000e+00 0.000000000000000000e+00
1.979556274414062500e+02 4.839538574218750000e+00 0.000000000000000000e+00
1.975485839843750000e+02 4.643554687500000000e+00 0.000000000000000000e+00
1.969274291992187500e+02 4.535461425781250000e+00 0.000000000000000000e+00
1.967276000976562500e+02 4.566223144531250000e+00 0.000000000000000000e+00
1.968162231445312500e+02 4.622375488281250000e+00 0.000000000000000000e+00
1.968200683593750000e+02 4.673645019531250000e+00 0.000000000000000000e+00
1.967598266601562500e+02 4.683959960937500000e+00 0.000000000000000000e+00
1.969291381835937500e+02 4.872985839843750000e+00 0.000000000000000000e+00
1.972730102539062500e+02 5.132324218750000000e+00 0.000000000000000000e+00
1.975794067382812500e+02 5.468322753906250000e+00 0.000000000000000000e+00
1.974828491210937500e+02 5.352111816406250000e+00 0.000000000000000000e+00
1.973793334960937500e+02 5.285888671875000000e+00 0.000000000000000000e+00
1.973607788085937500e+02 5.208862304687500000e+00 0.000000000000000000e+00
1.972506103515625000e+02 5.316650390625000000e+00 0.000000000000000000e+00
1.972503051757812500e+02 5.477783203125000000e+00 0.000000000000000000e+00
1.972916870117187500e+02 5.539001464843750000e+00 0.000000000000000000e+00
1.975525512695312500e+02 5.612548828125000000e+00 0.000000000000000000e+00
1.977266845703125000e+02 5.822631835937500000e+00 0.000000000000000000e+00
1.978919677734375000e+02 6.044799804687500000e+00 0.000000000000000000e+00
1.979775390625000000e+02 6.281372070312500000e+00 0.000000000000000000e+00
1.981300048828125000e+02 6.418640136718750000e+00 0.000000000000000000e+00
1.984365844726562500e+02 6.464843750000000000e+00 0.000000000000000000e+00
1.987689819335937500e+02 6.452880859375000000e+00 0.000000000000000000e+00
1.989891357421875000e+02 6.581542968750000000e+00 0.000000000000000000e+00
1.991145019531250000e+02 6.620788574218750000e+00 0.000000000000000000e+00
1.993455200195312500e+02 6.724853515625000000e+00 0.000000000000000000e+00
1.994439697265625000e+02 6.830871582031250000e+00 0.000000000000000000e+00
1.995275268554687500e+02 6.957824707031250000e+00 0.000000000000000000e+00
1.996843261718750000e+02 7.085205078125000000e+00 0.000000000000000000e+00
1.993382568359375000e+02 6.883483886718750000e+00 0.000000000000000000e+00
1.980994262695312500e+02 5.867004394531250000e+00 0.000000000000000000e+00
1.969436645507812500e+02 4.879577636718750000e+00 0.000000000000000000e+00
1.963001098632812500e+02 4.283081054687500000e+00 0.000000000000000000e+00
1.959548950195312500e+02 4.106262207031250000e+00 0.000000000000000000e+00
1.958564453125000000e+02 4.056457519531250000e+00 0.000000000000000000e+00
1.957135620117187500e+02 3.997802734375000000e+00 0.000000000000000000e+00
1.956253051757812500e+02 4.094055175781250000e+00 0.000000000000000000e+00
1.953710937500000000e+02 4.096679687500000000e+00 0.000000000000000000e+00
1.954036254882812500e+02 4.168701171875000000e+00 0.000000000000000000e+00
1.956555175781250000e+02 4.369873046875000000e+00 0.000000000000000000e+00
1.956462402343750000e+02 4.564025878906250000e+00 0.000000000000000000e+00
1.956864013671875000e+02 4.694091796875000000e+00 0.000000000000000000e+00
1.956035156250000000e+02 4.744140625000000000e+00 0.000000000000000000e+00
1.953875122070312500e+02 4.653991699218750000e+00 0.000000000000000000e+00
1.953168945312500000e+02 4.588256835937500000e+00 0.000000000000000000e+00
1.953283691406250000e+02 4.611755371093750000e+00 0.000000000000000000e+00
1.954468994140625000e+02 4.651550292968750000e+00 0.000000000000000000e+00
1.956140136718750000e+02 4.679016113281250000e+00 0.000000000000000000e+00
1.957637939453125000e+02 4.734436035156250000e+00 0.000000000000000000e+00
1.959782714843750000e+02 4.928588867187500000e+00 0.000000000000000000e+00
1.962899780273437500e+02 5.060180664062500000e+00 0.000000000000000000e+00
1.965282592773437500e+02 5.273376464843750000e+00 0.000000000000000000e+00
1.966921997070312500e+02 5.385803222656250000e+00 0.000000000000000000e+00
1.969051513671875000e+02 5.510375976562500000e+00 0.000000000000000000e+00
1.971989135742187500e+02 5.791625976562500000e+00 0.000000000000000000e+00
1.973358764648437500e+02 5.874206542968750000e+00 0.000000000000000000e+00
1.975849609375000000e+02 5.860107421875000000e+00 0.000000000000000000e+00
1.978181762695312500e+02 5.975769042968750000e+00 0.000000000000000000e+00
1.981091308593750000e+02 6.063842773437500000e+00 0.000000000000000000e+00
1.984547729492187500e+02 6.094055175781250000e+00 0.000000000000000000e+00
1.988605957031250000e+02 6.241577148437500000e+00 0.000000000000000000e+00
1.988450927734375000e+02 6.375305175781250000e+00 0.000000000000000000e+00
1.982160644531250000e+02 5.967590332031250000e+00 0.000000000000000000e+00
1.968087768554687500e+02 4.862304687500000000e+00 0.000000000000000000e+00
1.957644042968750000e+02 4.199157714843750000e+00 0.000000000000000000e+00
1.953393554687500000e+02 3.774230957031250000e+00 0.000000000000000000e+00
1.951490478515625000e+02 3.752075195312500000e+00 0.000000000000000000e+00
1.951642456054687500e+02 3.934326171875000000e+00 0.000000000000000000e+00
1.950743408203125000e+02 4.004394531250000000e+00 0.000000000000000000e+00
1.949594726562500000e+02 4.210510253906250000e+00 0.000000000000000000e+00
1.949340209960937500e+02 4.166625976562500000e+00 0.000000000000000000e+00
1.950513916015625000e+02 4.345886230468750000e+00 0.000000000000000000e+00
1.953339843750000000e+02 4.562683105468750000e+00 0.000000000000000000e+00
1.954830322265625000e+02 4.688110351562500000e+00 0.000000000000000000e+00
1.954109497070312500e+02 4.647644042968750000e+00 0.000000000000000000e+00
1.952179565429687500e+02 4.504028320312500000e+00 0.000000000000000000e+00
1.950056762695312500e+02 4.386962890625000000e+00 0.000000000000000000e+00
1.949082641601562500e+02 4.342224121093750000e+00 0.000000000000000000e+00
1.947886352539062500e+02 4.362121582031250000e+00 0.000000000000000000e+00
1.947926635742187500e+02 4.449035644531250000e+00 0.000000000000000000e+00
1.948786621093750000e+02 4.463989257812500000e+00 0.000000000000000000e+00
1.951814575195312500e+02 4.606994628906250000e+00 0.000000000000000000e+00
1.954712524414062500e+02 4.830993652343750000e+00 0.000000000000000000e+00
1.957648925781250000e+02 4.950439453125000000e+00 0.000000000000000000e+00
1.962202758789062500e+02 5.292297363281250000e+00 0.000000000000000000e+00
1.966627807617187500e+02 5.486511230468750000e+00 0.000000000000000000e+00
1.969513549804687500e+02 5.633178710937500000e+00 0.000000000000000000e+00
1.971155395507812500e+02 5.828552246093750000e+00 0.000000000000000000e+00
1.972697753906250000e+02 5.944274902343750000e+00 0.000000000000000000e+00
1.974679565429687500e+02 6.044982910156250000e+00 0.000000000000000000e+00
1.976762695312500000e+02 6.182678222656250000e+00 0.000000000000000000e+00
1.978471679687500000e+02 6.296691894531250000e+00 0.000000000000000000e+00
1.980780029296875000e+02 6.376464843750000000e+00 0.000000000000000000e+00
1.982321777343750000e+02 6.391296386718750000e+00 0.000000000000000000e+00
1.982847290039062500e+02 6.437805175781250000e+00 0.000000000000000000e+00
1.978693847656250000e+02 5.931152343750000000e+00 0.000000000000000000e+00
1.964565429687500000e+02 4.875000000000000000e+00 0.000000000000000000e+00
1.951744995117187500e+02 3.985839843750000000e+00 0.000000000000000000e+00
1.947232055664062500e+02 3.764526367187500000e+00 0.000000000000000000e+00
1.946756591796875000e+02 3.649230957031250000e+00 0.000000000000000000e+00
1.948067016601562500e+02 3.605407714843750000e+00 0.000000000000000000e+00
1.947528686523437500e+02 3.694458007812500000e+00 0.000000000000000000e+00
1.947776489257812500e+02 3.950073242187500000e+00 0.000000000000000000e+00
1.949880371093750000e+02 4.216430664062500000e+00 0.000000000000000000e+00
1.954670410156250000e+02 4.630493164062500000e+00 0.000000000000000000e+00
1.957802734375000000e+02 4.849670410156250000e+00 0.000000000000000000e+00
1.958737182617187500e+02 4.851989746093750000e+00 0.000000000000000000e+00
1.958852539062500000e+02 4.805480957031250000e+00 0.000000000000000000e+00
1.957665405273437500e+02 4.614624023437500000e+00 0.000000000000000000e+00
1.957324218750000000e+02 4.612243652343750000e+00 0.000000000000000000e+00
1.956916503906250000e+02 4.504943847656250000e+00 0.000000000000000000e+00
1.956026611328125000e+02 4.472778320312500000e+00 0.000000000000000000e+00
1.955070190429687500e+02 4.529968261718750000e+00 0.000000000000000000e+00
1.955335693359375000e+02 4.632934570312500000e+00 0.000000000000000000e+00
1.955236816406250000e+02 4.707519531250000000e+00 0.000000000000000000e+00
1.956923217773437500e+02 4.865112304687500000e+00 0.000000000000000000e+00
1.960781250000000000e+02 4.897521972656250000e+00 0.000000000000000000e+00
1.963656005859375000e+02 5.023498535156250000e+00 0.000000000000000000e+00
1.967452392578125000e+02 5.233398437500000000e+00 0.000000000000000000e+00
1.970546264648437500e+02 5.439514160156250000e+00 0.000000000000000000e+00
1.972177734375000000e+02 5.574768066406250000e+00 0.000000000000000000e+00
1.974262084960937500e+02 5.772094726562500000e+00 0.000000000000000000e+00
1.977843627929687500e+02 5.878295898437500000e+00 0.000000000000000000e+00
1.980252685546875000e+02 6.027099609375000000e+00 0.000000000000000000e+00
1.982094116210937500e+02 6.052612304687500000e+00 0.000000000000000000e+00
1.983354492187500000e+02 6.097839355468750000e+00 0.000000000000000000e+00
1.985179443359375000e+02 6.155273437500000000e+00 0.000000000000000000e+00
1.979387207031250000e+02 5.708923339843750000e+00 0.000000000000000000e+00
1.964390869140625000e+02 4.734436035156250000e+00 0.000000000000000000e+00
1.952954101562500000e+02 3.878906250000000000e+00 0.000000000000000000e+00
1.949063110351562500e+02 3.524475097656250000e+00 0.000000000000000000e+00
1.945172119140625000e+02 3.463928222656250000e+00 0.000000000000000000e+00
1.943422241210937500e+02 3.553161621093750000e+00 0.000000000000000000e+00
1.940702514648437500e+02 3.630615234375000000e+00 0.000000000000000000e+00
1.940925903320312500e+02 3.700378417968750000e+00 0.000000000000000000e+00
1.941433105468750000e+02 3.703125000000000000e+00 0.000000000000000000e+00
1.940693969726562500e+02 3.947753906250000000e+00 0.000000000000000000e+00
1.941793823242187500e+02 4.054992675781250000e+00 0.000000000000000000e+00
1.942378540039062500e+02 4.080749511718750000e+00 0.000000000000000000e+00
1.941386108398437500e+02 4.123962402343750000e+00 0.000000000000000000e+00
1.941320800781250000e+02 4.079406738281250000e+00 0.000000000000000000e+00
1.940472412109375000e+02 4.074279785156250000e+00 0.000000000000000000e+00
1.941081542968750000e+02 3.833129882812500000e+00 0.000000000000000000e+00
1.940468750000000000e+02 3.904602050781250000e+00 0.000000000000000000e+00
1.942567138671875000e+02 4.021362304687500000e+00 0.000000000000000000e+00
1.944388427734375000e+02 4.029724121093750000e+00 0.000000000000000000e+00
1.947520751953125000e+02 4.223693847656250000e+00 0.000000000000000000e+00
1.949797973632812500e+02 4.390319824218750000e+00 0.000000000000000000e+00
1.951639404296875000e+02 4.446594238281250000e+00 0.000000000000000000e+00
1.954461059570312500e+02 4.721008300781250000e+00 0.000000000000000000e+00
1.956486816406250000e+02 4.810302734375000000e+00 0.000000000000000000e+00
1.959199829101562500e+02 4.925720214843750000e+00 0.000000000000000000e+00
1.959980468750000000e+02 5.019592285156250000e+00 0.000000000000000000e+00
1.960969238281250000e+02 5.201599121093750000e+00 0.000000000000000000e+00
1.960933227539062500e+02 5.300170898437500000e+00 0.000000000000000000e+00
1.962352905273437500e+02 5.407043457031250000e+00 0.000000000000000000e+00
1.966096801757812500e+02 5.615661621093750000e+00 0.000000000000000000e+00
1.969250488281250000e+02 5.645446777343750000e+00 0.000000000000000000e+00
1.973687744140625000e+02 5.713745117187500000e+00 0.000000000000000000e+00
1.976578979492187500e+02 5.910644531250000000e+00 0.000000000000000000e+00
1.976126098632812500e+02 5.780273437500000000e+00 0.000000000000000000e+00
1.964712524414062500e+02 4.698303222656250000e+00 0.000000000000000000e+00
1.948212280273437500e+02 3.653869628906250000e+00 0.000000000000000000e+00
1.939168090820312500e+02 3.189636230468750000e+00 0.000000000000000000e+00
1.933345947265625000e+02 2.825622558593750000e+00 0.000000000000000000e+00
1.932668457031250000e+02 2.700012207031250000e+00 0.000000000000000000e+00
1.931108398437500000e+02 2.819091796875000000e+00 0.000000000000000000e+00
1.928952636718750000e+02 3.069458007812500000e+00 0.000000000000000000e+00
1.928245239257812500e+02 3.329467773437500000e+00 0.000000000000000000e+00
1.929024658203125000e+02 3.453796386718750000e+00 0.000000000000000000e+00
1.930972290039062500e+02 3.689697265625000000e+00 0.000000000000000000e+00
1.934949951171875000e+02 4.050231933593750000e+00 0.000000000000000000e+00
1.936984252929687500e+02 4.247558593750000000e+00 0.000000000000000000e+00
1.934818725585937500e+02 4.069885253906250000e+00 0.000000000000000000e+00
1.934243774414062500e+02 4.000305175781250000e+00 0.000000000000000000e+00
1.932927856445312500e+02 3.885192871093750000e+00 0.000000000000000000e+00
1.932098388671875000e+02 3.978027343750000000e+00 0.000000000000000000e+00
1.933372192382812500e+02 4.013305664062500000e+00 0.000000000000000000e+00
1.932640380859375000e+02 4.079711914062500000e+00 0.000000000000000000e+00
1.933900756835937500e+02 4.156982421875000000e+00 0.000000000000000000e+00
1.936343994140625000e+02 4.353271484375000000e+00 0.000000000000000000e+00
1.943920288085937500e+02 4.407165527343750000e+00 0.000000000000000000e+00
1.946843872070312500e+02 4.538085937500000000e+00 0.000000000000000000e+00
1.950026245117187500e+02 4.693542480468750000e+00 0.000000000000000000e+00
1.952616577148437500e+02 4.861816406250000000e+00 0.000000000000000000e+00
1.956143188476562500e+02 5.052856445312500000e+00 0.000000000000000000e+00
1.957695922851562500e+02 5.180847167968750000e+00 0.000000000000000000e+00
1.959091186523437500e+02 5.252929687500000000e+00 0.000000000000000000e+00
1.961835327148437500e+02 5.373229980468750000e+00 0.000000000000000000e+00
1.966669311523437500e+02 5.369323730468750000e+00 0.000000000000000000e+00
1.968234863281250000e+02 5.542480468750000000e+00 0.000000000000000000e+00
1.969794921875000000e+02 5.643249511718750000e+00 0.000000000000000000e+00
1.970311279296875000e+02 5.789550781250000000e+00 0.000000000000000000e+00
1.973609008789062500e+02 6.052856445312500000e+00 0.000000000000000000e+00
1.974796142578125000e+02 6.181640625000000000e+00 0.000000000000000000e+00
1.972257080078125000e+02 5.725585937500000000e+00 0.000000000000000000e+00
1.956824340820312500e+02 4.529907226562500000e+00 0.000000000000000000e+00
1.945104370117187500e+02 3.681640625000000000e+00 0.000000000000000000e+00
1.939934082031250000e+02 3.314880371093750000e+00 0.000000000000000000e+00
1.939378051757812500e+02 3.286926269531250000e+00 0.000000000000000000e+00
1.940133056640625000e+02 3.307678222656250000e+00 0.000000000000000000e+00
1.940270385742187500e+02 3.526733398437500000e+00 0.000000000000000000e+00
1.939721679687500000e+02 3.718872070312500000e+00 0.000000000000000000e+00
1.940750122070312500e+02 3.962951660156250000e+00 0.000000000000000000e+00
1.943231811523437500e+02 4.190490722656250000e+00 0.000000000000000000e+00
1.947702636718750000e+02 4.453308105468750000e+00 0.000000000000000000e+00
1.949835205078125000e+02 4.693298339843750000e+00 0.000000000000000000e+00
1.950942993164062500e+02 4.679138183593750000e+00 0.000000000000000000e+00
1.949901733398437500e+02 4.584350585937500000e+00 0.000000000000000000e+00
1.948980712890625000e+02 4.543212890625000000e+00 0.000000000000000000e+00
1.948867187500000000e+02 4.559204101562500000e+00 0.000000000000000000e+00
1.950595703125000000e+02 4.588623046875000000e+00 0.000000000000000000e+00
1.952583007812500000e+02 4.707458496093750000e+00 0.000000000000000000e+00
1.955501708984375000e+02 4.736022949218750000e+00 0.000000000000000000e+00
1.957400512695312500e+02 4.826354980468750000e+00 0.000000000000000000e+00
1.961431274414062500e+02 5.115966796875000000e+00 0.000000000000000000e+00
1.964675292968750000e+02 5.375000000000000000e+00 0.000000000000000000e+00
1.967140502929687500e+02 5.596069335937500000e+00 0.000000000000000000e+00
1.970609741210937500e+02 5.885192871093750000e+00 0.000000000000000000e+00
1.972444458007812500e+02 6.042663574218750000e+00 0.000000000000000000e+00
1.973831176757812500e+02 6.230041503906250000e+00 0.000000000000000000e+00
1.975570678710937500e+02 6.178161621093750000e+00 0.000000000000000000e+00
1.978843383789062500e+02 6.146423339843750000e+00 0.000000000000000000e+00
1.980950927734375000e+02 6.190612792968750000e+00 0.000000000000000000e+00
1.983861083984375000e+02 6.252563476562500000e+00 0.000000000000000000e+00
1.987046508789062500e+02 6.321105957031250000e+00 0.000000000000000000e+00
1.989468994140625000e+02 6.537719726562500000e+00 0.000000000000000000e+00
1.988710937500000000e+02 6.559631347656250000e+00 0.000000000000000000e+00
1.978613891601562500e+02 5.563293457031250000e+00 0.000000000000000000e+00
1.963007812500000000e+02 4.739196777343750000e+00 0.000000000000000000e+00
1.956153564453125000e+02 4.068908691406250000e+00 0.000000000000000000e+00
1.954810791015625000e+02 3.842163085937500000e+00 0.000000000000000000e+00
1.952442626953125000e+02 3.824462890625000000e+00 0.000000000000000000e+00
1.948753051757812500e+02 3.777343750000000000e+00 0.000000000000000000e+00
1.948970336914062500e+02 3.932373046875000000e+00 0.000000000000000000e+00
1.949829101562500000e+02 3.932678222656250000e+00 0.000000000000000000e+00
1.950501708984375000e+02 4.125000000000000000e+00 0.000000000000000000e+00
1.951299438476562500e+02 4.291503906250000000e+00 0.000000000000000000e+00
1.951505737304687500e+02 4.423095703125000000e+00 0.000000000000000000e+00
1.951785278320312500e+02 4.436340332031250000e+00 0.000000000000000000e+00
1.950007934570312500e+02 4.405090332031250000e+00 0.000000000000000000e+00
1.948497924804687500e+02 4.300292968750000000e+00 0.000000000000000000e+00
1.947697143554687500e+02 4.180358886718750000e+00 0.000000000000000000e+00
1.948180541992187500e+02 4.299865722656250000e+00 0.000000000000000000e+00
1.949102172851562500e+02 4.406127929687500000e+00 0.000000000000000000e+00
1.949103393554687500e+02 4.559936523437500000e+00 0.000000000000000000e+00
1.951476440429687500e+02 4.591918945312500000e+00 0.000000000000000000e+00
1.956223754882812500e+02 4.692382812500000000e+00 0.000000000000000000e+00
1.959267578125000000e+02 4.859130859375000000e+00 0.000000000000000000e+00
1.962717895507812500e+02 5.057434082031250000e+00 0.000000000000000000e+00
1.963308105468750000e+02 5.221984863281250000e+00 0.000000000000000000e+00
1.965164794921875000e+02 5.375976562500000000e+00 0.000000000000000000e+00
1.965863037109375000e+02 5.418945312500000000e+00 0.000000000000000000e+00
1.968559570312500000e+02 5.528198242187500000e+00 0.000000000000000000e+00
1.969675903320312500e+02 5.625427246093750000e+00 0.000000000000000000e+00
1.971109008789062500e+02 5.762756347656250000e+00 0.000000000000000000e+00
1.974135131835937500e+02 5.844360351562500000e+00 0.000000000000000000e+00
1.977077026367187500e+02 5.901733398437500000e+00 0.000000000000000000e+00
1.977209472656250000e+02 5.974548339843750000e+00 0.000000000000000000e+00
1.972444458007812500e+02 5.313354492187500000e+00 0.000000000000000000e+00
1.956906738281250000e+02 4.214355468750000000e+00 0.000000000000000000e+00
1.945690917968750000e+02 3.597045898437500000e+00 0.000000000000000000e+00
1.939341430664062500e+02 3.332885742187500000e+00 0.000000000000000000e+00
1.937414550781250000e+02 3.267761230468750000e+00 0.000000000000000000e+00
1.936755371093750000e+02 3.240417480468750000e+00 0.000000000000000000e+00
1.937207031250000000e+02 3.256042480468750000e+00 0.000000000000000000e+00
1.935953979492187500e+02 3.450927734375000000e+00 0.000000000000000000e+00
1.935446777343750000e+02 3.566284179687500000e+00 0.000000000000000000e+00
1.935842285156250000e+02 3.708740234375000000e+00 0.000000000000000000e+00
1.936954345703125000e+02 3.856811523437500000e+00 0.000000000000000000e+00
1.938782348632812500e+02 4.101867675781250000e+00 0.000000000000000000e+00
1.938745727539062500e+02 3.973937988281250000e+00 0.000000000000000000e+00
1.936959228515625000e+02 3.806030273437500000e+00 0.000000000000000000e+00
1.937537231445312500e+02 3.703186035156250000e+00 0.000000000000000000e+00
1.936851806640625000e+02 3.703674316406250000e+00 0.000000000000000000e+00
1.937387084960937500e+02 3.756835937500000000e+00 0.000000000000000000e+00
1.938775634765625000e+02 3.851440429687500000e+00 0.000000000000000000e+00
1.941181030273437500e+02 3.995727539062500000e+00 0.000000000000000000e+00
1.942893676757812500e+02 3.999938964843750000e+00 0.000000000000000000e+00
1.944106445312500000e+02 4.246765136718750000e+00 0.000000000000000000e+00
1.947092285156250000e+02 4.485168457031250000e+00 0.000000000000000000e+00
1.948336181640625000e+02 4.540771484375000000e+00 0.000000000000000000e+00
1.950578002929687500e+02 4.723205566406250000e+00 0.000000000000000000e+00
1.952886962890625000e+02 4.673828125000000000e+00 0.000000000000000000e+00
1.954207763671875000e+02 4.725891113281250000e+00 0.000000000000000000e+00
1.956592407226562500e+02 4.858581542968750000e+00 0.000000000000000000e+00
1.957954711914062500e+02 4.977722167968750000e+00 0.000000000000000000e+00
1.959899902343750000e+02 5.023986816406250000e+00 0.000000000000000000e+00
1.962826538085937500e+02 5.225036621093750000e+00 0.000000000000000000e+00
1.965242919921875000e+02 5.453979492187500000e+00 0.000000000000000000e+00
1.967991333007812500e+02 5.658142089843750000e+00 0.000000000000000000e+00
1.967454223632812500e+02 5.460327148437500000e+00 0.000000000000000000e+00
1.958280639648437500e+02 4.306274414062500000e+00 0.000000000000000000e+00
1.944254760742187500e+02 3.712829589843750000e+00 0.000000000000000000e+00
1.938465576171875000e+02 3.117004394531250000e+00 0.000000000000000000e+00
1.935423583984375000e+02 3.140869140625000000e+00 0.000000000000000000e+00
1.934716186523437500e+02 3.226623535156250000e+00 0.000000000000000000e+00
1.933795776367187500e+02 3.401184082031250000e+00 0.000000000000000000e+00
1.933265991210937500e+02 3.419311523437500000e+00 0.000000000000000000e+00
1.932450561523437500e+02 3.368225097656250000e+00 0.000000000000000000e+00
1.932901000976562500e+02 3.618835449218750000e+00 0.000000000000000000e+00
1.936842041015625000e+02 3.784729003906250000e+00 0.000000000000000000e+00
1.939487304687500000e+02 3.944396972656250000e+00 0.000000000000000000e+00
1.940911254882812500e+02 3.948364257812500000e+00 0.000000000000000000e+00
1.938237304687500000e+02 3.906005859375000000e+00 0.000000000000000000e+00
1.936355590820312500e+02 3.749328613281250000e+00 0.000000000000000000e+00
1.936565551757812500e+02 3.734924316406250000e+00 0.000000000000000000e+00
1.935814208984375000e+02 3.847595214843750000e+00 0.000000000000000000e+00
1.936889038085937500e+02 3.972290039062500000e+00 0.000000000000000000e+00
1.939841308593750000e+02 4.289672851562500000e+00 0.000000000000000000e+00
1.941795043945312500e+02 4.453979492187500000e+00 0.000000000000000000e+00
1.945292968750000000e+02 4.626831054687500000e+00 0.000000000000000000e+00
1.949127197265625000e+02 4.793518066406250000e+00 0.000000000000000000e+00
1.953018188476562500e+02 4.969299316406250000e+00 0.000000000000000000e+00
1.955159301757812500e+02 5.148620605468750000e+00 0.000000000000000000e+00
1.958248901367187500e+02 5.381286621093750000e+00 0.000000000000000000e+00
1.961859130859375000e+02 5.456726074218750000e+00 0.000000000000000000e+00
1.963511962890625000e+02 5.561462402343750000e+00 0.000000000000000000e+00
1.965224609375000000e+02 5.645202636718750000e+00 0.000000000000000000e+00
1.967572631835937500e+02 5.734985351562500000e+00 0.000000000000000000e+00
1.970189208984375000e+02 5.811950683593750000e+00 0.000000000000000000e+00
1.972779541015625000e+02 5.830871582031250000e+00 0.000000000000000000e+00
1.975367431640625000e+02 5.940002441406250000e+00 0.000000000000000000e+00
1.978540649414062500e+02 5.928527832031250000e+00 0.000000000000000000e+00
1.974729003906250000e+02 5.395935058593750000e+00 0.000000000000000000e+00
1.960271606445312500e+02 4.345214843750000000e+00 0.000000000000000000e+00
1.948845825195312500e+02 3.451904296875000000e+00 0.000000000000000000e+00
1.945277709960937500e+02 3.331359863281250000e+00 0.000000000000000000e+00
1.942778320312500000e+02 3.305664062500000000e+00 0.000000000000000000e+00
1.941987915039062500e+02 3.369628906250000000e+00 0.000000000000000000e+00
1.942851562500000000e+02 3.379272460937500000e+00 0.000000000000000000e+00
1.943279418945312500e+02 3.410827636718750000e+00 0.000000000000000000e+00
1.943364257812500000e+02 3.675964355468750000e+00 0.000000000000000000e+00
1.945427246093750000e+02 3.959655761718750000e+00 0.000000000000000000e+00
1.947295532226562500e+02 4.235351562500000000e+00 0.000000000000000000e+00
1.947373046875000000e+02 4.295532226562500000e+00 0.000000000000000000e+00
1.944765625000000000e+02 4.389770507812500000e+00 0.000000000000000000e+00
1.942891235351562500e+02 4.178588867187500000e+00 0.000000000000000000e+00
1.942438354492187500e+02 4.263732910156250000e+00 0.000000000000000000e+00
1.944009399414062500e+02 4.269348144531250000e+00 0.000000000000000000e+00
1.945381469726562500e+02 4.393920898437500000e+00 0.000000000000000000e+00
1.944957885742187500e+02 4.278869628906250000e+00 0.000000000000000000e+00
1.945953369140625000e+02 4.572509765625000000e+00 0.000000000000000000e+00
1.948284301757812500e+02 4.775573730468750000e+00 0.000000000000000000e+00
1.950202026367187500e+02 4.911071777343750000e+00 0.000000000000000000e+00
1.951154785156250000e+02 5.002441406250000000e+00 0.000000000000000000e+00
1.954525756835937500e+02 5.150329589843750000e+00 0.000000000000000000e+00
1.955539550781250000e+02 5.185180664062500000e+00 0.000000000000000000e+00
1.957850341796875000e+02 5.195434570312500000e+00 0.000000000000000000e+00
1.959960937500000000e+02 5.296447753906250000e+00 0.000000000000000000e+00
1.962351074218750000e+02 5.438964843750000000e+00 0.000000000000000000e+00
1.963576049804687500e+02 5.420654296875000000e+00 0.000000000000000000e+00
1.965263671875000000e+02 5.506835937500000000e+00 0.000000000000000000e+00
1.966123657226562500e+02 5.490173339843750000e+00 0.000000000000000000e+00
1.967575073242187500e+02 5.617614746093750000e+00 0.000000000000000000e+00
1.961295166015625000e+02 5.066406250000000000e+00 0.000000000000000000e+00
1.947750854492187500e+02 3.952331542968750000e+00 0.000000000000000000e+00
1.937615966796875000e+02 3.200378417968750000e+00 0.000000000000000000e+00
1.933062133789062500e+02 2.649841308593750000e+00 0.000000000000000000e+00
1.931602783203125000e+02 2.582580566406250000e+00 0.000000000000000000e+00
1.930537109375000000e+02 2.612548828125000000e+00 0.000000000000000000e+00
1.927836303710937500e+02 2.807067871093750000e+00 0.000000000000000000e+00
1.924349975585937500e+02 2.943603515625000000e+00 0.000000000000000000e+00
1.923138427734375000e+02 3.143188476562500000e+00 0.000000000000000000e+00
1.923675537109375000e+02 3.216552734375000000e+00 0.000000000000000000e+00
1.925635986328125000e+02 3.279663085937500000e+00 0.000000000000000000e+00
1.924721679687500000e+02 3.263000488281250000e+00 0.000000000000000000e+00
1.923859252929687500e+02 3.241760253906250000e+00 0.000000000000000000e+00
1.921924438476562500e+02 3.200805664062500000e+00 0.000000000000000000e+00
1.922410278320312500e+02 3.201171875000000000e+00 0.000000000000000000e+00
1.922589721679687500e+02 3.267944335937500000e+00 0.000000000000000000e+00
1.924535522460937500e+02 3.315002441406250000e+00 0.000000000000000000e+00
1.926324462890625000e+02 3.477600097656250000e+00 0.000000000000000000e+00
1.928837280273437500e+02 3.545715332031250000e+00 0.000000000000000000e+00
1.932555541992187500e+02 3.837219238281250000e+00 0.000000000000000000e+00
1.935780029296875000e+02 4.040710449218750000e+00 0.000000000000000000e+00
1.939879150390625000e+02 4.186523437500000000e+00 0.000000000000000000e+00
1.943198242187500000e+02 4.398132324218750000e+00 0.000000000000000000e+00
1.945612792968750000e+02 4.432983398437500000e+00 0.000000000000000000e+00
1.947785034179687500e+02 4.543029785156250000e+00 0.000000000000000000e+00
1.950046997070312500e+02 4.647155761718750000e+00 0.000000000000000000e+00
1.952813110351562500e+02 4.764526367187500000e+00 0.000000000000000000e+00
1.954255981445312500e+02 5.015258789062500000e+00 0.000000000000000000e+00
1.955218505859375000e+02 5.042663574218750000e+00 0.000000000000000000e+00
1.957236938476562500e+02 5.130187988281250000e+00 0.000000000000000000e+00
1.958206176757812500e+02 5.219177246093750000e+00 0.000000000000000000e+00
1.956902465820312500e+02 5.005798339843750000e+00 0.000000000000000000e+00
1.946238403320312500e+02 4.092651367187500000e+00 0.000000000000000000e+00
1.935339355468750000e+02 3.203613281250000000e+00 0.000000000000000000e+00
1.929848632812500000e+02 2.696960449218750000e+00 0.000000000000000000e+00
1.927593383789062500e+02 2.540649414062500000e+00 0.000000000000000000e+00
1.923713378906250000e+02 2.660461425781250000e+00 0.000000000000000000e+00
1.922373046875000000e+02 2.907775878906250000e+00 0.000000000000000000e+00
1.922001342773437500e+02 3.085754394531250000e+00 0.000000000000000000e+00
1.922920532226562500e+02 3.320251464843750000e+00 0.000000000000000000e+00
1.925137329101562500e+02 3.485290527343750000e+00 0.000000000000000000e+00
1.929201049804687500e+02 3.756835937500000000e+00 0.000000000000000000e+00
1.930787353515625000e+02 3.924682617187500000e+00 0.000000000000000000e+00
1.932603759765625000e+02 4.014038085937500000e+00 0.000000000000000000e+00
1.933684082031250000e+02 3.917236328125000000e+00 0.000000000000000000e+00
1.933488769531250000e+02 3.822021484375000000e+00 0.000000000000000000e+00
1.934808349609375000e+02 3.929443359375000000e+00 0.000000000000000000e+00
1.937145996093750000e+02 3.925598144531250000e+00 0.000000000000000000e+00
1.938127441406250000e+02 3.976013183593750000e+00 0.000000000000000000e+00
1.941318359375000000e+02 4.109619140625000000e+00 0.000000000000000000e+00
1.944143066406250000e+02 4.288146972656250000e+00 0.000000000000000000e+00
1.947387695312500000e+02 4.368896484375000000e+00 0.000000000000000000e+00
1.951761474609375000e+02 4.647888183593750000e+00 0.000000000000000000e+00
1.955056762695312500e+02 4.886657714843750000e+00 0.000000000000000000e+00
1.956164550781250000e+02 4.968200683593750000e+00 0.000000000000000000e+00
1.958046875000000000e+02 4.979553222656250000e+00 0.000000000000000000e+00
1.961124267578125000e+02 5.000183105468750000e+00 0.000000000000000000e+00
1.963697509765625000e+02 5.169372558593750000e+00 0.000000000000000000e+00
1.966627197265625000e+02 5.314697265625000000e+00 0.000000000000000000e+00
1.969614257812500000e+02 5.438903808593750000e+00 0.000000000000000000e+00
1.972622680664062500e+02 5.536254882812500000e+00 0.000000000000000000e+00
1.975697631835937500e+02 5.791503906250000000e+00 0.000000000000000000e+00
1.978395996093750000e+02 6.060485839843750000e+00 0.000000000000000000e+00
1.981433105468750000e+02 6.325683593750000000e+00 0.000000000000000000e+00
1.979783325195312500e+02 5.963134765625000000e+00 0.000000000000000000e+00
1.965883789062500000e+02 4.906921386718750000e+00 0.000000000000000000e+00
1.958023681640625000e+02 4.284667968750000000e+00 0.000000000000000000e+00
1.954440307617187500e+02 4.092956542968750000e+00 0.000000000000000000e+00
1.952749633789062500e+02 4.006774902343750000e+00 0.000000000000000000e+00
1.953300170898437500e+02 3.970214843750000000e+00 0.000000000000000000e+00
1.953989257812500000e+02 4.050231933593750000e+00 0.000000000000000000e+00
1.954630737304687500e+02 4.192871093750000000e+00 0.000000000000000000e+00
1.953471679687500000e+02 4.483398437500000000e+00 0.000000000000000000e+00
1.954850463867187500e+02 4.663452148437500000e+00 0.000000000000000000e+00
1.960035400390625000e+02 4.876525878906250000e+00 0.000000000000000000e+00
1.960493774414062500e+02 5.060058593750000000e+00 0.000000000000000000e+00
1.961441040039062500e+02 5.122802734375000000e+00 0.000000000000000000e+00
1.961625976562500000e+02 5.078674316406250000e+00 0.000000000000000000e+00
1.961090698242187500e+02 4.897705078125000000e+00 0.000000000000000000e+00
1.961737060546875000e+02 4.937072753906250000e+00 0.000000000000000000e+00
1.962782592773437500e+02 5.052978515625000000e+00 0.000000000000000000e+00
1.965059204101562500e+02 5.127624511718750000e+00 0.000000000000000000e+00
1.967304077148437500e+02 5.335327148437500000e+00 0.000000000000000000e+00
1.968468017578125000e+02 5.431213378906250000e+00 0.000000000000000000e+00
1.972066040039062500e+02 5.634521484375000000e+00 0.000000000000000000e+00
1.973134155273437500e+02 5.765930175781250000e+00 0.000000000000000000e+00
1.975986328125000000e+02 5.815002441406250000e+00 0.000000000000000000e+00
1.979078979492187500e+02 6.013122558593750000e+00 0.000000000000000000e+00
1.981812744140625000e+02 6.157836914062500000e+00 0.000000000000000000e+00
1.983128662109375000e+02 6.182983398437500000e+00 0.000000000000000000e+00
1.983517456054687500e+02 6.214843750000000000e+00 0.000000000000000000e+00
1.985417480468750000e+02 6.353942871093750000e+00 0.000000000000000000e+00
1.987268676757812500e+02 6.543579101562500000e+00 0.000000000000000000e+00
1.989404907226562500e+02 6.703674316406250000e+00 0.000000000000000000e+00
1.991171264648437500e+02 6.828674316406250000e+00 0.000000000000000000e+00
1.992822875976562500e+02 6.951660156250000000e+00 0.000000000000000000e+00
1.990228271484375000e+02 6.435424804687500000e+00 0.000000000000000000e+00
1.976978759765625000e+02 5.427429199218750000e+00 0.000000000000000000e+00
1.968341064453125000e+02 4.825012207031250000e+00 0.000000000000000000e+00
1.965207519531250000e+02 4.557189941406250000e+00 0.000000000000000000e+00
1.965230102539062500e+02 4.530456542968750000e+00 0.000000000000000000e+00
1.964219970703125000e+02 4.716064453125000000e+00 0.000000000000000000e+00
1.963796386718750000e+02 4.919006347656250000e+00 0.000000000000000000e+00
1.965115356445312500e+02 5.116577148437500000e+00 0.000000000000000000e+00
1.968103637695312500e+02 5.332702636718750000e+00 0.000000000000000000e+00
1.970242919921875000e+02 5.544250488281250000e+00 0.000000000000000000e+00
1.972919921875000000e+02 5.796508789062500000e+00 0.000000000000000000e+00
1.974912109375000000e+02 5.852600097656250000e+00 0.000000000000000000e+00
1.975525512695312500e+02 5.813354492187500000e+00 0.000000000000000000e+00
1.974451904296875000e+02 5.695495605468750000e+00 0.000000000000000000e+00
1.974625854492187500e+02 5.647399902343750000e+00 0.000000000000000000e+00
1.975455322265625000e+02 5.672241210937500000e+00 0.000000000000000000e+00
1.975939331054687500e+02 5.684692382812500000e+00 0.000000000000000000e+00
1.977066650390625000e+02 5.874450683593750000e+00 0.000000000000000000e+00
1.979506225585937500e+02 6.126953125000000000e+00 0.000000000000000000e+00
1.981685180664062500e+02 6.273437500000000000e+00 0.000000000000000000e+00
1.984240112304687500e+02 6.531372070312500000e+00 0.000000000000000000e+00
1.986343383789062500e+02 6.672607421875000000e+00 0.000000000000000000e+00
1.988286132812500000e+02 6.897705078125000000e+00 0.000000000000000000e+00
1.990468139648437500e+02 7.077270507812500000e+00 0.000000000000000000e+00
1.992197875976562500e+02 7.249206542968750000e+00 0.000000000000000000e+00
1.993914794921875000e+02 7.219909667968750000e+00 0.000000000000000000e+00
1.997159423828125000e+02 7.192077636718750000e+00 0.000000000000000000e+00
1.999624023437500000e+02 7.198974609375000000e+00 0.000000000000000000e+00
2.001640625000000000e+02 7.171203613281250000e+00 0.000000000000000000e+00
2.002630004882812500e+02 7.243469238281250000e+00 0.000000000000000000e+00
2.004328613281250000e+02 7.358337402343750000e+00 0.000000000000000000e+00
2.002869262695312500e+02 7.264404296875000000e+00 0.000000000000000000e+00
1.992600708007812500e+02 6.653381347656250000e+00 0.000000000000000000e+00
1.978916015625000000e+02 5.472045898437500000e+00 0.000000000000000000e+00
1.973361816406250000e+02 5.025329589843750000e+00 0.000000000000000000e+00
1.970662231445312500e+02 4.926391601562500000e+00 0.000000000000000000e+00
1.969840698242187500e+02 4.934509277343750000e+00 0.000000000000000000e+00
1.967562255859375000e+02 5.060546875000000000e+00 0.000000000000000000e+00
1.967763671875000000e+02 5.222229003906250000e+00 0.000000000000000000e+00
1.967373657226562500e+02 5.233581542968750000e+00 0.000000000000000000e+00
1.968784179687500000e+02 5.345764160156250000e+00 0.000000000000000000e+00
1.972385864257812500e+02 5.497497558593750000e+00 0.000000000000000000e+00
1.974031982421875000e+02 5.657409667968750000e+00 0.000000000000000000e+00
1.974484252929687500e+02 5.778564453125000000e+00 0.000000000000000000e+00
1.973403320312500000e+02 5.711608886718750000e+00 0.000000000000000000e+00
1.973545532226562500e+02 5.628540039062500000e+00 0.000000000000000000e+00
1.974436035156250000e+02 5.654602050781250000e+00 0.000000000000000000e+00
1.975507202148437500e+02 5.684326171875000000e+00 0.000000000000000000e+00
1.977348022460937500e+02 5.860839843750000000e+00 0.000000000000000000e+00
1.980513916015625000e+02 6.019104003906250000e+00 0.000000000000000000e+00
1.982104492187500000e+02 6.041259765625000000e+00 0.000000000000000000e+00
1.984737548828125000e+02 6.133911132812500000e+00 0.000000000000000000e+00
1.986885375976562500e+02 6.278564453125000000e+00 0.000000000000000000e+00
1.989402465820312500e+02 6.434020996093750000e+00 0.000000000000000000e+00
1.991118164062500000e+02 6.544494628906250000e+00 0.000000000000000000e+00
1.991905517578125000e+02 6.573303222656250000e+00 0.000000000000000000e+00
1.992280273437500000e+02 6.691223144531250000e+00 0.000000000000000000e+00
1.991499633789062500e+02 6.788391113281250000e+00 0.000000000000000000e+00
1.992398681640625000e+02 6.858276367187500000e+00 0.000000000000000000e+00
1.994579467773437500e+02 6.901123046875000000e+00 0.000000000000000000e+00
1.996914062500000000e+02 7.017883300781250000e+00 0.000000000000000000e+00
1.998363647460937500e+02 7.183898925781250000e+00 0.000000000000000000e+00
2.000236816406250000e+02 7.307861328125000000e+00 0.000000000000000000e+00
2.002323608398437500e+02 7.449890136718750000e+00 0.000000000000000000e+00
1.997711181640625000e+02 7.006591796875000000e+00 0.000000000000000000e+00
1.984277954101562500e+02 5.960510253906250000e+00 0.000000000000000000e+00
1.975039672851562500e+02 5.274780273437500000e+00 0.000000000000000000e+00
1.969632568359375000e+02 4.892333984375000000e+00 0.000000000000000000e+00
1.968427124023437500e+02 4.840637207031250000e+00 0.000000000000000000e+00
1.968408203125000000e+02 4.762207031250000000e+00 0.000000000000000000e+00
1.967927246093750000e+02 4.836791992187500000e+00 0.000000000000000000e+00
1.966882324218750000e+02 4.963317871093750000e+00 0.000000000000000000e+00
1.965314941406250000e+02 5.098449707031250000e+00 0.000000000000000000e+00
1.966847534179687500e+02 5.221679687500000000e+00 0.000000000000000000e+00
1.968292846679687500e+02 5.356506347656250000e+00 0.000000000000000000e+00
1.968194580078125000e+02 5.398437500000000000e+00 0.000000000000000000e+00
1.969353027343750000e+02 5.349975585937500000e+00 0.000000000000000000e+00
1.969230957031250000e+02 5.228881835937500000e+00 0.000000000000000000e+00
1.968900756835937500e+02 5.159851074218750000e+00 0.000000000000000000e+00
1.967886352539062500e+02 5.143188476562500000e+00 0.000000000000000000e+00
1.968896484375000000e+02 5.314086914062500000e+00 0.000000000000000000e+00
1.968700561523437500e+02 5.445922851562500000e+00 0.000000000000000000e+00
1.969244384765625000e+02 5.554199218750000000e+00 0.000000000000000000e+00
1.970802612304687500e+02 5.620300292968750000e+00 0.000000000000000000e+00
1.973302001953125000e+02 5.738037109375000000e+00 0.000000000000000000e+00
1.975375366210937500e+02 5.775573730468750000e+00 0.000000000000000000e+00
1.977406005859375000e+02 5.903991699218750000e+00 0.000000000000000000e+00
1.978580322265625000e+02 5.918640136718750000e+00 0.000000000000000000e+00
1.981087646484375000e+02 5.990417480468750000e+00 0.000000000000000000e+00
1.981755371093750000e+02 6.022521972656250000e+00 0.000000000000000000e+00
1.983581542968750000e+02 6.216186523437500000e+00 0.000000000000000000e+00
1.985735473632812500e+02 6.356933593750000000e+00 0.000000000000000000e+00
1.988762817382812500e+02 6.478393554687500000e+00 0.000000000000000000e+00
1.991231079101562500e+02 6.585266113281250000e+00 0.000000000000000000e+00
1.993607788085937500e+02 6.846679687500000000e+00 0.000000000000000000e+00
1.997048339843750000e+02 7.233581542968750000e+00 0.000000000000000000e+00
