1.822331542968750000e+02 1.171264648437500000e+00 0.000000000000000000e+00
1.821577148437500000e+02 1.171508789062500000e+00 0.000000000000000000e+00
1.821170654296875000e+02 1.135253906250000000e+00 0.000000000000000000e+00
1.818228149414062500e+02 1.019714355468750000e+00 0.000000000000000000e+00
1.810640258789062500e+02 8.663940429687500000e-01 0.000000000000000000e+00
1.804758911132812500e+02 8.934326171875000000e-01 0.000000000000000000e+00
1.798108520507812500e+02 8.947753906250000000e-01 0.000000000000000000e+00
1.795230712890625000e+02 9.028930664062500000e-01 0.000000000000000000e+00
1.793485107421875000e+02 8.372192382812500000e-01 0.000000000000000000e+00
1.788856811523437500e+02 8.571166992187500000e-01 0.000000000000000000e+00
1.785183105468750000e+02 8.054809570312500000e-01 0.000000000000000000e+00
1.783463745117187500e+02 7.384643554687500000e-01 0.000000000000000000e+00
1.782846069335937500e+02 7.391357421875000000e-01 0.000000000000000000e+00
1.782963867187500000e+02 7.011108398437500000e-01 0.000000000000000000e+00
1.783150024414062500e+02 7.147216796875000000e-01 0.000000000000000000e+00
1.783997192382812500e+02 7.320556640625000000e-01 0.000000000000000000e+00
1.784272460937500000e+02 7.272949218750000000e-01 0.000000000000000000e+00
1.784243774414062500e+02 7.640380859375000000e-01 0.000000000000000000e+00
1.784425048828125000e+02 7.857055664062500000e-01 0.000000000000000000e+00
1.784700317382812500e+02 8.309936523437500000e-01 0.000000000000000000e+00
1.784466552734375000e+02 7.860717773437500000e-01 0.000000000000000000e+00
1.784146118164062500e+02 8.090209960937500000e-01 0.000000000000000000e+00
1.783602905273437500e+02 7.994384765625000000e-01 0.000000000000000000e+00
1.783118286132812500e+02 7.205810546875000000e-01 0.000000000000000000e+00
1.783041381835937500e+02 7.001953125000000000e-01 0.000000000000000000e+00
1.783991699218750000e+02 7.208251953125000000e-01 0.000000000000000000e+00
1.785136108398437500e+02 6.893920898437500000e-01 0.000000000000000000e+00
1.783864135742187500e+02 8.076782226562500000e-01 0.000000000000000000e+00
1.782704467773437500e+02 9.066772460937500000e-01 0.000000000000000000e+00
1.785116577148437500e+02 1.003540039062500000e+00 0.000000000000000000e+00
1.784836425781250000e+02 1.019714355468750000e+00 0.000000000000000000e+00
1.786401367187500000e+02 1.085083007812500000e+00 0.000000000000000000e+00
1.786916503906250000e+02 1.115417480468750000e+00 0.000000000000000000e+00
1.788599243164062500e+02 1.056945800781250000e+00 0.000000000000000000e+00
1.788746337890625000e+02 1.036376953125000000e+00 0.000000000000000000e+00
1.789075927734375000e+02 1.136657714843750000e+00 0.000000000000000000e+00
1.789406127929687500e+02 1.096191406250000000e+00 0.000000000000000000e+00
1.791049194335937500e+02 1.107055664062500000e+00 0.000000000000000000e+00
1.794319458007812500e+02 1.154357910156250000e+00 0.000000000000000000e+00
1.795927124023437500e+02 1.229370117187500000e+00 0.000000000000000000e+00
1.797102661132812500e+02 1.248718261718750000e+00 0.000000000000000000e+00
1.797435302734375000e+02 1.262145996093750000e+00 0.000000000000000000e+00
1.798286132812500000e+02 1.297302246093750000e+00 0.000000000000000000e+00
1.798427124023437500e+02 1.266967773437500000e+00 0.000000000000000000e+00
1.797102050781250000e+02 1.214965820312500000e+00 0.000000000000000000e+00
1.794174804687500000e+02 1.183227539062500000e+00 0.000000000000000000e+00
1.791454467773437500e+02 1.055725097656250000e+00 0.000000000000000000e+00
1.789085083007812500e+02 1.000427246093750000e+00 0.000000000000000000e+00
1.789671630859375000e+02 9.716796875000000000e-01 0.000000000000000000e+00
1.790107421875000000e+02 9.906005859375000000e-01 0.000000000000000000e+00
1.789597778320312500e+02 9.719848632812500000e-01 0.000000000000000000e+00
1.790330810546875000e+02 9.967651367187500000e-01 0.000000000000000000e+00
1.790861206054687500e+02 9.912109375000000000e-01 0.000000000000000000e+00
1.791450195312500000e+02 1.035949707031250000e+00 0.000000000000000000e+00
1.790421752929687500e+02 1.081115722656250000e+00 0.000000000000000000e+00
1.789234619140625000e+02 9.974365234375000000e-01 0.000000000000000000e+00
1.788531494140625000e+02 9.714965820312500000e-01 0.000000000000000000e+00
1.787839355468750000e+02 9.698486328125000000e-01 0.000000000000000000e+00
1.788912353515625000e+02 9.838867187500000000e-01 0.000000000000000000e+00
1.788104248046875000e+02 1.009582519531250000e+00 0.000000000000000000e+00
1.791582641601562500e+02 1.016113281250000000e+00 0.000000000000000000e+00
1.791444091796875000e+02 1.028076171875000000e+00 0.000000000000000000e+00
1.792039184570312500e+02 1.104614257812500000e+00 0.000000000000000000e+00
1.792218627929687500e+02 1.109497070312500000e+00 0.000000000000000000e+00
1.793892211914062500e+02 1.089965820312500000e+00 0.000000000000000000e+00
1.796510009765625000e+02 1.113708496093750000e+00 0.000000000000000000e+00
1.798676757812500000e+02 1.209838867187500000e+00 0.000000000000000000e+00
1.800878295898437500e+02 1.337707519531250000e+00 0.000000000000000000e+00
1.802630615234375000e+02 1.492675781250000000e+00 0.000000000000000000e+00
1.802879028320312500e+02 1.505432128906250000e+00 0.000000000000000000e+00
1.804363403320312500e+02 1.546386718750000000e+00 0.000000000000000000e+00
1.806463623046875000e+02 1.499816894531250000e+00 0.000000000000000000e+00
1.807891235351562500e+02 1.485778808593750000e+00 0.000000000000000000e+00
1.809400634765625000e+02 1.516479492187500000e+00 0.000000000000000000e+00
1.811159057617187500e+02 1.521972656250000000e+00 0.000000000000000000e+00
1.812208251953125000e+02 1.507873535156250000e+00 0.000000000000000000e+00
1.811679077148437500e+02 1.515991210937500000e+00 0.000000000000000000e+00
1.813005981445312500e+02 1.463378906250000000e+00 0.000000000000000000e+00
1.812540893554687500e+02 1.465454101562500000e+00 0.000000000000000000e+00
1.810050048828125000e+02 1.376586914062500000e+00 0.000000000000000000e+00
1.808653564453125000e+02 1.242492675781250000e+00 0.000000000000000000e+00
1.807131347656250000e+02 1.048706054687500000e+00 0.000000000000000000e+00
1.805917968750000000e+02 1.013122558593750000e+00 0.000000000000000000e+00
1.806951904296875000e+02 1.030090332031250000e+00 0.000000000000000000e+00
1.806564941406250000e+02 1.079284667968750000e+00 0.000000000000000000e+00
1.806624145507812500e+02 1.145568847656250000e+00 0.000000000000000000e+00
1.807094726562500000e+02 1.090881347656250000e+00 0.000000000000000000e+00
1.807869262695312500e+02 1.120605468750000000e+00 0.000000000000000000e+00
1.808726806640625000e+02 1.126220703125000000e+00 0.000000000000000000e+00
1.806193847656250000e+02 1.247070312500000000e+00 0.000000000000000000e+00
1.805036621093750000e+02 1.267333984375000000e+00 0.000000000000000000e+00
1.804218750000000000e+02 1.314208984375000000e+00 0.000000000000000000e+00
1.804741821289062500e+02 1.308410644531250000e+00 0.000000000000000000e+00
1.804815063476562500e+02 1.308410644531250000e+00 0.000000000000000000e+00
1.805349731445312500e+02 1.289184570312500000e+00 0.000000000000000000e+00
1.806258544921875000e+02 1.327270507812500000e+00 0.000000000000000000e+00
1.807828369140625000e+02 1.295288085937500000e+00 0.000000000000000000e+00
1.809440917968750000e+02 1.308288574218750000e+00 0.000000000000000000e+00
1.810288696289062500e+02 1.357055664062500000e+00 0.000000000000000000e+00
1.811072998046875000e+02 1.370849609375000000e+00 0.000000000000000000e+00
1.811148071289062500e+02 1.362609863281250000e+00 0.000000000000000000e+00
1.811857910156250000e+02 1.403686523437500000e+00 0.000000000000000000e+00
1.813698730468750000e+02 1.401062011718750000e+00 0.000000000000000000e+00
1.813850708007812500e+02 1.464111328125000000e+00 0.000000000000000000e+00
1.814754638671875000e+02 1.482666015625000000e+00 0.000000000000000000e+00
1.814509277343750000e+02 1.388000488281250000e+00 0.000000000000000000e+00
1.815669555664062500e+02 1.430236816406250000e+00 0.000000000000000000e+00
1.814612426757812500e+02 1.554748535156250000e+00 0.000000000000000000e+00
1.814366455078125000e+02 1.583435058593750000e+00 0.000000000000000000e+00
1.813685302734375000e+02 1.647338867187500000e+00 0.000000000000000000e+00
1.813809204101562500e+02 1.690551757812500000e+00 0.000000000000000000e+00
1.814307250976562500e+02 1.711486816406250000e+00 0.000000000000000000e+00
1.816237792968750000e+02 1.668212890625000000e+00 0.000000000000000000e+00
1.816921386718750000e+02 1.655029296875000000e+00 0.000000000000000000e+00
1.817332763671875000e+02 1.650634765625000000e+00 0.000000000000000000e+00
1.816585693359375000e+02 1.530212402343750000e+00 0.000000000000000000e+00
1.814620361328125000e+02 1.393249511718750000e+00 0.000000000000000000e+00
1.812131958007812500e+02 1.279602050781250000e+00 0.000000000000000000e+00
1.810828247070312500e+02 1.301696777343750000e+00 0.000000000000000000e+00
1.811832885742187500e+02 1.281921386718750000e+00 0.000000000000000000e+00
1.810593261718750000e+02 1.390930175781250000e+00 0.000000000000000000e+00
1.809670410156250000e+02 1.341186523437500000e+00 0.000000000000000000e+00
1.809937744140625000e+02 1.335876464843750000e+00 0.000000000000000000e+00
1.810328369140625000e+02 1.324279785156250000e+00 0.000000000000000000e+00
1.811552734375000000e+02 1.350524902343750000e+00 0.000000000000000000e+00
1.811558227539062500e+02 1.413208007812500000e+00 0.000000000000000000e+00
1.812543334960937500e+02 1.395751953125000000e+00 0.000000000000000000e+00
1.811947021484375000e+02 1.400878906250000000e+00 0.000000000000000000e+00
1.812615966796875000e+02 1.426940917968750000e+00 0.000000000000000000e+00
1.811630249023437500e+02 1.371398925781250000e+00 0.000000000000000000e+00
1.812226562500000000e+02 1.443725585937500000e+00 0.000000000000000000e+00
1.814298706054687500e+02 1.516967773437500000e+00 0.000000000000000000e+00
1.814677734375000000e+02 1.631225585937500000e+00 0.000000000000000000e+00
1.816091918945312500e+02 1.718383789062500000e+00 0.000000000000000000e+00
1.817122192382812500e+02 1.834960937500000000e+00 0.000000000000000000e+00
1.818745117187500000e+02 1.846313476562500000e+00 0.000000000000000000e+00
1.819717407226562500e+02 1.858215332031250000e+00 0.000000000000000000e+00
1.820240478515625000e+02 1.906738281250000000e+00 0.000000000000000000e+00
1.821010131835937500e+02 1.911682128906250000e+00 0.000000000000000000e+00
1.822296752929687500e+02 1.955932617187500000e+00 0.000000000000000000e+00
1.823585205078125000e+02 1.974914550781250000e+00 0.000000000000000000e+00
1.824862060546875000e+02 2.016662597656250000e+00 0.000000000000000000e+00
1.824981689453125000e+02 2.046752929687500000e+00 0.000000000000000000e+00
1.826702880859375000e+02 1.960083007812500000e+00 0.000000000000000000e+00
1.827506103515625000e+02 1.947753906250000000e+00 0.000000000000000000e+00
1.827103271484375000e+02 1.938781738281250000e+00 0.000000000000000000e+00
1.828037719726562500e+02 1.987548828125000000e+00 0.000000000000000000e+00
1.829574584960937500e+02 1.992065429687500000e+00 0.000000000000000000e+00
1.831373291015625000e+02 1.990905761718750000e+00 0.000000000000000000e+00
1.832102661132812500e+02 1.995239257812500000e+00 0.000000000000000000e+00
1.832431640625000000e+02 1.978576660156250000e+00 0.000000000000000000e+00
1.834063720703125000e+02 1.977783203125000000e+00 0.000000000000000000e+00
1.834015502929687500e+02 1.996337890625000000e+00 0.000000000000000000e+00
1.833006591796875000e+02 2.018859863281250000e+00 0.000000000000000000e+00
1.831409301757812500e+02 1.889038085937500000e+00 0.000000000000000000e+00
1.829544067382812500e+02 1.782775878906250000e+00 0.000000000000000000e+00
1.829052734375000000e+02 1.756713867187500000e+00 0.000000000000000000e+00
1.829057617187500000e+02 1.719543457031250000e+00 0.000000000000000000e+00
1.827550659179687500e+02 1.709289550781250000e+00 0.000000000000000000e+00
1.825798950195312500e+02 1.693664550781250000e+00 0.000000000000000000e+00
1.824938354492187500e+02 1.731140136718750000e+00 0.000000000000000000e+00
1.824188232421875000e+02 1.781494140625000000e+00 0.000000000000000000e+00
1.824925537109375000e+02 1.821166992187500000e+00 0.000000000000000000e+00
1.825704956054687500e+02 1.770874023437500000e+00 0.000000000000000000e+00
1.826630249023437500e+02 1.800537109375000000e+00 0.000000000000000000e+00
1.826626586914062500e+02 1.839477539062500000e+00 0.000000000000000000e+00
1.826350097656250000e+02 1.815063476562500000e+00 0.000000000000000000e+00
1.827164306640625000e+02 1.826477050781250000e+00 0.000000000000000000e+00
1.826467895507812500e+02 1.840026855468750000e+00 0.000000000000000000e+00
1.826763305664062500e+02 1.818298339843750000e+00 0.000000000000000000e+00
1.826862182617187500e+02 1.874084472656250000e+00 0.000000000000000000e+00
1.826564331054687500e+02 1.993896484375000000e+00 0.000000000000000000e+00
1.828111572265625000e+02 1.998901367187500000e+00 0.000000000000000000e+00
1.831181640625000000e+02 1.978210449218750000e+00 0.000000000000000000e+00
1.832041625976562500e+02 2.059509277343750000e+00 0.000000000000000000e+00
1.832189941406250000e+02 2.073242187500000000e+00 0.000000000000000000e+00
1.831898803710937500e+02 2.010559082031250000e+00 0.000000000000000000e+00
1.830516357421875000e+02 1.989685058593750000e+00 0.000000000000000000e+00
1.829893798828125000e+02 1.978881835937500000e+00 0.000000000000000000e+00
1.830377197265625000e+02 1.985961914062500000e+00 0.000000000000000000e+00
1.833535766601562500e+02 1.880859375000000000e+00 0.000000000000000000e+00
1.833661499023437500e+02 2.002014160156250000e+00 0.000000000000000000e+00
1.834908447265625000e+02 2.043640136718750000e+00 0.000000000000000000e+00
1.836685791015625000e+02 2.145874023437500000e+00 0.000000000000000000e+00
1.836409912109375000e+02 2.196716308593750000e+00 0.000000000000000000e+00
1.836932373046875000e+02 2.259826660156250000e+00 0.000000000000000000e+00
1.837908325195312500e+02 2.342529296875000000e+00 0.000000000000000000e+00
1.838517456054687500e+02 2.351989746093750000e+00 0.000000000000000000e+00
1.839438476562500000e+02 2.238586425781250000e+00 0.000000000000000000e+00
1.838768310546875000e+02 2.162536621093750000e+00 0.000000000000000000e+00
1.836459350585937500e+02 1.977050781250000000e+00 0.000000000000000000e+00
1.835449218750000000e+02 1.831604003906250000e+00 0.000000000000000000e+00
1.833386840820312500e+02 1.845031738281250000e+00 0.000000000000000000e+00
1.832866821289062500e+02 1.952453613281250000e+00 0.000000000000000000e+00
1.831732788085937500e+02 1.958129882812500000e+00 0.000000000000000000e+00
1.832014160156250000e+02 1.978210449218750000e+00 0.000000000000000000e+00
1.832896728515625000e+02 2.011291503906250000e+00 0.000000000000000000e+00
1.833142089843750000e+02 2.021911621093750000e+00 0.000000000000000000e+00
1.833477783203125000e+02 2.045898437500000000e+00 0.000000000000000000e+00
1.834110107421875000e+02 2.030639648437500000e+00 0.000000000000000000e+00
1.835079345703125000e+02 2.207885742187500000e+00 0.000000000000000000e+00
1.836021728515625000e+02 2.230468750000000000e+00 0.000000000000000000e+00
1.836520385742187500e+02 2.119079589843750000e+00 0.000000000000000000e+00
1.836146850585937500e+02 2.104553222656250000e+00 0.000000000000000000e+00
1.834573364257812500e+02 2.015502929687500000e+00 0.000000000000000000e+00
1.833690795898437500e+02 1.886230468750000000e+00 0.000000000000000000e+00
1.830902099609375000e+02 1.849853515625000000e+00 0.000000000000000000e+00
1.829874267578125000e+02 1.729797363281250000e+00 0.000000000000000000e+00
1.829650878906250000e+02 1.699279785156250000e+00 0.000000000000000000e+00
1.829522094726562500e+02 1.741271972656250000e+00 0.000000000000000000e+00
1.829689331054687500e+02 1.754150390625000000e+00 0.000000000000000000e+00
1.831164550781250000e+02 1.779541015625000000e+00 0.000000000000000000e+00
1.832888793945312500e+02 1.828430175781250000e+00 0.000000000000000000e+00
1.834899902343750000e+02 2.032470703125000000e+00 0.000000000000000000e+00
1.837668457031250000e+02 2.155944824218750000e+00 0.000000000000000000e+00
1.838715820312500000e+02 2.264282226562500000e+00 0.000000000000000000e+00
1.840017089843750000e+02 2.379028320312500000e+00 0.000000000000000000e+00
1.842663574218750000e+02 2.446228027343750000e+00 0.000000000000000000e+00
1.843392333984375000e+02 2.517639160156250000e+00 0.000000000000000000e+00
1.842934570312500000e+02 2.562377929687500000e+00 0.000000000000000000e+00
1.844088745117187500e+02 2.675292968750000000e+00 0.000000000000000000e+00
1.842960205078125000e+02 2.574035644531250000e+00 0.000000000000000000e+00
1.841888427734375000e+02 2.459228515625000000e+00 0.000000000000000000e+00
1.839613037109375000e+02 2.313720703125000000e+00 0.000000000000000000e+00
1.837331542968750000e+02 2.124206542968750000e+00 0.000000000000000000e+00
1.838059082031250000e+02 2.097595214843750000e+00 0.000000000000000000e+00
1.838552856445312500e+02 2.127868652343750000e+00 0.000000000000000000e+00
1.837526245117187500e+02 2.175292968750000000e+00 0.000000000000000000e+00
1.838369750976562500e+02 2.228088378906250000e+00 0.000000000000000000e+00
1.839606323242187500e+02 2.257080078125000000e+00 0.000000000000000000e+00
1.839149780273437500e+02 2.340209960937500000e+00 0.000000000000000000e+00
1.838798828125000000e+02 2.329162597656250000e+00 0.000000000000000000e+00
1.840193481445312500e+02 2.353637695312500000e+00 0.000000000000000000e+00
1.840087890625000000e+02 2.250061035156250000e+00 0.000000000000000000e+00
1.840177612304687500e+02 2.241699218750000000e+00 0.000000000000000000e+00
1.839534301757812500e+02 2.243957519531250000e+00 0.000000000000000000e+00
1.840296020507812500e+02 2.217163085937500000e+00 0.000000000000000000e+00
1.841409912109375000e+02 2.228637695312500000e+00 0.000000000000000000e+00
1.841690673828125000e+02 2.293090820312500000e+00 0.000000000000000000e+00
1.841119384765625000e+02 2.303405761718750000e+00 0.000000000000000000e+00
1.840364379882812500e+02 2.299926757812500000e+00 0.000000000000000000e+00
1.839335937500000000e+02 2.249450683593750000e+00 0.000000000000000000e+00
1.840129394531250000e+02 2.156677246093750000e+00 0.000000000000000000e+00
1.840388793945312500e+02 2.149780273437500000e+00 0.000000000000000000e+00
1.840389404296875000e+02 2.145629882812500000e+00 0.000000000000000000e+00
1.841684570312500000e+02 2.118286132812500000e+00 0.000000000000000000e+00
1.843257446289062500e+02 2.145324707031250000e+00 0.000000000000000000e+00
1.845125732421875000e+02 2.180908203125000000e+00 0.000000000000000000e+00
1.846025390625000000e+02 2.206115722656250000e+00 0.000000000000000000e+00
1.847456665039062500e+02 2.269653320312500000e+00 0.000000000000000000e+00
1.848523559570312500e+02 2.262634277343750000e+00 0.000000000000000000e+00
1.850690307617187500e+02 2.274047851562500000e+00 0.000000000000000000e+00
1.850717163085937500e+02 2.431762695312500000e+00 0.000000000000000000e+00
1.850515747070312500e+02 2.352416992187500000e+00 0.000000000000000000e+00
1.848871459960937500e+02 2.224304199218750000e+00 0.000000000000000000e+00
1.848430786132812500e+02 2.224121093750000000e+00 0.000000000000000000e+00
1.847955322265625000e+02 2.271789550781250000e+00 0.000000000000000000e+00
1.847465209960937500e+02 2.271240234375000000e+00 0.000000000000000000e+00
1.845207519531250000e+02 2.318908691406250000e+00 0.000000000000000000e+00
1.844752807617187500e+02 2.288269042968750000e+00 0.000000000000000000e+00
1.843811645507812500e+02 2.276611328125000000e+00 0.000000000000000000e+00
1.842610473632812500e+02 2.352905273437500000e+00 0.000000000000000000e+00
1.842944946289062500e+02 2.434387207031250000e+00 0.000000000000000000e+00
1.842441406250000000e+02 2.401428222656250000e+00 0.000000000000000000e+00
1.842180175781250000e+02 2.342102050781250000e+00 0.000000000000000000e+00
1.841743164062500000e+02 2.306823730468750000e+00 0.000000000000000000e+00
1.839993286132812500e+02 2.303894042968750000e+00 0.000000000000000000e+00
1.839547119140625000e+02 2.247070312500000000e+00 0.000000000000000000e+00
1.838550415039062500e+02 2.229370117187500000e+00 0.000000000000000000e+00
1.839400634765625000e+02 2.187927246093750000e+00 0.000000000000000000e+00
1.839888916015625000e+02 2.222839355468750000e+00 0.000000000000000000e+00
1.840996093750000000e+02 2.281250000000000000e+00 0.000000000000000000e+00
1.842082519531250000e+02 2.317077636718750000e+00 0.000000000000000000e+00
1.844260253906250000e+02 2.328369140625000000e+00 0.000000000000000000e+00
1.846099243164062500e+02 2.378906250000000000e+00 0.000000000000000000e+00
1.847240600585937500e+02 2.412231445312500000e+00 0.000000000000000000e+00
1.848578491210937500e+02 2.477478027343750000e+00 0.000000000000000000e+00
1.850405883789062500e+02 2.530639648437500000e+00 0.000000000000000000e+00
1.851113281250000000e+02 2.568176269531250000e+00 0.000000000000000000e+00
1.852861938476562500e+02 2.540527343750000000e+00 0.000000000000000000e+00
1.854262695312500000e+02 2.677307128906250000e+00 0.000000000000000000e+00
1.855679321289062500e+02 2.683593750000000000e+00 0.000000000000000000e+00
1.856748046875000000e+02 2.700378417968750000e+00 0.000000000000000000e+00
1.858333129882812500e+02 2.796325683593750000e+00 0.000000000000000000e+00
1.857558593750000000e+02 2.665649414062500000e+00 0.000000000000000000e+00
1.854685058593750000e+02 2.405029296875000000e+00 0.000000000000000000e+00
1.853276367187500000e+02 2.290771484375000000e+00 0.000000000000000000e+00
1.851629638671875000e+02 2.309082031250000000e+00 0.000000000000000000e+00
1.850511474609375000e+02 2.362854003906250000e+00 0.000000000000000000e+00
1.852005615234375000e+02 2.441589355468750000e+00 0.000000000000000000e+00
1.852053222656250000e+02 2.487731933593750000e+00 0.000000000000000000e+00
1.850841064453125000e+02 2.497192382812500000e+00 0.000000000000000000e+00
1.851759643554687500e+02 2.529968261718750000e+00 0.000000000000000000e+00
1.852436523437500000e+02 2.540527343750000000e+00 0.000000000000000000e+00
1.852572631835937500e+02 2.640808105468750000e+00 0.000000000000000000e+00
1.851786499023437500e+02 2.693115234375000000e+00 0.000000000000000000e+00
1.851824951171875000e+02 2.680908203125000000e+00 0.000000000000000000e+00
1.850289916992187500e+02 2.604431152343750000e+00 0.000000000000000000e+00
1.850697021484375000e+02 2.613891601562500000e+00 0.000000000000000000e+00
1.851732177734375000e+02 2.538330078125000000e+00 0.000000000000000000e+00
1.853909301757812500e+02 2.473266601562500000e+00 0.000000000000000000e+00
1.853148803710937500e+02 2.484680175781250000e+00 0.000000000000000000e+00
1.854010620117187500e+02 2.485656738281250000e+00 0.000000000000000000e+00
1.853984375000000000e+02 2.601867675781250000e+00 0.000000000000000000e+00
1.853996582031250000e+02 2.679809570312500000e+00 0.000000000000000000e+00
1.854571533203125000e+02 2.617797851562500000e+00 0.000000000000000000e+00
1.854497680664062500e+02 2.596252441406250000e+00 0.000000000000000000e+00
1.854809570312500000e+02 2.627380371093750000e+00 0.000000000000000000e+00
1.855909423828125000e+02 2.591613769531250000e+00 0.000000000000000000e+00
1.855910034179687500e+02 2.583801269531250000e+00 0.000000000000000000e+00
1.855919799804687500e+02 2.668457031250000000e+00 0.000000000000000000e+00
1.856186523437500000e+02 2.704528808593750000e+00 0.000000000000000000e+00
1.856468505859375000e+02 2.833862304687500000e+00 0.000000000000000000e+00
1.857811889648437500e+02 2.845397949218750000e+00 0.000000000000000000e+00
1.859588012695312500e+02 2.918945312500000000e+00 0.000000000000000000e+00
1.859696655273437500e+02 2.936828613281250000e+00 0.000000000000000000e+00
1.859884033203125000e+02 3.013305664062500000e+00 0.000000000000000000e+00
1.859719848632812500e+02 2.933166503906250000e+00 0.000000000000000000e+00
1.857232055664062500e+02 2.620422363281250000e+00 0.000000000000000000e+00
1.853643188476562500e+02 2.382690429687500000e+00 0.000000000000000000e+00
1.852536010742187500e+02 2.283325195312500000e+00 0.000000000000000000e+00
1.852537841796875000e+02 2.353332519531250000e+00 0.000000000000000000e+00
1.851313476562500000e+02 2.481567382812500000e+00 0.000000000000000000e+00
1.850173950195312500e+02 2.503417968750000000e+00 0.000000000000000000e+00
1.850308837890625000e+02 2.622375488281250000e+00 0.000000000000000000e+00
1.849777832031250000e+02 2.695312500000000000e+00 0.000000000000000000e+00
1.850082397460937500e+02 2.731628417968750000e+00 0.000000000000000000e+00
1.850664062500000000e+02 2.738037109375000000e+00 0.000000000000000000e+00
1.851364746093750000e+02 2.717163085937500000e+00 0.000000000000000000e+00
1.851100463867187500e+02 2.724487304687500000e+00 0.000000000000000000e+00
1.851023559570312500e+02 2.722167968750000000e+00 0.000000000000000000e+00
1.850863037109375000e+02 2.721740722656250000e+00 0.000000000000000000e+00
1.851063842773437500e+02 2.709289550781250000e+00 0.000000000000000000e+00
1.852147827148437500e+02 2.641174316406250000e+00 0.000000000000000000e+00
1.852074584960937500e+02 2.642395019531250000e+00 0.000000000000000000e+00
1.852888793945312500e+02 2.681579589843750000e+00 0.000000000000000000e+00
1.853784179687500000e+02 2.732727050781250000e+00 0.000000000000000000e+00
1.854069213867187500e+02 2.750854492187500000e+00 0.000000000000000000e+00
1.854859619140625000e+02 2.729064941406250000e+00 0.000000000000000000e+00
1.855244750976562500e+02 2.691711425781250000e+00 0.000000000000000000e+00
1.855673217773437500e+02 2.592773437500000000e+00 0.000000000000000000e+00
1.856049804687500000e+02 2.676330566406250000e+00 0.000000000000000000e+00
1.855837402343750000e+02 2.738159179687500000e+00 0.000000000000000000e+00
1.854595336914062500e+02 2.810424804687500000e+00 0.000000000000000000e+00
1.855160522460937500e+02 2.821533203125000000e+00 0.000000000000000000e+00
1.854398803710937500e+02 2.885314941406250000e+00 0.000000000000000000e+00
1.853436889648437500e+02 2.903503417968750000e+00 0.000000000000000000e+00
1.854716186523437500e+02 2.860290527343750000e+00 0.000000000000000000e+00
1.854614868164062500e+02 2.868774414062500000e+00 0.000000000000000000e+00
1.855356445312500000e+02 2.960327148437500000e+00 0.000000000000000000e+00
1.855681762695312500e+02 2.944885253906250000e+00 0.000000000000000000e+00
1.856335449218750000e+02 2.943786621093750000e+00 0.000000000000000000e+00
1.855922241210937500e+02 2.873352050781250000e+00 0.000000000000000000e+00
1.853622436523437500e+02 2.598266601562500000e+00 0.000000000000000000e+00
1.849387817382812500e+02 2.275756835937500000e+00 0.000000000000000000e+00
1.848134155273437500e+02 2.252197265625000000e+00 0.000000000000000000e+00
1.847849121093750000e+02 2.263427734375000000e+00 0.000000000000000000e+00
1.848387451171875000e+02 2.284606933593750000e+00 0.000000000000000000e+00
1.848608398437500000e+02 2.382324218750000000e+00 0.000000000000000000e+00
1.848584594726562500e+02 2.448791503906250000e+00 0.000000000000000000e+00
1.849371948242187500e+02 2.502685546875000000e+00 0.000000000000000000e+00
1.849608154296875000e+02 2.532104492187500000e+00 0.000000000000000000e+00
1.849414062500000000e+02 2.553222656250000000e+00 0.000000000000000000e+00
1.850054321289062500e+02 2.553710937500000000e+00 0.000000000000000000e+00
1.850371093750000000e+02 2.600708007812500000e+00 0.000000000000000000e+00
1.849219970703125000e+02 2.498962402343750000e+00 0.000000000000000000e+00
1.848748168945312500e+02 2.517333984375000000e+00 0.000000000000000000e+00
1.848477172851562500e+02 2.520324707031250000e+00 0.000000000000000000e+00
1.848512573242187500e+02 2.508239746093750000e+00 0.000000000000000000e+00
1.849621582031250000e+02 2.579040527343750000e+00 0.000000000000000000e+00
1.852498168945312500e+02 2.711608886718750000e+00 0.000000000000000000e+00
1.854074707031250000e+02 2.824523925781250000e+00 0.000000000000000000e+00
1.855902099609375000e+02 2.950378417968750000e+00 0.000000000000000000e+00
1.856328735351562500e+02 3.067626953125000000e+00 0.000000000000000000e+00
1.856484985351562500e+02 3.070068359375000000e+00 0.000000000000000000e+00
1.856543579101562500e+02 3.080627441406250000e+00 0.000000000000000000e+00
1.856826171875000000e+02 3.111694335937500000e+00 0.000000000000000000e+00
1.857001342773437500e+02 3.071777343750000000e+00 0.000000000000000000e+00
1.858619384765625000e+02 3.017639160156250000e+00 0.000000000000000000e+00
1.859222412109375000e+02 3.010375976562500000e+00 0.000000000000000000e+00
1.859590454101562500e+02 2.958435058593750000e+00 0.000000000000000000e+00
1.861054077148437500e+02 3.038879394531250000e+00 0.000000000000000000e+00
1.862095336914062500e+02 3.080688476562500000e+00 0.000000000000000000e+00
1.863192749023437500e+02 3.160034179687500000e+00 0.000000000000000000e+00
1.864345092773437500e+02 3.283569335937500000e+00 0.000000000000000000e+00
1.865361328125000000e+02 3.306701660156250000e+00 0.000000000000000000e+00
1.866135253906250000e+02 3.282348632812500000e+00 0.000000000000000000e+00
1.866677246093750000e+02 3.271484375000000000e+00 0.000000000000000000e+00
1.865659179687500000e+02 3.091857910156250000e+00 0.000000000000000000e+00
1.862079467773437500e+02 2.720886230468750000e+00 0.000000000000000000e+00
1.859785766601562500e+02 2.511474609375000000e+00 0.000000000000000000e+00
1.859124145507812500e+02 2.447387695312500000e+00 0.000000000000000000e+00
1.857117309570312500e+02 2.644165039062500000e+00 0.000000000000000000e+00
1.857289428710937500e+02 2.722106933593750000e+00 0.000000000000000000e+00
1.857161254882812500e+02 2.693176269531250000e+00 0.000000000000000000e+00
1.857001953125000000e+02 2.748596191406250000e+00 0.000000000000000000e+00
1.856818847656250000e+02 2.847473144531250000e+00 0.000000000000000000e+00
1.858201904296875000e+02 2.881469726562500000e+00 0.000000000000000000e+00
1.860638427734375000e+02 2.962402343750000000e+00 0.000000000000000000e+00
1.862756958007812500e+02 2.962951660156250000e+00 0.000000000000000000e+00
1.863489379882812500e+02 2.995971679687500000e+00 0.000000000000000000e+00
1.864387817382812500e+02 2.972961425781250000e+00 0.000000000000000000e+00
1.864049072265625000e+02 2.990478515625000000e+00 0.000000000000000000e+00
1.864184570312500000e+02 3.000061035156250000e+00 0.000000000000000000e+00
1.863070068359375000e+02 3.020263671875000000e+00 0.000000000000000000e+00
1.863473510742187500e+02 3.095275878906250000e+00 0.000000000000000000e+00
1.863020629882812500e+02 3.093872070312500000e+00 0.000000000000000000e+00
1.864229125976562500e+02 3.119384765625000000e+00 0.000000000000000000e+00
1.866148071289062500e+02 3.062438964843750000e+00 0.000000000000000000e+00
1.867117309570312500e+02 3.048767089843750000e+00 0.000000000000000000e+00
1.868581542968750000e+02 3.195983886718750000e+00 0.000000000000000000e+00
1.869854736328125000e+02 3.308898925781250000e+00 0.000000000000000000e+00
1.871136474609375000e+02 3.428955078125000000e+00 0.000000000000000000e+00
1.870747680664062500e+02 3.476379394531250000e+00 0.000000000000000000e+00
1.871057128906250000e+02 3.487670898437500000e+00 0.000000000000000000e+00
1.871892089843750000e+02 3.459167480468750000e+00 0.000000000000000000e+00
1.872411499023437500e+02 3.464172363281250000e+00 0.000000000000000000e+00
1.872299194335937500e+02 3.491455078125000000e+00 0.000000000000000000e+00
1.872413330078125000e+02 3.454895019531250000e+00 0.000000000000000000e+00
1.873320312500000000e+02 3.365844726562500000e+00 0.000000000000000000e+00
1.874197387695312500e+02 3.346069335937500000e+00 0.000000000000000000e+00
1.873609008789062500e+02 3.318786621093750000e+00 0.000000000000000000e+00
1.873063964843750000e+02 3.359863281250000000e+00 0.000000000000000000e+00
1.870086669921875000e+02 3.347412109375000000e+00 0.000000000000000000e+00
1.864621582031250000e+02 3.123779296875000000e+00 0.000000000000000000e+00
1.859720458984375000e+02 2.993713378906250000e+00 0.000000000000000000e+00
1.858010253906250000e+02 2.870056152343750000e+00 0.000000000000000000e+00
1.858369140625000000e+02 2.869873046875000000e+00 0.000000000000000000e+00
1.860053100585937500e+02 2.821472167968750000e+00 0.000000000000000000e+00
1.861019897460937500e+02 2.801696777343750000e+00 0.000000000000000000e+00
1.862330932617187500e+02 2.815002441406250000e+00 0.000000000000000000e+00
1.861983642578125000e+02 2.819396972656250000e+00 0.000000000000000000e+00
1.861315917968750000e+02 2.857971191406250000e+00 0.000000000000000000e+00
1.860858154296875000e+02 3.033264160156250000e+00 0.000000000000000000e+00
1.861301879882812500e+02 2.971252441406250000e+00 0.000000000000000000e+00
1.861370239257812500e+02 3.000488281250000000e+00 0.000000000000000000e+00
1.861947631835937500e+02 2.977233886718750000e+00 0.000000000000000000e+00
1.859921875000000000e+02 3.073181152343750000e+00 0.000000000000000000e+00
1.858876953125000000e+02 3.084106445312500000e+00 0.000000000000000000e+00
1.858653564453125000e+02 3.090087890625000000e+00 0.000000000000000000e+00
1.858934326171875000e+02 3.227722167968750000e+00 0.000000000000000000e+00
1.859448242187500000e+02 3.173767089843750000e+00 0.000000000000000000e+00
1.860505981445312500e+02 3.199340820312500000e+00 0.000000000000000000e+00
1.862685546875000000e+02 3.136413574218750000e+00 0.000000000000000000e+00
1.864027709960937500e+02 3.192016601562500000e+00 0.000000000000000000e+00
1.864464111328125000e+02 3.203186035156250000e+00 0.000000000000000000e+00
1.864408569335937500e+02 3.134399414062500000e+00 0.000000000000000000e+00
1.866366577148437500e+02 3.156494140625000000e+00 0.000000000000000000e+00
1.866672973632812500e+02 3.203735351562500000e+00 0.000000000000000000e+00
1.867746582031250000e+02 3.187927246093750000e+00 0.000000000000000000e+00
1.868301391601562500e+02 3.212219238281250000e+00 0.000000000000000000e+00
1.869157104492187500e+02 3.308715820312500000e+00 0.000000000000000000e+00
1.870692138671875000e+02 3.356628417968750000e+00 0.000000000000000000e+00
1.871878051757812500e+02 3.437194824218750000e+00 0.000000000000000000e+00
1.873010253906250000e+02 3.511169433593750000e+00 0.000000000000000000e+00
1.872932739257812500e+02 3.499816894531250000e+00 0.000000000000000000e+00
1.873052978515625000e+02 3.469909667968750000e+00 0.000000000000000000e+00
1.873368530273437500e+02 3.466796875000000000e+00 0.000000000000000000e+00
1.871605224609375000e+02 3.429382324218750000e+00 0.000000000000000000e+00
1.865563964843750000e+02 3.187561035156250000e+00 0.000000000000000000e+00
1.862277832031250000e+02 2.844543457031250000e+00 0.000000000000000000e+00
1.860467529296875000e+02 2.769714355468750000e+00 0.000000000000000000e+00
1.859816284179687500e+02 2.740722656250000000e+00 0.000000000000000000e+00
1.857836303710937500e+02 2.886840820312500000e+00 0.000000000000000000e+00
1.858869628906250000e+02 2.967285156250000000e+00 0.000000000000000000e+00
1.860014648437500000e+02 3.068481445312500000e+00 0.000000000000000000e+00
1.860377197265625000e+02 3.130554199218750000e+00 0.000000000000000000e+00
1.862194824218750000e+02 3.046325683593750000e+00 0.000000000000000000e+00
1.863222045898437500e+02 3.096618652343750000e+00 0.000000000000000000e+00
1.865200195312500000e+02 3.142639160156250000e+00 0.000000000000000000e+00
1.864235229492187500e+02 3.039428710937500000e+00 0.000000000000000000e+00
1.863971557617187500e+02 3.033630371093750000e+00 0.000000000000000000e+00
1.862456054687500000e+02 2.994567871093750000e+00 0.000000000000000000e+00
1.858609619140625000e+02 2.871154785156250000e+00 0.000000000000000000e+00
1.857028808593750000e+02 2.895629882812500000e+00 0.000000000000000000e+00
1.856638793945312500e+02 3.027343750000000000e+00 0.000000000000000000e+00
1.856390991210937500e+02 3.001708984375000000e+00 0.000000000000000000e+00
1.856928710937500000e+02 2.919921875000000000e+00 0.000000000000000000e+00
1.857084350585937500e+02 2.948547363281250000e+00 0.000000000000000000e+00
1.857836303710937500e+02 2.955627441406250000e+00 0.000000000000000000e+00
1.861839599609375000e+02 2.884643554687500000e+00 0.000000000000000000e+00
1.860728759765625000e+02 2.878784179687500000e+00 0.000000000000000000e+00
1.859433593750000000e+02 2.853332519531250000e+00 0.000000000000000000e+00
1.859398803710937500e+02 2.875549316406250000e+00 0.000000000000000000e+00
1.859146728515625000e+02 2.847900390625000000e+00 0.000000000000000000e+00
1.859990234375000000e+02 2.954956054687500000e+00 0.000000000000000000e+00
1.860098876953125000e+02 2.977111816406250000e+00 0.000000000000000000e+00
1.860848999023437500e+02 3.058776855468750000e+00 0.000000000000000000e+00
1.860570678710937500e+02 3.121154785156250000e+00 0.000000000000000000e+00
1.861747436523437500e+02 3.218383789062500000e+00 0.000000000000000000e+00
1.861588134765625000e+02 3.227600097656250000e+00 0.000000000000000000e+00
1.862510375976562500e+02 3.276733398437500000e+00 0.000000000000000000e+00
1.860711059570312500e+02 3.307617187500000000e+00 0.000000000000000000e+00
1.859409790039062500e+02 3.187194824218750000e+00 0.000000000000000000e+00
1.854617919921875000e+02 2.746154785156250000e+00 0.000000000000000000e+00
1.852399902343750000e+02 2.519592285156250000e+00 0.000000000000000000e+00
1.852456665039062500e+02 2.531372070312500000e+00 0.000000000000000000e+00
1.849430541992187500e+02 2.684814453125000000e+00 0.000000000000000000e+00
1.847873535156250000e+02 2.805358886718750000e+00 0.000000000000000000e+00
1.847199096679687500e+02 2.878540039062500000e+00 0.000000000000000000e+00
1.847620239257812500e+02 2.989868164062500000e+00 0.000000000000000000e+00
1.845994873046875000e+02 3.068420410156250000e+00 0.000000000000000000e+00
1.848383178710937500e+02 3.043029785156250000e+00 0.000000000000000000e+00
1.850317382812500000e+02 2.971374511718750000e+00 0.000000000000000000e+00
1.851035156250000000e+02 2.877624511718750000e+00 0.000000000000000000e+00
1.850586547851562500e+02 2.813293457031250000e+00 0.000000000000000000e+00
1.851429443359375000e+02 2.791076660156250000e+00 0.000000000000000000e+00
1.851729736328125000e+02 2.808959960937500000e+00 0.000000000000000000e+00
1.851731567382812500e+02 2.738891601562500000e+00 0.000000000000000000e+00
1.851820678710937500e+02 2.781555175781250000e+00 0.000000000000000000e+00
1.851847534179687500e+02 2.846984863281250000e+00 0.000000000000000000e+00
1.851608276367187500e+02 2.813110351562500000e+00 0.000000000000000000e+00
1.851657714843750000e+02 2.879333496093750000e+00 0.000000000000000000e+00
1.850950927734375000e+02 2.878417968750000000e+00 0.000000000000000000e+00
1.850815429687500000e+02 2.897521972656250000e+00 0.000000000000000000e+00
1.850930786132812500e+02 2.882934570312500000e+00 0.000000000000000000e+00
1.850885009765625000e+02 2.842712402343750000e+00 0.000000000000000000e+00
1.851555786132812500e+02 2.877807617187500000e+00 0.000000000000000000e+00
1.851775512695312500e+02 2.949951171875000000e+00 0.000000000000000000e+00
1.853529663085937500e+02 2.983459472656250000e+00 0.000000000000000000e+00
1.854985351562500000e+02 3.002380371093750000e+00 0.000000000000000000e+00
1.856557006835937500e+02 3.011535644531250000e+00 0.000000000000000000e+00
1.856729125976562500e+02 3.079589843750000000e+00 0.000000000000000000e+00
1.857884521484375000e+02 3.109436035156250000e+00 0.000000000000000000e+00
1.859257202148437500e+02 3.126708984375000000e+00 0.000000000000000000e+00
1.856740112304687500e+02 2.977600097656250000e+00 0.000000000000000000e+00
1.852955932617187500e+02 2.652282714843750000e+00 0.000000000000000000e+00
1.849692382812500000e+02 2.510314941406250000e+00 0.000000000000000000e+00
1.848137207031250000e+02 2.522827148437500000e+00 0.000000000000000000e+00
1.847724609375000000e+02 2.530273437500000000e+00 0.000000000000000000e+00
1.848843383789062500e+02 2.592163085937500000e+00 0.000000000000000000e+00
1.849740600585937500e+02 2.577270507812500000e+00 0.000000000000000000e+00
1.851683349609375000e+02 2.642761230468750000e+00 0.000000000000000000e+00
1.852415771484375000e+02 2.675842285156250000e+00 0.000000000000000000e+00
1.852711791992187500e+02 2.627929687500000000e+00 0.000000000000000000e+00
1.852326660156250000e+02 2.661132812500000000e+00 0.000000000000000000e+00
1.852694702148437500e+02 2.610595703125000000e+00 0.000000000000000000e+00
1.852675170898437500e+02 2.634094238281250000e+00 0.000000000000000000e+00
1.852288208007812500e+02 2.652343750000000000e+00 0.000000000000000000e+00
1.851074829101562500e+02 2.704589843750000000e+00 0.000000000000000000e+00
1.852058105468750000e+02 2.637573242187500000e+00 0.000000000000000000e+00
1.851605834960937500e+02 2.750183105468750000e+00 0.000000000000000000e+00
1.850889892578125000e+02 2.809936523437500000e+00 0.000000000000000000e+00
1.850791015625000000e+02 2.754638671875000000e+00 0.000000000000000000e+00
1.850112304687500000e+02 2.830017089843750000e+00 0.000000000000000000e+00
1.849968872070312500e+02 2.861755371093750000e+00 0.000000000000000000e+00
1.849305419921875000e+02 2.895263671875000000e+00 0.000000000000000000e+00
1.849632568359375000e+02 2.962280273437500000e+00 0.000000000000000000e+00
1.849617309570312500e+02 2.910583496093750000e+00 0.000000000000000000e+00
1.848985595703125000e+02 2.899658203125000000e+00 0.000000000000000000e+00
1.850805053710937500e+02 2.815307617187500000e+00 0.000000000000000000e+00
1.850863647460937500e+02 2.848999023437500000e+00 0.000000000000000000e+00
1.851955566406250000e+02 2.862854003906250000e+00 0.000000000000000000e+00
1.851019897460937500e+02 2.823547363281250000e+00 0.000000000000000000e+00
1.851766967773437500e+02 2.871643066406250000e+00 0.000000000000000000e+00
1.851392211914062500e+02 2.882751464843750000e+00 0.000000000000000000e+00
1.850191650390625000e+02 2.951477050781250000e+00 0.000000000000000000e+00
1.847704467773437500e+02 2.692565917968750000e+00 0.000000000000000000e+00
1.842863769531250000e+02 2.535949707031250000e+00 0.000000000000000000e+00
1.841011352539062500e+02 2.424316406250000000e+00 0.000000000000000000e+00
1.839603271484375000e+02 2.426086425781250000e+00 0.000000000000000000e+00
1.840422363281250000e+02 2.475280761718750000e+00 0.000000000000000000e+00
1.841337280273437500e+02 2.491699218750000000e+00 0.000000000000000000e+00
1.841663208007812500e+02 2.510009765625000000e+00 0.000000000000000000e+00
1.842094116210937500e+02 2.510009765625000000e+00 0.000000000000000000e+00
1.842919921875000000e+02 2.501892089843750000e+00 0.000000000000000000e+00
1.843406372070312500e+02 2.444213867187500000e+00 0.000000000000000000e+00
1.842510986328125000e+02 2.463989257812500000e+00 0.000000000000000000e+00
1.841660766601562500e+02 2.460815429687500000e+00 0.000000000000000000e+00
1.841043090820312500e+02 2.512756347656250000e+00 0.000000000000000000e+00
1.838677368164062500e+02 2.560607910156250000e+00 0.000000000000000000e+00
1.837507324218750000e+02 2.547851562500000000e+00 0.000000000000000000e+00
1.837241821289062500e+02 2.557006835937500000e+00 0.000000000000000000e+00
1.839326171875000000e+02 2.533020019531250000e+00 0.000000000000000000e+00
1.840003662109375000e+02 2.539855957031250000e+00 0.000000000000000000e+00
1.840203857421875000e+02 2.577087402343750000e+00 0.000000000000000000e+00
1.840331420898437500e+02 2.588256835937500000e+00 0.000000000000000000e+00
1.841412963867187500e+02 2.618103027343750000e+00 0.000000000000000000e+00
1.841322631835937500e+02 2.643127441406250000e+00 0.000000000000000000e+00
1.840770263671875000e+02 2.684997558593750000e+00 0.000000000000000000e+00
1.840684204101562500e+02 2.653198242187500000e+00 0.000000000000000000e+00
1.841837768554687500e+02 2.661987304687500000e+00 0.000000000000000000e+00
1.842860107421875000e+02 2.540893554687500000e+00 0.000000000000000000e+00
1.843717651367187500e+02 2.606445312500000000e+00 0.000000000000000000e+00
1.843190917968750000e+02 2.667663574218750000e+00 0.000000000000000000e+00
1.843927612304687500e+02 2.673278808593750000e+00 0.000000000000000000e+00
1.843832397460937500e+02 2.715209960937500000e+00 0.000000000000000000e+00
1.844558715820312500e+02 2.682617187500000000e+00 0.000000000000000000e+00
1.843767700195312500e+02 2.652282714843750000e+00 0.000000000000000000e+00
1.842126464843750000e+02 2.436828613281250000e+00 0.000000000000000000e+00
1.838370971679687500e+02 2.241210937500000000e+00 0.000000000000000000e+00
1.836187133789062500e+02 2.083312988281250000e+00 0.000000000000000000e+00
1.835531616210937500e+02 2.078491210937500000e+00 0.000000000000000000e+00
1.835613403320312500e+02 2.105407714843750000e+00 0.000000000000000000e+00
1.836647949218750000e+02 2.160827636718750000e+00 0.000000000000000000e+00
1.837200317382812500e+02 2.245544433593750000e+00 0.000000000000000000e+00
1.837356567382812500e+02 2.201660156250000000e+00 0.000000000000000000e+00
1.837189941406250000e+02 2.220947265625000000e+00 0.000000000000000000e+00
1.838211669921875000e+02 2.276733398437500000e+00 0.000000000000000000e+00
1.838731689453125000e+02 2.296264648437500000e+00 0.000000000000000000e+00
1.838991699218750000e+02 2.298950195312500000e+00 0.000000000000000000e+00
1.839186401367187500e+02 2.257690429687500000e+00 0.000000000000000000e+00
1.838814086914062500e+02 2.239074707031250000e+00 0.000000000000000000e+00
1.838985595703125000e+02 2.271423339843750000e+00 0.000000000000000000e+00
1.840396118164062500e+02 2.270385742187500000e+00 0.000000000000000000e+00
1.839815063476562500e+02 2.285217285156250000e+00 0.000000000000000000e+00
1.840850219726562500e+02 2.328613281250000000e+00 0.000000000000000000e+00
1.841703491210937500e+02 2.367919921875000000e+00 0.000000000000000000e+00
1.842965698242187500e+02 2.373535156250000000e+00 0.000000000000000000e+00
1.842479858398437500e+02 2.410827636718750000e+00 0.000000000000000000e+00
1.843123779296875000e+02 2.399047851562500000e+00 0.000000000000000000e+00
1.843472900390625000e+02 2.381896972656250000e+00 0.000000000000000000e+00
1.843596191406250000e+02 2.376464843750000000e+00 0.000000000000000000e+00
1.842955932617187500e+02 2.350708007812500000e+00 0.000000000000000000e+00
1.844219360351562500e+02 2.382690429687500000e+00 0.000000000000000000e+00
1.843782348632812500e+02 2.332885742187500000e+00 0.000000000000000000e+00
1.845100708007812500e+02 2.247558593750000000e+00 0.000000000000000000e+00
1.844031982421875000e+02 2.333984375000000000e+00 0.000000000000000000e+00
1.844562988281250000e+02 2.401000976562500000e+00 0.000000000000000000e+00
1.844788818359375000e+02 2.489746093750000000e+00 0.000000000000000000e+00
1.845271606445312500e+02 2.533142089843750000e+00 0.000000000000000000e+00
1.844184570312500000e+02 2.602233886718750000e+00 0.000000000000000000e+00
1.844566650390625000e+02 2.649597167968750000e+00 0.000000000000000000e+00
1.840935668945312500e+02 2.538818359375000000e+00 0.000000000000000000e+00
1.836788940429687500e+02 2.291564941406250000e+00 0.000000000000000000e+00
1.834645996093750000e+02 2.203613281250000000e+00 0.000000000000000000e+00
1.832338256835937500e+02 2.267333984375000000e+00 0.000000000000000000e+00
1.833380126953125000e+02 2.243347167968750000e+00 0.000000000000000000e+00
1.833520507812500000e+02 2.240295410156250000e+00 0.000000000000000000e+00
1.834903564453125000e+02 2.239013671875000000e+00 0.000000000000000000e+00
1.835577392578125000e+02 2.248107910156250000e+00 0.000000000000000000e+00
1.836015014648437500e+02 2.242004394531250000e+00 0.000000000000000000e+00
1.836155395507812500e+02 2.306884765625000000e+00 0.000000000000000000e+00
1.835635375976562500e+02 2.348205566406250000e+00 0.000000000000000000e+00
1.836650390625000000e+02 2.254089355468750000e+00 0.000000000000000000e+00
1.836041259765625000e+02 2.268188476562500000e+00 0.000000000000000000e+00
1.836203613281250000e+02 2.281799316406250000e+00 0.000000000000000000e+00
1.835857543945312500e+02 2.306274414062500000e+00 0.000000000000000000e+00
1.833834228515625000e+02 2.299682617187500000e+00 0.000000000000000000e+00
1.834217529296875000e+02 2.289428710937500000e+00 0.000000000000000000e+00
1.833980102539062500e+02 2.318481445312500000e+00 0.000000000000000000e+00
1.833829345703125000e+02 2.340942382812500000e+00 0.000000000000000000e+00
1.833644409179687500e+02 2.387145996093750000e+00 0.000000000000000000e+00
1.834347534179687500e+02 2.448425292968750000e+00 0.000000000000000000e+00
1.833968505859375000e+02 2.451904296875000000e+00 0.000000000000000000e+00
1.834357910156250000e+02 2.428527832031250000e+00 0.000000000000000000e+00
1.834266357421875000e+02 2.419738769531250000e+00 0.000000000000000000e+00
1.834578247070312500e+02 2.423217773437500000e+00 0.000000000000000000e+00
1.834736328125000000e+02 2.415771484375000000e+00 0.000000000000000000e+00
1.836690063476562500e+02 2.367675781250000000e+00 0.000000000000000000e+00
1.836476440429687500e+02 2.377014160156250000e+00 0.000000000000000000e+00
1.836253051757812500e+02 2.396545410156250000e+00 0.000000000000000000e+00
1.836101074218750000e+02 2.502929687500000000e+00 0.000000000000000000e+00
1.836381835937500000e+02 2.548828125000000000e+00 0.000000000000000000e+00
1.837291259765625000e+02 2.582824707031250000e+00 0.000000000000000000e+00
1.837614135742187500e+02 2.593444824218750000e+00 0.000000000000000000e+00
1.837295532226562500e+02 2.559020996093750000e+00 0.000000000000000000e+00
1.837832641601562500e+02 2.469299316406250000e+00 0.000000000000000000e+00
1.835069580078125000e+02 2.228759765625000000e+00 0.000000000000000000e+00
1.828787841796875000e+02 1.797851562500000000e+00 0.000000000000000000e+00
1.826372680664062500e+02 1.692382812500000000e+00 0.000000000000000000e+00
1.827498779296875000e+02 1.721801757812500000e+00 0.000000000000000000e+00
1.826225585937500000e+02 1.893493652343750000e+00 0.000000000000000000e+00
1.826476440429687500e+02 2.037963867187500000e+00 0.000000000000000000e+00
1.825963134765625000e+02 2.128662109375000000e+00 0.000000000000000000e+00
1.826076049804687500e+02 2.123718261718750000e+00 0.000000000000000000e+00
1.825227661132812500e+02 2.139953613281250000e+00 0.000000000000000000e+00
1.825945434570312500e+02 2.193847656250000000e+00 0.000000000000000000e+00
1.826934814453125000e+02 2.206115722656250000e+00 0.000000000000000000e+00
1.826920166015625000e+02 2.156250000000000000e+00 0.000000000000000000e+00
1.827232055664062500e+02 2.160400390625000000e+00 0.000000000000000000e+00
1.828795166015625000e+02 2.201782226562500000e+00 0.000000000000000000e+00
1.829140014648437500e+02 2.209289550781250000e+00 0.000000000000000000e+00
1.828807373046875000e+02 2.200561523437500000e+00 0.000000000000000000e+00
1.829595336914062500e+02 2.205017089843750000e+00 0.000000000000000000e+00
1.829660644531250000e+02 2.255249023437500000e+00 0.000000000000000000e+00
1.829256591796875000e+02 2.222717285156250000e+00 0.000000000000000000e+00
1.828050537109375000e+02 2.187072753906250000e+00 0.000000000000000000e+00
1.828080444335937500e+02 2.154052734375000000e+00 0.000000000000000000e+00
1.828046264648437500e+02 2.122985839843750000e+00 0.000000000000000000e+00
1.827473144531250000e+02 2.211669921875000000e+00 0.000000000000000000e+00
1.827507934570312500e+02 2.198425292968750000e+00 0.000000000000000000e+00
1.827514648437500000e+02 2.152099609375000000e+00 0.000000000000000000e+00
1.827963256835937500e+02 2.128845214843750000e+00 0.000000000000000000e+00
1.829332885742187500e+02 2.163757324218750000e+00 0.000000000000000000e+00
1.829177246093750000e+02 2.161254882812500000e+00 0.000000000000000000e+00
1.828332519531250000e+02 2.206604003906250000e+00 0.000000000000000000e+00
1.828106689453125000e+02 2.214843750000000000e+00 0.000000000000000000e+00
1.829265747070312500e+02 2.274291992187500000e+00 0.000000000000000000e+00
1.828868408203125000e+02 2.228576660156250000e+00 0.000000000000000000e+00
1.827600708007812500e+02 2.186218261718750000e+00 0.000000000000000000e+00
1.826698608398437500e+02 2.199768066406250000e+00 0.000000000000000000e+00
1.826458740234375000e+02 2.159667968750000000e+00 0.000000000000000000e+00
1.825338745117187500e+02 2.108764648437500000e+00 0.000000000000000000e+00
1.823281250000000000e+02 2.057983398437500000e+00 0.000000000000000000e+00
1.818368530273437500e+02 1.855407714843750000e+00 0.000000000000000000e+00
1.816486816406250000e+02 1.691589355468750000e+00 0.000000000000000000e+00
1.816091918945312500e+02 1.684326171875000000e+00 0.000000000000000000e+00
1.814597167968750000e+02 1.717346191406250000e+00 0.000000000000000000e+00
1.814209594726562500e+02 1.796386718750000000e+00 0.000000000000000000e+00
1.814512329101562500e+02 1.805541992187500000e+00 0.000000000000000000e+00
1.814415283203125000e+02 1.835876464843750000e+00 0.000000000000000000e+00
1.813206787109375000e+02 1.962585449218750000e+00 0.000000000000000000e+00
1.813010864257812500e+02 1.966491699218750000e+00 0.000000000000000000e+00
1.813551025390625000e+02 2.043212890625000000e+00 0.000000000000000000e+00
1.813540649414062500e+02 2.002563476562500000e+00 0.000000000000000000e+00
1.813581542968750000e+02 1.955566406250000000e+00 0.000000000000000000e+00
1.814677734375000000e+02 1.910949707031250000e+00 0.000000000000000000e+00
1.815285644531250000e+02 1.874389648437500000e+00 0.000000000000000000e+00
1.816409301757812500e+02 1.833984375000000000e+00 0.000000000000000000e+00
1.817429199218750000e+02 1.826782226562500000e+00 0.000000000000000000e+00
1.817430419921875000e+02 1.823242187500000000e+00 0.000000000000000000e+00
1.817214965820312500e+02 1.818786621093750000e+00 0.000000000000000000e+00
1.817352294921875000e+02 1.845642089843750000e+00 0.000000000000000000e+00
1.818036499023437500e+02 1.793640136718750000e+00 0.000000000000000000e+00
1.818865966796875000e+02 1.827392578125000000e+00 0.000000000000000000e+00
1.818341674804687500e+02 1.809204101562500000e+00 0.000000000000000000e+00
1.818787841796875000e+02 1.795104980468750000e+00 0.000000000000000000e+00
1.819060058593750000e+02 1.747009277343750000e+00 0.000000000000000000e+00
1.819470825195312500e+02 1.773742675781250000e+00 0.000000000000000000e+00
1.821137695312500000e+02 1.879455566406250000e+00 0.000000000000000000e+00
1.821070556640625000e+02 1.852294921875000000e+00 0.000000000000000000e+00
1.820173339843750000e+02 1.950195312500000000e+00 0.000000000000000000e+00
1.820592041015625000e+02 1.980407714843750000e+00 0.000000000000000000e+00
1.820681152343750000e+02 2.019287109375000000e+00 0.000000000000000000e+00
1.822111816406250000e+02 2.045410156250000000e+00 0.000000000000000000e+00
1.824001464843750000e+02 2.145996093750000000e+00 0.000000000000000000e+00
1.825195922851562500e+02 2.136169433593750000e+00 0.000000000000000000e+00
1.827119750976562500e+02 2.228332519531250000e+00 0.000000000000000000e+00
1.828706665039062500e+02 2.243530273437500000e+00 0.000000000000000000e+00
1.829675903320312500e+02 2.326904296875000000e+00 0.000000000000000000e+00
1.829002075195312500e+02 2.257629394531250000e+00 0.000000000000000000e+00
1.824673461914062500e+02 2.047241210937500000e+00 0.000000000000000000e+00
1.821610107421875000e+02 1.891601562500000000e+00 0.000000000000000000e+00
1.820961303710937500e+02 1.910217285156250000e+00 0.000000000000000000e+00
1.821527709960937500e+02 1.918701171875000000e+00 0.000000000000000000e+00
1.821643066406250000e+02 1.963745117187500000e+00 0.000000000000000000e+00
1.821441040039062500e+02 1.950744628906250000e+00 0.000000000000000000e+00
1.821662597656250000e+02 1.972229003906250000e+00 0.000000000000000000e+00
1.820242919921875000e+02 2.056884765625000000e+00 0.000000000000000000e+00
1.820478515625000000e+02 2.061218261718750000e+00 0.000000000000000000e+00
1.820964355468750000e+02 2.060180664062500000e+00 0.000000000000000000e+00
1.820477294921875000e+02 2.102539062500000000e+00 0.000000000000000000e+00
1.820277709960937500e+02 2.079345703125000000e+00 0.000000000000000000e+00
1.819382324218750000e+02 2.123291015625000000e+00 0.000000000000000000e+00
1.819262084960937500e+02 2.054077148437500000e+00 0.000000000000000000e+00
1.820012207031250000e+02 2.119323730468750000e+00 0.000000000000000000e+00
1.821461791992187500e+02 2.109863281250000000e+00 0.000000000000000000e+00
1.823907470703125000e+02 2.099060058593750000e+00 0.000000000000000000e+00
1.825858154296875000e+02 2.118713378906250000e+00 0.000000000000000000e+00
1.826236572265625000e+02 2.130004882812500000e+00 0.000000000000000000e+00
1.827884521484375000e+02 2.107299804687500000e+00 0.000000000000000000e+00
1.828748168945312500e+02 2.186828613281250000e+00 0.000000000000000000e+00
1.829049682617187500e+02 2.219482421875000000e+00 0.000000000000000000e+00
1.828397827148437500e+02 2.277404785156250000e+00 0.000000000000000000e+00
1.828853759765625000e+02 2.336791992187500000e+00 0.000000000000000000e+00
1.828790893554687500e+02 2.341857910156250000e+00 0.000000000000000000e+00
1.829452514648437500e+02 2.309814453125000000e+00 0.000000000000000000e+00
1.830048828125000000e+02 2.294982910156250000e+00 0.000000000000000000e+00
1.830373535156250000e+02 2.301208496093750000e+00 0.000000000000000000e+00
1.829815063476562500e+02 2.367614746093750000e+00 0.000000000000000000e+00
1.829669799804687500e+02 2.351196289062500000e+00 0.000000000000000000e+00
1.830526123046875000e+02 2.374328613281250000e+00 0.000000000000000000e+00
1.831674804687500000e+02 2.473022460937500000e+00 0.000000000000000000e+00
1.833983154296875000e+02 2.537231445312500000e+00 0.000000000000000000e+00
1.834447631835937500e+02 2.523132324218750000e+00 0.000000000000000000e+00
1.836618041992187500e+02 2.615783691406250000e+00 0.000000000000000000e+00
1.837019653320312500e+02 2.557678222656250000e+00 0.000000000000000000e+00
1.837650146484375000e+02 2.463012695312500000e+00 0.000000000000000000e+00
1.835399780273437500e+02 2.235595703125000000e+00 0.000000000000000000e+00
1.832894897460937500e+02 2.132202148437500000e+00 0.000000000000000000e+00
1.831563110351562500e+02 2.042907714843750000e+00 0.000000000000000000e+00
1.830954589843750000e+02 2.056762695312500000e+00 0.000000000000000000e+00
1.830246582031250000e+02 2.096740722656250000e+00 0.000000000000000000e+00
1.831082763671875000e+02 2.137512207031250000e+00 0.000000000000000000e+00
1.831279296875000000e+02 2.149230957031250000e+00 0.000000000000000000e+00
1.831956176757812500e+02 2.186035156250000000e+00 0.000000000000000000e+00
1.831701660156250000e+02 2.233215332031250000e+00 0.000000000000000000e+00
1.832700805664062500e+02 2.262023925781250000e+00 0.000000000000000000e+00
1.833595581054687500e+02 2.220947265625000000e+00 0.000000000000000000e+00
1.834034423828125000e+02 2.182739257812500000e+00 0.000000000000000000e+00
1.833810424804687500e+02 2.158508300781250000e+00 0.000000000000000000e+00
1.832778930664062500e+02 2.215393066406250000e+00 0.000000000000000000e+00
1.832480468750000000e+02 2.299926757812500000e+00 0.000000000000000000e+00
1.832144775390625000e+02 2.315185546875000000e+00 0.000000000000000000e+00
1.832781372070312500e+02 2.396301269531250000e+00 0.000000000000000000e+00
1.833428955078125000e+02 2.439819335937500000e+00 0.000000000000000000e+00
1.835171508789062500e+02 2.478942871093750000e+00 0.000000000000000000e+00
1.835655517578125000e+02 2.542602539062500000e+00 0.000000000000000000e+00
1.835804443359375000e+02 2.569885253906250000e+00 0.000000000000000000e+00
1.836572265625000000e+02 2.621520996093750000e+00 0.000000000000000000e+00
1.836274414062500000e+02 2.563049316406250000e+00 0.000000000000000000e+00
1.836921386718750000e+02 2.562194824218750000e+00 0.000000000000000000e+00
1.837448730468750000e+02 2.590026855468750000e+00 0.000000000000000000e+00
1.837075195312500000e+02 2.605468750000000000e+00 0.000000000000000000e+00
1.837127075195312500e+02 2.602294921875000000e+00 0.000000000000000000e+00
1.838449707031250000e+02 2.642517089843750000e+00 0.000000000000000000e+00
1.839517822265625000e+02 2.711059570312500000e+00 0.000000000000000000e+00
1.840690917968750000e+02 2.708679199218750000e+00 0.000000000000000000e+00
1.840907592773437500e+02 2.781250000000000000e+00 0.000000000000000000e+00
1.841503295898437500e+02 2.861083984375000000e+00 0.000000000000000000e+00
1.843877563476562500e+02 2.831542968750000000e+00 0.000000000000000000e+00
1.845818481445312500e+02 2.846679687500000000e+00 0.000000000000000000e+00
1.844724121093750000e+02 2.720092773437500000e+00 0.000000000000000000e+00
1.843520507812500000e+02 2.564941406250000000e+00 0.000000000000000000e+00
1.842810668945312500e+02 2.391784667968750000e+00 0.000000000000000000e+00
1.842553710937500000e+02 2.409667968750000000e+00 0.000000000000000000e+00
1.841533203125000000e+02 2.459045410156250000e+00 0.000000000000000000e+00
1.839800415039062500e+02 2.585266113281250000e+00 0.000000000000000000e+00
1.838946533203125000e+02 2.666381835937500000e+00 0.000000000000000000e+00
1.838593750000000000e+02 2.774841308593750000e+00 0.000000000000000000e+00
1.838027343750000000e+02 2.854370117187500000e+00 0.000000000000000000e+00
1.838958129882812500e+02 2.810668945312500000e+00 0.000000000000000000e+00
1.839741210937500000e+02 2.697631835937500000e+00 0.000000000000000000e+00
1.841055297851562500e+02 2.659545898437500000e+00 0.000000000000000000e+00
1.841297607421875000e+02 2.606872558593750000e+00 0.000000000000000000e+00
1.841758422851562500e+02 2.656738281250000000e+00 0.000000000000000000e+00
1.841618652343750000e+02 2.638977050781250000e+00 0.000000000000000000e+00
1.842406005859375000e+02 2.627197265625000000e+00 0.000000000000000000e+00
1.842916870117187500e+02 2.673706054687500000e+00 0.000000000000000000e+00
1.843878784179687500e+02 2.679138183593750000e+00 0.000000000000000000e+00
1.843623657226562500e+02 2.687866210937500000e+00 0.000000000000000000e+00
1.844456176757812500e+02 2.768066406250000000e+00 0.000000000000000000e+00
1.845189819335937500e+02 2.857910156250000000e+00 0.000000000000000000e+00
1.845646972656250000e+02 2.895324707031250000e+00 0.000000000000000000e+00
1.847166748046875000e+02 2.954040527343750000e+00 0.000000000000000000e+00
1.847394409179687500e+02 2.978027343750000000e+00 0.000000000000000000e+00
1.847202758789062500e+02 2.993469238281250000e+00 0.000000000000000000e+00
1.847349243164062500e+02 2.960266113281250000e+00 0.000000000000000000e+00
1.848247070312500000e+02 2.960021972656250000e+00 0.000000000000000000e+00
1.848983764648437500e+02 2.967651367187500000e+00 0.000000000000000000e+00
1.850075683593750000e+02 2.938659667968750000e+00 0.000000000000000000e+00
1.852097167968750000e+02 2.975036621093750000e+00 0.000000000000000000e+00
1.852789916992187500e+02 2.981323242187500000e+00 0.000000000000000000e+00
1.853963623046875000e+02 3.066650390625000000e+00 0.000000000000000000e+00
1.853482666015625000e+02 2.887145996093750000e+00 0.000000000000000000e+00
1.852383422851562500e+02 2.786865234375000000e+00 0.000000000000000000e+00
1.848188476562500000e+02 2.662658691406250000e+00 0.000000000000000000e+00
1.844929199218750000e+02 2.667785644531250000e+00 0.000000000000000000e+00
1.844855346679687500e+02 2.718017578125000000e+00 0.000000000000000000e+00
1.845377807617187500e+02 2.817749023437500000e+00 0.000000000000000000e+00
1.846083374023437500e+02 2.829284667968750000e+00 0.000000000000000000e+00
1.845552978515625000e+02 2.862792968750000000e+00 0.000000000000000000e+00
1.846239013671875000e+02 2.864196777343750000e+00 0.000000000000000000e+00
1.847059936523437500e+02 2.844787597656250000e+00 0.000000000000000000e+00
1.847437744140625000e+02 2.883178710937500000e+00 0.000000000000000000e+00
1.847726440429687500e+02 2.914550781250000000e+00 0.000000000000000000e+00
1.846936645507812500e+02 2.907531738281250000e+00 0.000000000000000000e+00
1.846050415039062500e+02 2.945800781250000000e+00 0.000000000000000000e+00
1.846781005859375000e+02 2.989868164062500000e+00 0.000000000000000000e+00
1.846375732421875000e+02 3.007690429687500000e+00 0.000000000000000000e+00
1.847653198242187500e+02 3.039062500000000000e+00 0.000000000000000000e+00
1.847961425781250000e+02 2.884765625000000000e+00 0.000000000000000000e+00
1.848141479492187500e+02 2.815673828125000000e+00 0.000000000000000000e+00
1.849890136718750000e+02 2.809265136718750000e+00 0.000000000000000000e+00
1.850783691406250000e+02 2.836059570312500000e+00 0.000000000000000000e+00
1.851263427734375000e+02 2.792419433593750000e+00 0.000000000000000000e+00
1.851495971679687500e+02 2.831420898437500000e+00 0.000000000000000000e+00
1.852600097656250000e+02 2.707641601562500000e+00 0.000000000000000000e+00
1.852109985351562500e+02 2.737854003906250000e+00 0.000000000000000000e+00
1.851790161132812500e+02 2.777893066406250000e+00 0.000000000000000000e+00
1.852625122070312500e+02 2.772399902343750000e+00 0.000000000000000000e+00
1.852044067382812500e+02 2.846984863281250000e+00 0.000000000000000000e+00
1.853076782226562500e+02 2.906494140625000000e+00 0.000000000000000000e+00
1.853392333984375000e+02 3.013549804687500000e+00 0.000000000000000000e+00
1.853701782226562500e+02 2.982482910156250000e+00 0.000000000000000000e+00
1.853217773437500000e+02 3.054260253906250000e+00 0.000000000000000000e+00
1.854531860351562500e+02 3.169860839843750000e+00 0.000000000000000000e+00
1.854317626953125000e+02 3.126586914062500000e+00 0.000000000000000000e+00
1.853673706054687500e+02 3.052429199218750000e+00 0.000000000000000000e+00
1.848640747070312500e+02 2.901794433593750000e+00 0.000000000000000000e+00
1.845892333984375000e+02 2.745666503906250000e+00 0.000000000000000000e+00
1.844310913085937500e+02 2.821777343750000000e+00 0.000000000000000000e+00
1.843564453125000000e+02 2.884460449218750000e+00 0.000000000000000000e+00
1.843139648437500000e+02 2.995117187500000000e+00 0.000000000000000000e+00
1.842174682617187500e+02 3.057006835937500000e+00 0.000000000000000000e+00
1.841979370117187500e+02 3.039245605468750000e+00 0.000000000000000000e+00
1.842776489257812500e+02 2.949340820312500000e+00 0.000000000000000000e+00
1.842279663085937500e+02 2.942138671875000000e+00 0.000000000000000000e+00
1.844816894531250000e+02 2.925598144531250000e+00 0.000000000000000000e+00
1.845554199218750000e+02 2.918151855468750000e+00 0.000000000000000000e+00
1.846151123046875000e+02 2.910888671875000000e+00 0.000000000000000000e+00
1.845632324218750000e+02 2.885437011718750000e+00 0.000000000000000000e+00
1.845944824218750000e+02 2.946166992187500000e+00 0.000000000000000000e+00
1.845613403320312500e+02 2.921752929687500000e+00 0.000000000000000000e+00
1.845288696289062500e+02 2.956787109375000000e+00 0.000000000000000000e+00
1.845948486328125000e+02 2.985656738281250000e+00 0.000000000000000000e+00
1.846475830078125000e+02 3.010070800781250000e+00 0.000000000000000000e+00
1.847672119140625000e+02 3.010314941406250000e+00 0.000000000000000000e+00
1.848862304687500000e+02 2.966064453125000000e+00 0.000000000000000000e+00
1.849101562500000000e+02 2.981506347656250000e+00 0.000000000000000000e+00
1.851127929687500000e+02 3.080383300781250000e+00 0.000000000000000000e+00
1.850698242187500000e+02 3.047790527343750000e+00 0.000000000000000000e+00
1.850476074218750000e+02 3.051635742187500000e+00 0.000000000000000000e+00
1.851124877929687500e+02 3.073669433593750000e+00 0.000000000000000000e+00
1.852114257812500000e+02 3.183044433593750000e+00 0.000000000000000000e+00
1.852268676757812500e+02 3.144104003906250000e+00 0.000000000000000000e+00
1.852149658203125000e+02 3.084472656250000000e+00 0.000000000000000000e+00
1.851655273437500000e+02 3.140380859375000000e+00 0.000000000000000000e+00
1.851653442382812500e+02 3.134521484375000000e+00 0.000000000000000000e+00
1.853107910156250000e+02 3.245422363281250000e+00 0.000000000000000000e+00
1.852793579101562500e+02 3.268188476562500000e+00 0.000000000000000000e+00
1.852737426757812500e+02 3.268188476562500000e+00 0.000000000000000000e+00
1.852853393554687500e+02 3.314880371093750000e+00 0.000000000000000000e+00
1.853784790039062500e+02 3.280212402343750000e+00 0.000000000000000000e+00
1.854694213867187500e+02 3.376892089843750000e+00 0.000000000000000000e+00
1.852787475585937500e+02 3.317199707031250000e+00 0.000000000000000000e+00
1.850039062500000000e+02 3.007019042968750000e+00 0.000000000000000000e+00
1.847368164062500000e+02 2.924194335937500000e+00 0.000000000000000000e+00
1.847265014648437500e+02 2.878173828125000000e+00 0.000000000000000000e+00
1.847100830078125000e+02 2.909484863281250000e+00 0.000000000000000000e+00
1.847713012695312500e+02 2.980834960937500000e+00 0.000000000000000000e+00
1.847500610351562500e+02 2.997253417968750000e+00 0.000000000000000000e+00
1.848605957031250000e+02 3.028320312500000000e+00 0.000000000000000000e+00
1.848327026367187500e+02 3.014038085937500000e+00 0.000000000000000000e+00
1.848875732421875000e+02 3.093688964843750000e+00 0.000000000000000000e+00
1.848743286132812500e+02 3.064331054687500000e+00 0.000000000000000000e+00
1.849085693359375000e+02 3.082946777343750000e+00 0.000000000000000000e+00
1.850661621093750000e+02 2.971557617187500000e+00 0.000000000000000000e+00
1.850767822265625000e+02 2.897460937500000000e+00 0.000000000000000000e+00
1.851279296875000000e+02 2.815124511718750000e+00 0.000000000000000000e+00
1.852102661132812500e+02 2.807434082031250000e+00 0.000000000000000000e+00
1.852063598632812500e+02 2.827087402343750000e+00 0.000000000000000000e+00
1.851934204101562500e+02 2.907165527343750000e+00 0.000000000000000000e+00
1.852191162109375000e+02 2.895324707031250000e+00 0.000000000000000000e+00
1.852175903320312500e+02 2.983703613281250000e+00 0.000000000000000000e+00
1.851963500976562500e+02 3.071228027343750000e+00 0.000000000000000000e+00
1.851348876953125000e+02 3.061462402343750000e+00 0.000000000000000000e+00
1.851695556640625000e+02 3.135559082031250000e+00 0.000000000000000000e+00
1.851629638671875000e+02 3.096313476562500000e+00 0.000000000000000000e+00
1.851973876953125000e+02 3.121643066406250000e+00 0.000000000000000000e+00
1.851858520507812500e+02 3.200012207031250000e+00 0.000000000000000000e+00
1.851751708984375000e+02 3.163330078125000000e+00 0.000000000000000000e+00
1.852902832031250000e+02 3.066894531250000000e+00 0.000000000000000000e+00
1.853353271484375000e+02 3.082397460937500000e+00 0.000000000000000000e+00
1.854249267578125000e+02 3.091369628906250000e+00 0.000000000000000000e+00
1.855276489257812500e+02 3.193359375000000000e+00 0.000000000000000000e+00
1.855244750976562500e+02 3.150024414062500000e+00 0.000000000000000000e+00
1.855147094726562500e+02 3.211303710937500000e+00 0.000000000000000000e+00
1.854409790039062500e+02 3.306274414062500000e+00 0.000000000000000000e+00
1.854707641601562500e+02 3.391662597656250000e+00 0.000000000000000000e+00
1.855559692382812500e+02 3.383422851562500000e+00 0.000000000000000000e+00
1.854939575195312500e+02 3.445312500000000000e+00 0.000000000000000000e+00
1.854069213867187500e+02 3.397766113281250000e+00 0.000000000000000000e+00
1.853621826171875000e+02 3.439941406250000000e+00 0.000000000000000000e+00
1.851047363281250000e+02 3.330017089843750000e+00 0.000000000000000000e+00
1.846803588867187500e+02 3.178771972656250000e+00 0.000000000000000000e+00
1.845234375000000000e+02 2.970642089843750000e+00 0.000000000000000000e+00
1.846806030273437500e+02 2.895019531250000000e+00 0.000000000000000000e+00
1.848437500000000000e+02 2.909973144531250000e+00 0.000000000000000000e+00
1.850836791992187500e+02 2.854431152343750000e+00 0.000000000000000000e+00
1.850830688476562500e+02 2.926391601562500000e+00 0.000000000000000000e+00
1.849657592773437500e+02 2.999023437500000000e+00 0.000000000000000000e+00
1.849046020507812500e+02 3.080261230468750000e+00 0.000000000000000000e+00
1.849183349609375000e+02 3.171752929687500000e+00 0.000000000000000000e+00
1.848858032226562500e+02 3.138427734375000000e+00 0.000000000000000000e+00
1.847828979492187500e+02 3.132019042968750000e+00 0.000000000000000000e+00
1.849134521484375000e+02 3.039794921875000000e+00 0.000000000000000000e+00
1.849050903320312500e+02 2.971984863281250000e+00 0.000000000000000000e+00
1.850622558593750000e+02 2.783081054687500000e+00 0.000000000000000000e+00
1.851101684570312500e+02 2.894470214843750000e+00 0.000000000000000000e+00
1.851197509765625000e+02 2.772766113281250000e+00 0.000000000000000000e+00
1.850133056640625000e+02 2.848999023437500000e+00 0.000000000000000000e+00
1.849216918945312500e+02 2.913391113281250000e+00 0.000000000000000000e+00
1.848380126953125000e+02 2.950927734375000000e+00 0.000000000000000000e+00
1.848597412109375000e+02 2.990966796875000000e+00 0.000000000000000000e+00
1.848118286132812500e+02 3.059875488281250000e+00 0.000000000000000000e+00
1.848431396484375000e+02 3.048034667968750000e+00 0.000000000000000000e+00
1.850364379882812500e+02 2.985412597656250000e+00 0.000000000000000000e+00
1.850833129882812500e+02 3.077758789062500000e+00 0.000000000000000000e+00
1.851032104492187500e+02 3.029907226562500000e+00 0.000000000000000000e+00
1.852708129882812500e+02 3.087707519531250000e+00 0.000000000000000000e+00
1.851881713867187500e+02 3.138488769531250000e+00 0.000000000000000000e+00
1.851630859375000000e+02 3.189453125000000000e+00 0.000000000000000000e+00
1.851546020507812500e+02 3.215393066406250000e+00 0.000000000000000000e+00
1.851442260742187500e+02 3.193298339843750000e+00 0.000000000000000000e+00
1.851392211914062500e+02 3.209655761718750000e+00 0.000000000000000000e+00
1.851971435546875000e+02 3.158264160156250000e+00 0.000000000000000000e+00
1.853278808593750000e+02 3.165161132812500000e+00 0.000000000000000000e+00
1.853097534179687500e+02 3.203186035156250000e+00 0.000000000000000000e+00
1.853722534179687500e+02 3.228454589843750000e+00 0.000000000000000000e+00
1.854043579101562500e+02 3.242736816406250000e+00 0.000000000000000000e+00
1.853919677734375000e+02 3.344543457031250000e+00 0.000000000000000000e+00
1.854027709960937500e+02 3.355651855468750000e+00 0.000000000000000000e+00
1.853695678710937500e+02 3.374816894531250000e+00 0.000000000000000000e+00
1.852652587890625000e+02 3.306457519531250000e+00 0.000000000000000000e+00
1.848134155273437500e+02 3.081176757812500000e+00 0.000000000000000000e+00
1.847226562500000000e+02 2.882995605468750000e+00 0.000000000000000000e+00
1.845446777343750000e+02 2.892578125000000000e+00 0.000000000000000000e+00
1.845532226562500000e+02 2.929687500000000000e+00 0.000000000000000000e+00
1.845703735351562500e+02 2.898254394531250000e+00 0.000000000000000000e+00
1.846668701171875000e+02 2.895141601562500000e+00 0.000000000000000000e+00
1.847548828125000000e+02 2.904113769531250000e+00 0.000000000000000000e+00
1.848269042968750000e+02 2.924011230468750000e+00 0.000000000000000000e+00
1.848927001953125000e+02 2.982299804687500000e+00 0.000000000000000000e+00
1.848868408203125000e+02 3.008361816406250000e+00 0.000000000000000000e+00
1.848905639648437500e+02 3.079650878906250000e+00 0.000000000000000000e+00
1.848676147460937500e+02 2.978454589843750000e+00 0.000000000000000000e+00
1.848815917968750000e+02 2.961364746093750000e+00 0.000000000000000000e+00
1.848924560546875000e+02 2.988403320312500000e+00 0.000000000000000000e+00
1.848724975585937500e+02 2.943603515625000000e+00 0.000000000000000000e+00
1.849441528320312500e+02 2.935180664062500000e+00 0.000000000000000000e+00
1.849161376953125000e+02 3.012145996093750000e+00 0.000000000000000000e+00
1.850233154296875000e+02 3.038757324218750000e+00 0.000000000000000000e+00
1.850381469726562500e+02 3.053710937500000000e+00 0.000000000000000000e+00
1.850717163085937500e+02 3.026367187500000000e+00 0.000000000000000000e+00
1.851602172851562500e+02 3.072937011718750000e+00 0.000000000000000000e+00
1.852282714843750000e+02 3.126403808593750000e+00 0.000000000000000000e+00
1.853033447265625000e+02 3.208190917968750000e+00 0.000000000000000000e+00
1.853664550781250000e+02 3.251586914062500000e+00 0.000000000000000000e+00
1.853284301757812500e+02 3.219726562500000000e+00 0.000000000000000000e+00
1.853969116210937500e+02 3.204467773437500000e+00 0.000000000000000000e+00
1.854437866210937500e+02 3.236999511718750000e+00 0.000000000000000000e+00
1.853723144531250000e+02 3.327819824218750000e+00 0.000000000000000000e+00
1.853842163085937500e+02 3.289855957031250000e+00 0.000000000000000000e+00
1.853889160156250000e+02 3.379516601562500000e+00 0.000000000000000000e+00
1.853944091796875000e+02 3.353393554687500000e+00 0.000000000000000000e+00
1.853844604492187500e+02 3.280090332031250000e+00 0.000000000000000000e+00
1.854274902343750000e+02 3.396057128906250000e+00 0.000000000000000000e+00
1.854641723632812500e+02 3.458862304687500000e+00 0.000000000000000000e+00
1.853770141601562500e+02 3.561035156250000000e+00 0.000000000000000000e+00
1.854427490234375000e+02 3.530517578125000000e+00 0.000000000000000000e+00
1.854479370117187500e+02 3.629516601562500000e+00 0.000000000000000000e+00
1.854376831054687500e+02 3.559143066406250000e+00 0.000000000000000000e+00
1.853508300781250000e+02 3.416931152343750000e+00 0.000000000000000000e+00
1.851075439453125000e+02 3.220642089843750000e+00 0.000000000000000000e+00
1.849611816406250000e+02 3.060241699218750000e+00 0.000000000000000000e+00
1.848178100585937500e+02 3.138122558593750000e+00 0.000000000000000000e+00
1.848733520507812500e+02 3.187500000000000000e+00 0.000000000000000000e+00
1.849762573242187500e+02 3.193847656250000000e+00 0.000000000000000000e+00
1.850356445312500000e+02 3.281738281250000000e+00 0.000000000000000000e+00
1.849343261718750000e+02 3.334838867187500000e+00 0.000000000000000000e+00
1.850281982421875000e+02 3.380310058593750000e+00 0.000000000000000000e+00
1.850961303710937500e+02 3.345031738281250000e+00 0.000000000000000000e+00
1.851348266601562500e+02 3.404602050781250000e+00 0.000000000000000000e+00
1.851760253906250000e+02 3.331176757812500000e+00 0.000000000000000000e+00
1.851044311523437500e+02 3.293762207031250000e+00 0.000000000000000000e+00
1.850921630859375000e+02 3.291625976562500000e+00 0.000000000000000000e+00
1.851550903320312500e+02 3.304931640625000000e+00 0.000000000000000000e+00
1.850936279296875000e+02 3.271179199218750000e+00 0.000000000000000000e+00
1.850851440429687500e+02 3.250793457031250000e+00 0.000000000000000000e+00
1.850251464843750000e+02 3.317626953125000000e+00 0.000000000000000000e+00
1.851319580078125000e+02 3.324523925781250000e+00 0.000000000000000000e+00
1.851301879882812500e+02 3.349121093750000000e+00 0.000000000000000000e+00
1.851813964843750000e+02 3.347656250000000000e+00 0.000000000000000000e+00
1.852985229492187500e+02 3.380249023437500000e+00 0.000000000000000000e+00
1.853533325195312500e+02 3.460266113281250000e+00 0.000000000000000000e+00
1.854654541015625000e+02 3.377563476562500000e+00 0.000000000000000000e+00
1.855532226562500000e+02 3.368652343750000000e+00 0.000000000000000000e+00
1.856578979492187500e+02 3.425964355468750000e+00 0.000000000000000000e+00
1.856353149414062500e+02 3.371093750000000000e+00 0.000000000000000000e+00
1.856945190429687500e+02 3.331909179687500000e+00 0.000000000000000000e+00
1.857521972656250000e+02 3.349060058593750000e+00 0.000000000000000000e+00
1.857178955078125000e+02 3.593627929687500000e+00 0.000000000000000000e+00
1.857510375976562500e+02 3.449584960937500000e+00 0.000000000000000000e+00
1.858334350585937500e+02 3.407958984375000000e+00 0.000000000000000000e+00
1.859061889648437500e+02 3.520019531250000000e+00 0.000000000000000000e+00
1.860745239257812500e+02 3.520141601562500000e+00 0.000000000000000000e+00
1.861380615234375000e+02 3.539428710937500000e+00 0.000000000000000000e+00
1.861147460937500000e+02 3.527221679687500000e+00 0.000000000000000000e+00
1.861496582031250000e+02 3.680480957031250000e+00 0.000000000000000000e+00
1.861784057617187500e+02 3.644042968750000000e+00 0.000000000000000000e+00
1.861838989257812500e+02 3.660888671875000000e+00 0.000000000000000000e+00
1.858563232421875000e+02 3.340698242187500000e+00 0.000000000000000000e+00
1.855321655273437500e+02 3.005493164062500000e+00 0.000000000000000000e+00
1.854288940429687500e+02 2.870239257812500000e+00 0.000000000000000000e+00
1.853828125000000000e+02 2.803100585937500000e+00 0.000000000000000000e+00
1.852800292968750000e+02 2.933166503906250000e+00 0.000000000000000000e+00
1.852817993164062500e+02 3.041503906250000000e+00 0.000000000000000000e+00
1.852952270507812500e+02 3.040100097656250000e+00 0.000000000000000000e+00
1.852010498046875000e+02 3.148193359375000000e+00 0.000000000000000000e+00
1.851705322265625000e+02 3.186279296875000000e+00 0.000000000000000000e+00
1.852514038085937500e+02 3.250488281250000000e+00 0.000000000000000000e+00
1.854240722656250000e+02 3.242492675781250000e+00 0.000000000000000000e+00
1.854405517578125000e+02 3.304931640625000000e+00 0.000000000000000000e+00
1.854019165039062500e+02 3.379882812500000000e+00 0.000000000000000000e+00
1.853905639648437500e+02 3.366821289062500000e+00 0.000000000000000000e+00
1.853668212890625000e+02 3.260253906250000000e+00 0.000000000000000000e+00
1.854104614257812500e+02 3.245300292968750000e+00 0.000000000000000000e+00
1.854904174804687500e+02 3.282653808593750000e+00 0.000000000000000000e+00
1.856458129882812500e+02 3.203552246093750000e+00 0.000000000000000000e+00
1.856474609375000000e+02 3.174316406250000000e+00 0.000000000000000000e+00
1.855454101562500000e+02 3.220458984375000000e+00 0.000000000000000000e+00
1.853311157226562500e+02 3.291931152343750000e+00 0.000000000000000000e+00
1.853174438476562500e+02 3.302673339843750000e+00 0.000000000000000000e+00
1.854143676757812500e+02 3.313171386718750000e+00 0.000000000000000000e+00
1.854981079101562500e+02 3.318969726562500000e+00 0.000000000000000000e+00
1.854536132812500000e+02 3.387634277343750000e+00 0.000000000000000000e+00
1.854700317382812500e+02 3.408386230468750000e+00 0.000000000000000000e+00
1.855158691406250000e+02 3.462341308593750000e+00 0.000000000000000000e+00
1.855794677734375000e+02 3.504150390625000000e+00 0.000000000000000000e+00
1.855382080078125000e+02 3.516479492187500000e+00 0.000000000000000000e+00
1.856776733398437500e+02 3.473693847656250000e+00 0.000000000000000000e+00
1.858106079101562500e+02 3.394470214843750000e+00 0.000000000000000000e+00
1.859082031250000000e+02 3.416015625000000000e+00 0.000000000000000000e+00
1.858845825195312500e+02 3.444580078125000000e+00 0.000000000000000000e+00
1.858828735351562500e+02 3.509277343750000000e+00 0.000000000000000000e+00
1.859334106445312500e+02 3.591369628906250000e+00 0.000000000000000000e+00
1.860729980468750000e+02 3.509338378906250000e+00 0.000000000000000000e+00
1.860453491210937500e+02 3.513122558593750000e+00 0.000000000000000000e+00
1.861314697265625000e+02 3.564270019531250000e+00 0.000000000000000000e+00
1.860773315429687500e+02 3.588989257812500000e+00 0.000000000000000000e+00
1.858529052734375000e+02 3.426879882812500000e+00 0.000000000000000000e+00
1.855446166992187500e+02 3.006347656250000000e+00 0.000000000000000000e+00
1.853827514648437500e+02 2.908020019531250000e+00 0.000000000000000000e+00
1.853604125976562500e+02 2.894470214843750000e+00 0.000000000000000000e+00
1.853148803710937500e+02 3.008117675781250000e+00 0.000000000000000000e+00
1.854133911132812500e+02 3.077514648437500000e+00 0.000000000000000000e+00
1.854677734375000000e+02 3.105163574218750000e+00 0.000000000000000000e+00
1.854782104492187500e+02 3.104248046875000000e+00 0.000000000000000000e+00
1.855872192382812500e+02 3.126037597656250000e+00 0.000000000000000000e+00
1.855916137695312500e+02 3.160156250000000000e+00 0.000000000000000000e+00
1.855542602539062500e+02 3.157836914062500000e+00 0.000000000000000000e+00
1.854937133789062500e+02 3.080749511718750000e+00 0.000000000000000000e+00
1.854578857421875000e+02 3.047790527343750000e+00 0.000000000000000000e+00
1.853941650390625000e+02 3.035461425781250000e+00 0.000000000000000000e+00
1.853598022460937500e+02 3.067687988281250000e+00 0.000000000000000000e+00
1.851547851562500000e+02 3.090759277343750000e+00 0.000000000000000000e+00
1.850928344726562500e+02 3.273498535156250000e+00 0.000000000000000000e+00
1.850438842773437500e+02 3.319030761718750000e+00 0.000000000000000000e+00
1.850909423828125000e+02 3.215881347656250000e+00 0.000000000000000000e+00
1.850999145507812500e+02 3.266174316406250000e+00 0.000000000000000000e+00
1.851403808593750000e+02 3.345520019531250000e+00 0.000000000000000000e+00
1.851887207031250000e+02 3.361267089843750000e+00 0.000000000000000000e+00
1.853165893554687500e+02 3.386901855468750000e+00 0.000000000000000000e+00
1.852436523437500000e+02 3.387390136718750000e+00 0.000000000000000000e+00
1.852917480468750000e+02 3.368530273437500000e+00 0.000000000000000000e+00
1.853142089843750000e+02 3.407836914062500000e+00 0.000000000000000000e+00
1.853909301757812500e+02 3.396545410156250000e+00 0.000000000000000000e+00
1.853845825195312500e+02 3.377014160156250000e+00 0.000000000000000000e+00
1.855420532226562500e+02 3.305480957031250000e+00 0.000000000000000000e+00
1.855328369140625000e+02 3.191833496093750000e+00 0.000000000000000000e+00
1.856422119140625000e+02 3.247924804687500000e+00 0.000000000000000000e+00
1.856306152343750000e+02 3.278381347656250000e+00 0.000000000000000000e+00
1.857135620117187500e+02 3.313171386718750000e+00 0.000000000000000000e+00
1.857957153320312500e+02 3.345275878906250000e+00 0.000000000000000000e+00
1.858654785156250000e+02 3.378967285156250000e+00 0.000000000000000000e+00
1.858245239257812500e+02 3.394104003906250000e+00 0.000000000000000000e+00
1.857892456054687500e+02 3.490722656250000000e+00 0.000000000000000000e+00
1.858037109375000000e+02 3.497375488281250000e+00 0.000000000000000000e+00
1.854183349609375000e+02 3.430664062500000000e+00 0.000000000000000000e+00
1.850540771484375000e+02 3.143859863281250000e+00 0.000000000000000000e+00
1.848621826171875000e+02 2.979125976562500000e+00 0.000000000000000000e+00
1.848169555664062500e+02 2.931457519531250000e+00 0.000000000000000000e+00
1.847507934570312500e+02 2.945617675781250000e+00 0.000000000000000000e+00
1.848168334960937500e+02 2.944458007812500000e+00 0.000000000000000000e+00
1.848521728515625000e+02 2.999633789062500000e+00 0.000000000000000000e+00
1.849023437500000000e+02 2.995605468750000000e+00 0.000000000000000000e+00
1.849842529296875000e+02 3.087524414062500000e+00 0.000000000000000000e+00
1.848324584960937500e+02 3.110168457031250000e+00 0.000000000000000000e+00
1.848029174804687500e+02 3.168151855468750000e+00 0.000000000000000000e+00
1.847339477539062500e+02 3.155761718750000000e+00 0.000000000000000000e+00
1.847250366210937500e+02 3.069763183593750000e+00 0.000000000000000000e+00
1.847531127929687500e+02 3.004516601562500000e+00 0.000000000000000000e+00
1.847883911132812500e+02 2.988342285156250000e+00 0.000000000000000000e+00
1.849136962890625000e+02 2.951965332031250000e+00 0.000000000000000000e+00
1.848403320312500000e+02 3.014465332031250000e+00 0.000000000000000000e+00
1.848361206054687500e+02 3.085937500000000000e+00 0.000000000000000000e+00
1.848519897460937500e+02 3.051208496093750000e+00 0.000000000000000000e+00
1.848676757812500000e+02 3.069152832031250000e+00 0.000000000000000000e+00
1.849066772460937500e+02 3.096008300781250000e+00 0.000000000000000000e+00
1.848829956054687500e+02 3.100341796875000000e+00 0.000000000000000000e+00
1.848956298828125000e+02 3.141113281250000000e+00 0.000000000000000000e+00
1.848939208984375000e+02 3.182617187500000000e+00 0.000000000000000000e+00
1.849489746093750000e+02 3.177490234375000000e+00 0.000000000000000000e+00
1.850417480468750000e+02 3.191772460937500000e+00 0.000000000000000000e+00
1.850452270507812500e+02 3.164489746093750000e+00 0.000000000000000000e+00
1.850223388671875000e+02 3.198120117187500000e+00 0.000000000000000000e+00
1.850099487304687500e+02 3.242248535156250000e+00 0.000000000000000000e+00
1.849856567382812500e+02 3.227294921875000000e+00 0.000000000000000000e+00
1.849589843750000000e+02 3.159362792968750000e+00 0.000000000000000000e+00
1.849205322265625000e+02 3.240417480468750000e+00 0.000000000000000000e+00
1.849328002929687500e+02 3.208618164062500000e+00 0.000000000000000000e+00
1.850242919921875000e+02 3.199523925781250000e+00 0.000000000000000000e+00
1.851091308593750000e+02 3.227966308593750000e+00 0.000000000000000000e+00
1.852186279296875000e+02 3.236022949218750000e+00 0.000000000000000000e+00
1.853536376953125000e+02 3.201538085937500000e+00 0.000000000000000000e+00
1.854445190429687500e+02 3.243041992187500000e+00 0.000000000000000000e+00
1.852785034179687500e+02 3.006958007812500000e+00 0.000000000000000000e+00
1.849643554687500000e+02 2.821350097656250000e+00 0.000000000000000000e+00
1.847936401367187500e+02 2.707946777343750000e+00 0.000000000000000000e+00
1.847409667968750000e+02 2.644104003906250000e+00 0.000000000000000000e+00
1.847143554687500000e+02 2.665527343750000000e+00 0.000000000000000000e+00
1.845792846679687500e+02 2.705200195312500000e+00 0.000000000000000000e+00
1.845420532226562500e+02 2.846496582031250000e+00 0.000000000000000000e+00
1.845689697265625000e+02 2.867858886718750000e+00 0.000000000000000000e+00
1.845063476562500000e+02 2.838012695312500000e+00 0.000000000000000000e+00
1.844433593750000000e+02 2.901000976562500000e+00 0.000000000000000000e+00
1.842140502929687500e+02 2.909790039062500000e+00 0.000000000000000000e+00
1.840195312500000000e+02 2.839172363281250000e+00 0.000000000000000000e+00
1.839224853515625000e+02 2.750122070312500000e+00 0.000000000000000000e+00
1.837463378906250000e+02 2.776062011718750000e+00 0.000000000000000000e+00
1.838321533203125000e+02 2.615905761718750000e+00 0.000000000000000000e+00
1.838294677734375000e+02 2.761657714843750000e+00 0.000000000000000000e+00
1.839444580078125000e+02 2.784851074218750000e+00 0.000000000000000000e+00
1.841348876953125000e+02 2.821899414062500000e+00 0.000000000000000000e+00
1.843044433593750000e+02 2.873657226562500000e+00 0.000000000000000000e+00
1.844789428710937500e+02 3.093200683593750000e+00 0.000000000000000000e+00
