1.907276000976562500e+02 5.943664550781250000e+00 0.000000000000000000e+00
1.907066040039062500e+02 5.921142578125000000e+00 0.000000000000000000e+00
1.907066040039062500e+02 5.921142578125000000e+00 0.000000000000000000e+00
1.905974731445312500e+02 5.809326171875000000e+00 0.000000000000000000e+00
1.899470214843750000e+02 5.703308105468750000e+00 0.000000000000000000e+00
1.893662719726562500e+02 5.646972656250000000e+00 0.000000000000000000e+00
1.887185058593750000e+02 5.741943359375000000e+00 0.000000000000000000e+00
1.884882812500000000e+02 5.834411621093750000e+00 0.000000000000000000e+00
1.882718505859375000e+02 5.958801269531250000e+00 0.000000000000000000e+00
1.881422119140625000e+02 5.964050292968750000e+00 0.000000000000000000e+00
1.882039184570312500e+02 6.177246093750000000e+00 0.000000000000000000e+00
1.883077392578125000e+02 6.314392089843750000e+00 0.000000000000000000e+00
1.884127197265625000e+02 6.408996582031250000e+00 0.000000000000000000e+00
1.883711547851562500e+02 6.174926757812500000e+00 0.000000000000000000e+00
1.882503662109375000e+02 6.079345703125000000e+00 0.000000000000000000e+00
1.881030883789062500e+02 5.968200683593750000e+00 0.000000000000000000e+00
1.881396484375000000e+02 6.019653320312500000e+00 0.000000000000000000e+00
1.881006469726562500e+02 5.893432617187500000e+00 0.000000000000000000e+00
1.881106567382812500e+02 5.955932617187500000e+00 0.000000000000000000e+00
1.882022705078125000e+02 5.827209472656250000e+00 0.000000000000000000e+00
1.881692504882812500e+02 5.955200195312500000e+00 0.000000000000000000e+00
1.881427001953125000e+02 6.004638671875000000e+00 0.000000000000000000e+00
1.881892089843750000e+02 5.968627929687500000e+00 0.000000000000000000e+00
1.881859130859375000e+02 5.918090820312500000e+00 0.000000000000000000e+00
1.881989135742187500e+02 5.900390625000000000e+00 0.000000000000000000e+00
1.881464843750000000e+02 5.860900878906250000e+00 0.000000000000000000e+00
1.880935058593750000e+02 5.845214843750000000e+00 0.000000000000000000e+00
1.881230468750000000e+02 5.713256835937500000e+00 0.000000000000000000e+00
1.880245971679687500e+02 5.717163085937500000e+00 0.000000000000000000e+00
1.879821777343750000e+02 5.719726562500000000e+00 0.000000000000000000e+00
1.878928222656250000e+02 5.703308105468750000e+00 0.000000000000000000e+00
1.879031372070312500e+02 5.712036132812500000e+00 0.000000000000000000e+00
1.878541870117187500e+02 5.822326660156250000e+00 0.000000000000000000e+00
1.878997192382812500e+02 5.833923339843750000e+00 0.000000000000000000e+00
1.879002075195312500e+02 5.844970703125000000e+00 0.000000000000000000e+00
1.879665527343750000e+02 5.921936035156250000e+00 0.000000000000000000e+00
1.879581909179687500e+02 5.982543945312500000e+00 0.000000000000000000e+00
1.880266723632812500e+02 6.008178710937500000e+00 0.000000000000000000e+00
1.880117797851562500e+02 5.944396972656250000e+00 0.000000000000000000e+00
1.881459960937500000e+02 5.913879394531250000e+00 0.000000000000000000e+00
1.882348632812500000e+02 5.848815917968750000e+00 0.000000000000000000e+00
1.883378906250000000e+02 5.877563476562500000e+00 0.000000000000000000e+00
1.884775390625000000e+02 6.130371093750000000e+00 0.000000000000000000e+00
1.885561523437500000e+02 6.185791015625000000e+00 0.000000000000000000e+00
1.886069335937500000e+02 6.208312988281250000e+00 0.000000000000000000e+00
1.885391845703125000e+02 6.196655273437500000e+00 0.000000000000000000e+00
1.885634765625000000e+02 6.135498046875000000e+00 0.000000000000000000e+00
1.884969482421875000e+02 6.009399414062500000e+00 0.000000000000000000e+00
1.884174804687500000e+02 5.759338378906250000e+00 0.000000000000000000e+00
1.884152832031250000e+02 5.521179199218750000e+00 0.000000000000000000e+00
1.881800537109375000e+02 5.284362792968750000e+00 0.000000000000000000e+00
1.881240234375000000e+02 5.200805664062500000e+00 0.000000000000000000e+00
1.880515136718750000e+02 5.326843261718750000e+00 0.000000000000000000e+00
1.879299926757812500e+02 5.376770019531250000e+00 0.000000000000000000e+00
1.879522705078125000e+02 5.522705078125000000e+00 0.000000000000000000e+00
1.877457275390625000e+02 5.394836425781250000e+00 0.000000000000000000e+00
1.875222167968750000e+02 5.240783691406250000e+00 0.000000000000000000e+00
1.877158813476562500e+02 5.162475585937500000e+00 0.000000000000000000e+00
1.877896118164062500e+02 5.302062988281250000e+00 0.000000000000000000e+00
1.878991088867187500e+02 5.529113769531250000e+00 0.000000000000000000e+00
1.882067871093750000e+02 5.823425292968750000e+00 0.000000000000000000e+00
1.881779174804687500e+02 5.927917480468750000e+00 0.000000000000000000e+00
1.882807617187500000e+02 6.086791992187500000e+00 0.000000000000000000e+00
1.883587646484375000e+02 6.339050292968750000e+00 0.000000000000000000e+00
1.885057983398437500e+02 6.476623535156250000e+00 0.000000000000000000e+00
1.886042480468750000e+02 6.462951660156250000e+00 0.000000000000000000e+00
1.886671752929687500e+02 6.430725097656250000e+00 0.000000000000000000e+00
1.890264282226562500e+02 6.266540527343750000e+00 0.000000000000000000e+00
1.890659179687500000e+02 6.261169433593750000e+00 0.000000000000000000e+00
1.892437133789062500e+02 6.216796875000000000e+00 0.000000000000000000e+00
1.894383544921875000e+02 6.179931640625000000e+00 0.000000000000000000e+00
1.896303710937500000e+02 6.152221679687500000e+00 0.000000000000000000e+00
1.895604858398437500e+02 6.156555175781250000e+00 0.000000000000000000e+00
1.895651855468750000e+02 6.155151367187500000e+00 0.000000000000000000e+00
1.895684204101562500e+02 6.085021972656250000e+00 0.000000000000000000e+00
1.896724243164062500e+02 5.998596191406250000e+00 0.000000000000000000e+00
1.897894287109375000e+02 6.108520507812500000e+00 0.000000000000000000e+00
1.898393554687500000e+02 6.523010253906250000e+00 0.000000000000000000e+00
1.899077148437500000e+02 6.595458984375000000e+00 0.000000000000000000e+00
1.899017333984375000e+02 6.906677246093750000e+00 0.000000000000000000e+00
1.901176147460937500e+02 7.111633300781250000e+00 0.000000000000000000e+00
1.902116088867187500e+02 7.205139160156250000e+00 0.000000000000000000e+00
1.900940551757812500e+02 7.570495605468750000e+00 0.000000000000000000e+00
1.902356567382812500e+02 7.622131347656250000e+00 0.000000000000000000e+00
1.902260131835937500e+02 7.606872558593750000e+00 0.000000000000000000e+00
1.901735839843750000e+02 7.475891113281250000e+00 0.000000000000000000e+00
1.900311889648437500e+02 7.266235351562500000e+00 0.000000000000000000e+00
1.897821655273437500e+02 7.121948242187500000e+00 0.000000000000000000e+00
1.896944580078125000e+02 6.857360839843750000e+00 0.000000000000000000e+00
1.893563842773437500e+02 6.439697265625000000e+00 0.000000000000000000e+00
1.892947998046875000e+02 6.366088867187500000e+00 0.000000000000000000e+00
1.891536865234375000e+02 6.284057617187500000e+00 0.000000000000000000e+00
1.891322631835937500e+02 6.332458496093750000e+00 0.000000000000000000e+00
1.891837768554687500e+02 6.504699707031250000e+00 0.000000000000000000e+00
1.892499389648437500e+02 6.639343261718750000e+00 0.000000000000000000e+00
1.892481689453125000e+02 6.604187011718750000e+00 0.000000000000000000e+00
1.893960571289062500e+02 6.561767578125000000e+00 0.000000000000000000e+00
1.892740478515625000e+02 6.566101074218750000e+00 0.000000000000000000e+00
1.893820800781250000e+02 6.616516113281250000e+00 0.000000000000000000e+00
1.894706420898437500e+02 6.515563964843750000e+00 0.000000000000000000e+00
1.894086914062500000e+02 6.510925292968750000e+00 0.000000000000000000e+00
1.892626953125000000e+02 6.439514160156250000e+00 0.000000000000000000e+00
1.893257446289062500e+02 6.326354980468750000e+00 0.000000000000000000e+00
1.892020263671875000e+02 6.268493652343750000e+00 0.000000000000000000e+00
1.891626586914062500e+02 6.017700195312500000e+00 0.000000000000000000e+00
1.891187744140625000e+02 6.042297363281250000e+00 0.000000000000000000e+00
1.891750488281250000e+02 6.023559570312500000e+00 0.000000000000000000e+00
1.893682861328125000e+02 6.174316406250000000e+00 0.000000000000000000e+00
1.891734619140625000e+02 6.206176757812500000e+00 0.000000000000000000e+00
1.889919433593750000e+02 5.981506347656250000e+00 0.000000000000000000e+00
1.888941040039062500e+02 5.892639160156250000e+00 0.000000000000000000e+00
1.887276611328125000e+02 6.105834960937500000e+00 0.000000000000000000e+00
1.886987304687500000e+02 6.183715820312500000e+00 0.000000000000000000e+00
1.885606079101562500e+02 5.985900878906250000e+00 0.000000000000000000e+00
1.885103759765625000e+02 5.885375976562500000e+00 0.000000000000000000e+00
1.884730834960937500e+02 5.937500000000000000e+00 0.000000000000000000e+00
1.885537109375000000e+02 6.060302734375000000e+00 0.000000000000000000e+00
1.885284423828125000e+02 6.067626953125000000e+00 0.000000000000000000e+00
1.883415527343750000e+02 6.050659179687500000e+00 0.000000000000000000e+00
1.883345947265625000e+02 5.846435546875000000e+00 0.000000000000000000e+00
1.880367431640625000e+02 5.720031738281250000e+00 0.000000000000000000e+00
1.880064697265625000e+02 5.701049804687500000e+00 0.000000000000000000e+00
1.879561767578125000e+02 5.651611328125000000e+00 0.000000000000000000e+00
1.879490966796875000e+02 5.597717285156250000e+00 0.000000000000000000e+00
1.880663452148437500e+02 5.555847167968750000e+00 0.000000000000000000e+00
1.879730834960937500e+02 5.429809570312500000e+00 0.000000000000000000e+00
1.879234619140625000e+02 5.333068847656250000e+00 0.000000000000000000e+00
1.878775024414062500e+02 5.586181640625000000e+00 0.000000000000000000e+00
1.880852661132812500e+02 5.731811523437500000e+00 0.000000000000000000e+00
1.882446289062500000e+02 5.927734375000000000e+00 0.000000000000000000e+00
1.882808227539062500e+02 6.039855957031250000e+00 0.000000000000000000e+00
1.882266235351562500e+02 6.250488281250000000e+00 0.000000000000000000e+00
1.884753417968750000e+02 6.174621582031250000e+00 0.000000000000000000e+00
1.886836547851562500e+02 6.212890625000000000e+00 0.000000000000000000e+00
1.888570556640625000e+02 6.167114257812500000e+00 0.000000000000000000e+00
1.888074340820312500e+02 6.047180175781250000e+00 0.000000000000000000e+00
1.889248657226562500e+02 6.108154296875000000e+00 0.000000000000000000e+00
1.890748901367187500e+02 6.440124511718750000e+00 0.000000000000000000e+00
1.892160034179687500e+02 6.434814453125000000e+00 0.000000000000000000e+00
1.890377807617187500e+02 6.413330078125000000e+00 0.000000000000000000e+00
1.891112060546875000e+02 6.320983886718750000e+00 0.000000000000000000e+00
1.890659179687500000e+02 6.386413574218750000e+00 0.000000000000000000e+00
1.891260375976562500e+02 6.356384277343750000e+00 0.000000000000000000e+00
1.891386718750000000e+02 6.256896972656250000e+00 0.000000000000000000e+00
1.892111206054687500e+02 6.287109375000000000e+00 0.000000000000000000e+00
1.895949096679687500e+02 6.592346191406250000e+00 0.000000000000000000e+00
1.898613891601562500e+02 6.905090332031250000e+00 0.000000000000000000e+00
1.900579223632812500e+02 7.143859863281250000e+00 0.000000000000000000e+00
1.902755126953125000e+02 7.361816406250000000e+00 0.000000000000000000e+00
1.905234985351562500e+02 7.406921386718750000e+00 0.000000000000000000e+00
1.907565917968750000e+02 7.674926757812500000e+00 0.000000000000000000e+00
1.906797485351562500e+02 7.611389160156250000e+00 0.000000000000000000e+00
1.908851928710937500e+02 7.432312011718750000e+00 0.000000000000000000e+00
1.911054077148437500e+02 7.585998535156250000e+00 0.000000000000000000e+00
1.912114868164062500e+02 7.409790039062500000e+00 0.000000000000000000e+00
1.912188720703125000e+02 7.246032714843750000e+00 0.000000000000000000e+00
1.912089843750000000e+02 7.143432617187500000e+00 0.000000000000000000e+00
1.911237182617187500e+02 7.173889160156250000e+00 0.000000000000000000e+00
1.912526855468750000e+02 7.157043457031250000e+00 0.000000000000000000e+00
1.915654296875000000e+02 7.385925292968750000e+00 0.000000000000000000e+00
1.916849975585937500e+02 7.619079589843750000e+00 0.000000000000000000e+00
1.916957397460937500e+02 7.726562500000000000e+00 0.000000000000000000e+00
1.918981323242187500e+02 7.799133300781250000e+00 0.000000000000000000e+00
1.919162597656250000e+02 7.881530761718750000e+00 0.000000000000000000e+00
1.919644165039062500e+02 8.004150390625000000e+00 0.000000000000000000e+00
1.919821777343750000e+02 8.025756835937500000e+00 0.000000000000000000e+00
1.919990234375000000e+02 8.137817382812500000e+00 0.000000000000000000e+00
1.919163208007812500e+02 8.073425292968750000e+00 0.000000000000000000e+00
1.919046020507812500e+02 7.976440429687500000e+00 0.000000000000000000e+00
1.919322509765625000e+02 7.906738281250000000e+00 0.000000000000000000e+00
1.918851928710937500e+02 7.981079101562500000e+00 0.000000000000000000e+00
1.919876098632812500e+02 7.984863281250000000e+00 0.000000000000000000e+00
1.920656738281250000e+02 8.009826660156250000e+00 0.000000000000000000e+00
1.922108764648437500e+02 8.047119140625000000e+00 0.000000000000000000e+00
1.923940429687500000e+02 8.121337890625000000e+00 0.000000000000000000e+00
1.925112915039062500e+02 8.265014648437500000e+00 0.000000000000000000e+00
1.925913085937500000e+02 8.278320312500000000e+00 0.000000000000000000e+00
1.925530395507812500e+02 8.505126953125000000e+00 0.000000000000000000e+00
1.925622558593750000e+02 8.577941894531250000e+00 0.000000000000000000e+00
1.926392822265625000e+02 8.531494140625000000e+00 0.000000000000000000e+00
1.922980346679687500e+02 8.552978515625000000e+00 0.000000000000000000e+00
1.921532592773437500e+02 8.435119628906250000e+00 0.000000000000000000e+00
1.922309570312500000e+02 8.420959472656250000e+00 0.000000000000000000e+00
1.921298217773437500e+02 8.269226074218750000e+00 0.000000000000000000e+00
1.921595458984375000e+02 8.039855957031250000e+00 0.000000000000000000e+00
1.922785034179687500e+02 8.070007324218750000e+00 0.000000000000000000e+00
1.924545288085937500e+02 8.137573242187500000e+00 0.000000000000000000e+00
1.924898681640625000e+02 8.164733886718750000e+00 0.000000000000000000e+00
1.925781250000000000e+02 8.135253906250000000e+00 0.000000000000000000e+00
1.927343750000000000e+02 8.146118164062500000e+00 0.000000000000000000e+00
1.927508544921875000e+02 8.302551269531250000e+00 0.000000000000000000e+00
1.926449584960937500e+02 8.400695800781250000e+00 0.000000000000000000e+00
1.926712646484375000e+02 8.341674804687500000e+00 0.000000000000000000e+00
1.927405395507812500e+02 8.323974609375000000e+00 0.000000000000000000e+00
1.928678588867187500e+02 8.386840820312500000e+00 0.000000000000000000e+00
1.929133300781250000e+02 8.376220703125000000e+00 0.000000000000000000e+00
1.930819091796875000e+02 8.408752441406250000e+00 0.000000000000000000e+00
1.932553710937500000e+02 8.420288085937500000e+00 0.000000000000000000e+00
1.931934814453125000e+02 8.421081542968750000e+00 0.000000000000000000e+00
1.931468505859375000e+02 8.527832031250000000e+00 0.000000000000000000e+00
1.931229248046875000e+02 8.453308105468750000e+00 0.000000000000000000e+00
1.930723876953125000e+02 8.440917968750000000e+00 0.000000000000000000e+00
1.931761474609375000e+02 8.389221191406250000e+00 0.000000000000000000e+00
1.931127319335937500e+02 8.488647460937500000e+00 0.000000000000000000e+00
1.930828857421875000e+02 8.446533203125000000e+00 0.000000000000000000e+00
1.930889892578125000e+02 8.320068359375000000e+00 0.000000000000000000e+00
1.930141601562500000e+02 8.276916503906250000e+00 0.000000000000000000e+00
1.930232543945312500e+02 8.357727050781250000e+00 0.000000000000000000e+00
1.931104736328125000e+02 8.421386718750000000e+00 0.000000000000000000e+00
1.932125244140625000e+02 8.473327636718750000e+00 0.000000000000000000e+00
1.933198242187500000e+02 8.516235351562500000e+00 0.000000000000000000e+00
1.932052001953125000e+02 8.598205566406250000e+00 0.000000000000000000e+00
1.932863769531250000e+02 8.686645507812500000e+00 0.000000000000000000e+00
1.934078979492187500e+02 8.712463378906250000e+00 0.000000000000000000e+00
1.933858032226562500e+02 8.740478515625000000e+00 0.000000000000000000e+00
1.932203979492187500e+02 8.853332519531250000e+00 0.000000000000000000e+00
1.932423095703125000e+02 8.839599609375000000e+00 0.000000000000000000e+00
1.931957397460937500e+02 8.905029296875000000e+00 0.000000000000000000e+00
1.932404785156250000e+02 8.856689453125000000e+00 0.000000000000000000e+00
1.933486328125000000e+02 8.879272460937500000e+00 0.000000000000000000e+00
1.933432617187500000e+02 9.070007324218750000e+00 0.000000000000000000e+00
1.933792724609375000e+02 9.128967285156250000e+00 0.000000000000000000e+00
1.935756835937500000e+02 9.120239257812500000e+00 0.000000000000000000e+00
1.936212768554687500e+02 9.090881347656250000e+00 0.000000000000000000e+00
1.936833496093750000e+02 9.216003417968750000e+00 0.000000000000000000e+00
1.937634887695312500e+02 9.357910156250000000e+00 0.000000000000000000e+00
1.938135986328125000e+02 9.318115234375000000e+00 0.000000000000000000e+00
1.938391113281250000e+02 9.347106933593750000e+00 0.000000000000000000e+00
1.938920898437500000e+02 9.274536132812500000e+00 0.000000000000000000e+00
1.939166259765625000e+02 9.256225585937500000e+00 0.000000000000000000e+00
1.939293212890625000e+02 9.405151367187500000e+00 0.000000000000000000e+00
1.939647216796875000e+02 9.284667968750000000e+00 0.000000000000000000e+00
1.939761352539062500e+02 9.279541015625000000e+00 0.000000000000000000e+00
1.939194335937500000e+02 9.308593750000000000e+00 0.000000000000000000e+00
1.936828002929687500e+02 9.289367675781250000e+00 0.000000000000000000e+00
1.937007446289062500e+02 9.115112304687500000e+00 0.000000000000000000e+00
1.937118530273437500e+02 8.944396972656250000e+00 0.000000000000000000e+00
1.937390136718750000e+02 9.096313476562500000e+00 0.000000000000000000e+00
1.939329223632812500e+02 9.152282714843750000e+00 0.000000000000000000e+00
1.940838012695312500e+02 9.224914550781250000e+00 0.000000000000000000e+00
1.941311645507812500e+02 9.647338867187500000e+00 0.000000000000000000e+00
1.941197509765625000e+02 9.764282226562500000e+00 0.000000000000000000e+00
1.941843872070312500e+02 9.746643066406250000e+00 0.000000000000000000e+00
1.942865600585937500e+02 9.816223144531250000e+00 0.000000000000000000e+00
1.942138061523437500e+02 9.734741210937500000e+00 0.000000000000000000e+00
1.942102050781250000e+02 9.763488769531250000e+00 0.000000000000000000e+00
1.942117919921875000e+02 9.662536621093750000e+00 0.000000000000000000e+00
1.942161254882812500e+02 9.771850585937500000e+00 0.000000000000000000e+00
1.943900146484375000e+02 9.759887695312500000e+00 0.000000000000000000e+00
1.944298095703125000e+02 9.752258300781250000e+00 0.000000000000000000e+00
1.945053100585937500e+02 9.803527832031250000e+00 0.000000000000000000e+00
1.944853515625000000e+02 9.958190917968750000e+00 0.000000000000000000e+00
1.946238403320312500e+02 1.001263427734375000e+01 0.000000000000000000e+00
1.948062744140625000e+02 9.978820800781250000e+00 0.000000000000000000e+00
1.948385620117187500e+02 9.924072265625000000e+00 0.000000000000000000e+00
1.950039062500000000e+02 9.861755371093750000e+00 0.000000000000000000e+00
1.950230712890625000e+02 1.006756591796875000e+01 0.000000000000000000e+00
1.952135620117187500e+02 1.030523681640625000e+01 0.000000000000000000e+00
1.954761962890625000e+02 1.045159912109375000e+01 0.000000000000000000e+00
1.955162963867187500e+02 1.048132324218750000e+01 0.000000000000000000e+00
1.955826416015625000e+02 1.051971435546875000e+01 0.000000000000000000e+00
1.955829467773437500e+02 1.058496093750000000e+01 0.000000000000000000e+00
1.956004638671875000e+02 1.052587890625000000e+01 0.000000000000000000e+00
1.955780029296875000e+02 1.044116210937500000e+01 0.000000000000000000e+00
1.955856323242187500e+02 1.033813476562500000e+01 0.000000000000000000e+00
1.955780639648437500e+02 1.038128662109375000e+01 0.000000000000000000e+00
1.956511840820312500e+02 1.049774169921875000e+01 0.000000000000000000e+00
1.956567993164062500e+02 1.063458251953125000e+01 0.000000000000000000e+00
1.957081909179687500e+02 1.064459228515625000e+01 0.000000000000000000e+00
1.957178344726562500e+02 1.081799316406250000e+01 0.000000000000000000e+00
1.956848754882812500e+02 1.083026123046875000e+01 0.000000000000000000e+00
1.957692260742187500e+02 1.084582519531250000e+01 0.000000000000000000e+00
1.959300537109375000e+02 1.105743408203125000e+01 0.000000000000000000e+00
1.962000732421875000e+02 1.094171142578125000e+01 0.000000000000000000e+00
1.962537231445312500e+02 1.075555419921875000e+01 0.000000000000000000e+00
1.961232299804687500e+02 1.075964355468750000e+01 0.000000000000000000e+00
1.962236938476562500e+02 1.078131103515625000e+01 0.000000000000000000e+00
1.962031250000000000e+02 1.090014648437500000e+01 0.000000000000000000e+00
1.961886596679687500e+02 1.100018310546875000e+01 0.000000000000000000e+00
1.961697998046875000e+02 1.104583740234375000e+01 0.000000000000000000e+00
1.961096801757812500e+02 1.103283691406250000e+01 0.000000000000000000e+00
1.959916992187500000e+02 1.113287353515625000e+01 0.000000000000000000e+00
1.961703491210937500e+02 1.118127441406250000e+01 0.000000000000000000e+00
1.963090209960937500e+02 1.126153564453125000e+01 0.000000000000000000e+00
1.964959716796875000e+02 1.149035644531250000e+01 0.000000000000000000e+00
1.965592651367187500e+02 1.149127197265625000e+01 0.000000000000000000e+00
1.965730590820312500e+02 1.140588378906250000e+01 0.000000000000000000e+00
1.965775756835937500e+02 1.144909667968750000e+01 0.000000000000000000e+00
1.965997924804687500e+02 1.127746582031250000e+01 0.000000000000000000e+00
1.965799560546875000e+02 1.123358154296875000e+01 0.000000000000000000e+00
1.966323242187500000e+02 1.116418457031250000e+01 0.000000000000000000e+00
1.964150390625000000e+02 1.097827148437500000e+01 0.000000000000000000e+00
1.964243774414062500e+02 1.084155273437500000e+01 0.000000000000000000e+00
1.964246215820312500e+02 1.073394775390625000e+01 0.000000000000000000e+00
1.965124511718750000e+02 1.068853759765625000e+01 0.000000000000000000e+00
1.963686523437500000e+02 1.069592285156250000e+01 0.000000000000000000e+00
1.963789672851562500e+02 1.073260498046875000e+01 0.000000000000000000e+00
1.964050903320312500e+02 1.088098144531250000e+01 0.000000000000000000e+00
1.963407592773437500e+02 1.091906738281250000e+01 0.000000000000000000e+00
1.964547729492187500e+02 1.088818359375000000e+01 0.000000000000000000e+00
1.966411743164062500e+02 1.107354736328125000e+01 0.000000000000000000e+00
1.966423339843750000e+02 1.100585937500000000e+01 0.000000000000000000e+00
1.967750854492187500e+02 1.113128662109375000e+01 0.000000000000000000e+00
1.968075561523437500e+02 1.111346435546875000e+01 0.000000000000000000e+00
1.967413330078125000e+02 1.100628662109375000e+01 0.000000000000000000e+00
1.965768432617187500e+02 1.112445068359375000e+01 0.000000000000000000e+00
1.966375732421875000e+02 1.089312744140625000e+01 0.000000000000000000e+00
1.965337524414062500e+02 1.086059570312500000e+01 0.000000000000000000e+00
1.965574340820312500e+02 1.101116943359375000e+01 0.000000000000000000e+00
1.963827514648437500e+02 1.104467773437500000e+01 0.000000000000000000e+00
1.962551879882812500e+02 1.092620849609375000e+01 0.000000000000000000e+00
1.963020629882812500e+02 1.089495849609375000e+01 0.000000000000000000e+00
1.963594360351562500e+02 1.069458007812500000e+01 0.000000000000000000e+00
1.962762451171875000e+02 1.063983154296875000e+01 0.000000000000000000e+00
1.962537231445312500e+02 1.061077880859375000e+01 0.000000000000000000e+00
1.961470947265625000e+02 1.062634277343750000e+01 0.000000000000000000e+00
1.962017822265625000e+02 1.054272460937500000e+01 0.000000000000000000e+00
1.963182983398437500e+02 1.055059814453125000e+01 0.000000000000000000e+00
1.964326782226562500e+02 1.057153320312500000e+01 0.000000000000000000e+00
1.963872070312500000e+02 1.051580810546875000e+01 0.000000000000000000e+00
1.965204467773437500e+02 1.045629882812500000e+01 0.000000000000000000e+00
1.965182495117187500e+02 1.064721679687500000e+01 0.000000000000000000e+00
1.966290893554687500e+02 1.060937500000000000e+01 0.000000000000000000e+00
1.963884277343750000e+02 1.089947509765625000e+01 0.000000000000000000e+00
1.965008544921875000e+02 1.111083984375000000e+01 0.000000000000000000e+00
1.965190429687500000e+02 1.107403564453125000e+01 0.000000000000000000e+00
1.964801025390625000e+02 1.102709960937500000e+01 0.000000000000000000e+00
1.964690551757812500e+02 1.087219238281250000e+01 0.000000000000000000e+00
1.963846435546875000e+02 1.096014404296875000e+01 0.000000000000000000e+00
1.963890380859375000e+02 1.083831787109375000e+01 0.000000000000000000e+00
1.961466064453125000e+02 1.073034667968750000e+01 0.000000000000000000e+00
1.959290771484375000e+02 1.051660156250000000e+01 0.000000000000000000e+00
1.959583740234375000e+02 1.044641113281250000e+01 0.000000000000000000e+00
1.958870239257812500e+02 1.057397460937500000e+01 0.000000000000000000e+00
1.957751464843750000e+02 1.072155761718750000e+01 0.000000000000000000e+00
1.958272094726562500e+02 1.065789794921875000e+01 0.000000000000000000e+00
1.957830200195312500e+02 1.057794189453125000e+01 0.000000000000000000e+00
1.959028930664062500e+02 1.067810058593750000e+01 0.000000000000000000e+00
1.959746704101562500e+02 1.047033691406250000e+01 0.000000000000000000e+00
1.959573974609375000e+02 1.053527832031250000e+01 0.000000000000000000e+00
1.958812866210937500e+02 1.042889404296875000e+01 0.000000000000000000e+00
1.959564208984375000e+02 1.040441894531250000e+01 0.000000000000000000e+00
1.960596313476562500e+02 1.020794677734375000e+01 0.000000000000000000e+00
1.959749145507812500e+02 1.023400878906250000e+01 0.000000000000000000e+00
1.961021728515625000e+02 1.028881835937500000e+01 0.000000000000000000e+00
1.962744140625000000e+02 1.038775634765625000e+01 0.000000000000000000e+00
1.963474731445312500e+02 1.038360595703125000e+01 0.000000000000000000e+00
1.965012817382812500e+02 1.039062500000000000e+01 0.000000000000000000e+00
1.964557495117187500e+02 1.058209228515625000e+01 0.000000000000000000e+00
1.964808959960937500e+02 1.076635742187500000e+01 0.000000000000000000e+00
1.965361938476562500e+02 1.076275634765625000e+01 0.000000000000000000e+00
1.965910034179687500e+02 1.091729736328125000e+01 0.000000000000000000e+00
1.965649414062500000e+02 1.109356689453125000e+01 0.000000000000000000e+00
1.965703735351562500e+02 1.117431640625000000e+01 0.000000000000000000e+00
1.966219482421875000e+02 1.127056884765625000e+01 0.000000000000000000e+00
1.965408325195312500e+02 1.112365722656250000e+01 0.000000000000000000e+00
1.965577392578125000e+02 1.122680664062500000e+01 0.000000000000000000e+00
1.965559692382812500e+02 1.132104492187500000e+01 0.000000000000000000e+00
1.966269531250000000e+02 1.158526611328125000e+01 0.000000000000000000e+00
1.967510375976562500e+02 1.167407226562500000e+01 0.000000000000000000e+00
1.969547119140625000e+02 1.150939941406250000e+01 0.000000000000000000e+00
1.968694458007812500e+02 1.154205322265625000e+01 0.000000000000000000e+00
1.968085327148437500e+02 1.153485107421875000e+01 0.000000000000000000e+00
1.967912597656250000e+02 1.141613769531250000e+01 0.000000000000000000e+00
1.968010253906250000e+02 1.130700683593750000e+01 0.000000000000000000e+00
1.968153686523437500e+02 1.126116943359375000e+01 0.000000000000000000e+00
1.967044677734375000e+02 1.119299316406250000e+01 0.000000000000000000e+00
1.967114257812500000e+02 1.111212158203125000e+01 0.000000000000000000e+00
1.967498168945312500e+02 1.112176513671875000e+01 0.000000000000000000e+00
1.968005371093750000e+02 1.106262207031250000e+01 0.000000000000000000e+00
1.968744506835937500e+02 1.115246582031250000e+01 0.000000000000000000e+00
1.969289550781250000e+02 1.126367187500000000e+01 0.000000000000000000e+00
1.970360107421875000e+02 1.140972900390625000e+01 0.000000000000000000e+00
1.971474609375000000e+02 1.170159912109375000e+01 0.000000000000000000e+00
1.972313842773437500e+02 1.184954833984375000e+01 0.000000000000000000e+00
1.973817138671875000e+02 1.210968017578125000e+01 0.000000000000000000e+00
1.974324951171875000e+02 1.228179931640625000e+01 0.000000000000000000e+00
1.976876220703125000e+02 1.230065917968750000e+01 0.000000000000000000e+00
1.976797485351562500e+02 1.243377685546875000e+01 0.000000000000000000e+00
1.977623901367187500e+02 1.240765380859375000e+01 0.000000000000000000e+00
1.979381103515625000e+02 1.253393554687500000e+01 0.000000000000000000e+00
1.980408325195312500e+02 1.266894531250000000e+01 0.000000000000000000e+00
1.981922607421875000e+02 1.258551025390625000e+01 0.000000000000000000e+00
1.982432250976562500e+02 1.249261474609375000e+01 0.000000000000000000e+00
1.984245605468750000e+02 1.256701660156250000e+01 0.000000000000000000e+00
1.985711059570312500e+02 1.280084228515625000e+01 0.000000000000000000e+00
1.986834106445312500e+02 1.285345458984375000e+01 0.000000000000000000e+00
1.987125244140625000e+02 1.280474853515625000e+01 0.000000000000000000e+00
1.987150268554687500e+02 1.280792236328125000e+01 0.000000000000000000e+00
1.986887207031250000e+02 1.282623291015625000e+01 0.000000000000000000e+00
1.987626953125000000e+02 1.305426025390625000e+01 0.000000000000000000e+00
1.987587890625000000e+02 1.298358154296875000e+01 0.000000000000000000e+00
1.988364868164062500e+02 1.309472656250000000e+01 0.000000000000000000e+00
1.987615966796875000e+02 1.299780273437500000e+01 0.000000000000000000e+00
1.987277832031250000e+02 1.300347900390625000e+01 0.000000000000000000e+00
1.987478637695312500e+02 1.296289062500000000e+01 0.000000000000000000e+00
1.986801147460937500e+02 1.279827880859375000e+01 0.000000000000000000e+00
1.985050048828125000e+02 1.260089111328125000e+01 0.000000000000000000e+00
1.983343505859375000e+02 1.234564208984375000e+01 0.000000000000000000e+00
1.982683105468750000e+02 1.230664062500000000e+01 0.000000000000000000e+00
1.982283935546875000e+02 1.221459960937500000e+01 0.000000000000000000e+00
1.982869262695312500e+02 1.230438232421875000e+01 0.000000000000000000e+00
1.980755004882812500e+02 1.222259521484375000e+01 0.000000000000000000e+00
1.980108032226562500e+02 1.212091064453125000e+01 0.000000000000000000e+00
1.979989624023437500e+02 1.221264648437500000e+01 0.000000000000000000e+00
1.979873657226562500e+02 1.219720458984375000e+01 0.000000000000000000e+00
1.978853149414062500e+02 1.208117675781250000e+01 0.000000000000000000e+00
1.978407592773437500e+02 1.207568359375000000e+01 0.000000000000000000e+00
1.977570190429687500e+02 1.200653076171875000e+01 0.000000000000000000e+00
1.977170410156250000e+02 1.188336181640625000e+01 0.000000000000000000e+00
1.977797241210937500e+02 1.180853271484375000e+01 0.000000000000000000e+00
1.978073120117187500e+02 1.177636718750000000e+01 0.000000000000000000e+00
1.977015991210937500e+02 1.179626464843750000e+01 0.000000000000000000e+00
1.977705078125000000e+02 1.169189453125000000e+01 0.000000000000000000e+00
1.976727905273437500e+02 1.174255371093750000e+01 0.000000000000000000e+00
1.974546508789062500e+02 1.171533203125000000e+01 0.000000000000000000e+00
1.974123535156250000e+02 1.165667724609375000e+01 0.000000000000000000e+00
1.973421630859375000e+02 1.177496337890625000e+01 0.000000000000000000e+00
1.973256835937500000e+02 1.182543945312500000e+01 0.000000000000000000e+00
1.973778686523437500e+02 1.174456787109375000e+01 0.000000000000000000e+00
1.975736694335937500e+02 1.169042968750000000e+01 0.000000000000000000e+00
1.976260375976562500e+02 1.176861572265625000e+01 0.000000000000000000e+00
1.977398681640625000e+02 1.175622558593750000e+01 0.000000000000000000e+00
1.976405029296875000e+02 1.208026123046875000e+01 0.000000000000000000e+00
1.975444946289062500e+02 1.226025390625000000e+01 0.000000000000000000e+00
1.975560913085937500e+02 1.212677001953125000e+01 0.000000000000000000e+00
1.974454345703125000e+02 1.215362548828125000e+01 0.000000000000000000e+00
1.976173095703125000e+02 1.219177246093750000e+01 0.000000000000000000e+00
1.977706909179687500e+02 1.215881347656250000e+01 0.000000000000000000e+00
1.978822631835937500e+02 1.229956054687500000e+01 0.000000000000000000e+00
1.980358276367187500e+02 1.230920410156250000e+01 0.000000000000000000e+00
1.981327514648437500e+02 1.219641113281250000e+01 0.000000000000000000e+00
1.982047729492187500e+02 1.219598388671875000e+01 0.000000000000000000e+00
1.981809692382812500e+02 1.239965820312500000e+01 0.000000000000000000e+00
1.980969848632812500e+02 1.231927490234375000e+01 0.000000000000000000e+00
1.981808471679687500e+02 1.229724121093750000e+01 0.000000000000000000e+00
1.981264038085937500e+02 1.233770751953125000e+01 0.000000000000000000e+00
1.981432495117187500e+02 1.240155029296875000e+01 0.000000000000000000e+00
1.981100463867187500e+02 1.238330078125000000e+01 0.000000000000000000e+00
1.981215209960937500e+02 1.247973632812500000e+01 0.000000000000000000e+00
1.979609375000000000e+02 1.237890625000000000e+01 0.000000000000000000e+00
1.979309082031250000e+02 1.228137207031250000e+01 0.000000000000000000e+00
1.979757690429687500e+02 1.235638427734375000e+01 0.000000000000000000e+00
1.981766357421875000e+02 1.236114501953125000e+01 0.000000000000000000e+00
1.981837768554687500e+02 1.232653808593750000e+01 0.000000000000000000e+00
1.981071166992187500e+02 1.227508544921875000e+01 0.000000000000000000e+00
1.982525024414062500e+02 1.216967773437500000e+01 0.000000000000000000e+00
1.982379760742187500e+02 1.225140380859375000e+01 0.000000000000000000e+00
1.983401489257812500e+02 1.224926757812500000e+01 0.000000000000000000e+00
1.981857299804687500e+02 1.226055908203125000e+01 0.000000000000000000e+00
1.981799926757812500e+02 1.228204345703125000e+01 0.000000000000000000e+00
1.981982421875000000e+02 1.240368652343750000e+01 0.000000000000000000e+00
1.982328491210937500e+02 1.245684814453125000e+01 0.000000000000000000e+00
1.982752075195312500e+02 1.266528320312500000e+01 0.000000000000000000e+00
1.985388183593750000e+02 1.285473632812500000e+01 0.000000000000000000e+00
1.984741210937500000e+02 1.286981201171875000e+01 0.000000000000000000e+00
1.984800415039062500e+02 1.268194580078125000e+01 0.000000000000000000e+00
1.984263305664062500e+02 1.264990234375000000e+01 0.000000000000000000e+00
1.984593505859375000e+02 1.269714355468750000e+01 0.000000000000000000e+00
1.985184326171875000e+02 1.277050781250000000e+01 0.000000000000000000e+00
1.985471191406250000e+02 1.285943603515625000e+01 0.000000000000000000e+00
1.986361083984375000e+02 1.290924072265625000e+01 0.000000000000000000e+00
1.987945556640625000e+02 1.289630126953125000e+01 0.000000000000000000e+00
1.989621582031250000e+02 1.305426025390625000e+01 0.000000000000000000e+00
1.989280395507812500e+02 1.318328857421875000e+01 0.000000000000000000e+00
1.990613403320312500e+02 1.339093017578125000e+01 0.000000000000000000e+00
1.991140136718750000e+02 1.333178710937500000e+01 0.000000000000000000e+00
1.990588378906250000e+02 1.324615478515625000e+01 0.000000000000000000e+00
1.990669555664062500e+02 1.322351074218750000e+01 0.000000000000000000e+00
1.990953979492187500e+02 1.338916015625000000e+01 0.000000000000000000e+00
1.992069091796875000e+02 1.336645507812500000e+01 0.000000000000000000e+00
1.991980590820312500e+02 1.342791748046875000e+01 0.000000000000000000e+00
1.993692626953125000e+02 1.325885009765625000e+01 0.000000000000000000e+00
1.995013427734375000e+02 1.327984619140625000e+01 0.000000000000000000e+00
1.996453857421875000e+02 1.325262451171875000e+01 0.000000000000000000e+00
1.996961669921875000e+02 1.326220703125000000e+01 0.000000000000000000e+00
1.997109375000000000e+02 1.323004150390625000e+01 0.000000000000000000e+00
1.997501831054687500e+02 1.329046630859375000e+01 0.000000000000000000e+00
1.999010620117187500e+02 1.349743652343750000e+01 0.000000000000000000e+00
1.999255981445312500e+02 1.352569580078125000e+01 0.000000000000000000e+00
1.998894653320312500e+02 1.377740478515625000e+01 0.000000000000000000e+00
1.998438110351562500e+02 1.367291259765625000e+01 0.000000000000000000e+00
1.999454345703125000e+02 1.360162353515625000e+01 0.000000000000000000e+00
1.998539428710937500e+02 1.372454833984375000e+01 0.000000000000000000e+00
1.998408813476562500e+02 1.373236083984375000e+01 0.000000000000000000e+00
1.999409179687500000e+02 1.369897460937500000e+01 0.000000000000000000e+00
2.000921020507812500e+02 1.373046875000000000e+01 0.000000000000000000e+00
2.000905151367187500e+02 1.380456542968750000e+01 0.000000000000000000e+00
2.001444091796875000e+02 1.379797363281250000e+01 0.000000000000000000e+00
2.002309570312500000e+02 1.380114746093750000e+01 0.000000000000000000e+00
2.003461303710937500e+02 1.381964111328125000e+01 0.000000000000000000e+00
2.004948730468750000e+02 1.392297363281250000e+01 0.000000000000000000e+00
2.004067382812500000e+02 1.393225097656250000e+01 0.000000000000000000e+00
2.003335571289062500e+02 1.412145996093750000e+01 0.000000000000000000e+00
2.002536621093750000e+02 1.420892333984375000e+01 0.000000000000000000e+00
2.003807373046875000e+02 1.433697509765625000e+01 0.000000000000000000e+00
2.004591674804687500e+02 1.441119384765625000e+01 0.000000000000000000e+00
2.006034545898437500e+02 1.431072998046875000e+01 0.000000000000000000e+00
2.007821044921875000e+02 1.433984375000000000e+01 0.000000000000000000e+00
2.008416137695312500e+02 1.440625000000000000e+01 0.000000000000000000e+00
2.008302612304687500e+02 1.440588378906250000e+01 0.000000000000000000e+00
2.008771362304687500e+02 1.448168945312500000e+01 0.000000000000000000e+00
2.009669799804687500e+02 1.453466796875000000e+01 0.000000000000000000e+00
2.008735961914062500e+02 1.470843505859375000e+01 0.000000000000000000e+00
2.008460083007812500e+02 1.464300537109375000e+01 0.000000000000000000e+00
2.008985595703125000e+02 1.481970214843750000e+01 0.000000000000000000e+00
2.009602050781250000e+02 1.484283447265625000e+01 0.000000000000000000e+00
2.009692993164062500e+02 1.489538574218750000e+01 0.000000000000000000e+00
2.010029907226562500e+02 1.477514648437500000e+01 0.000000000000000000e+00
2.012009277343750000e+02 1.491833496093750000e+01 0.000000000000000000e+00
2.012331542968750000e+02 1.499523925781250000e+01 0.000000000000000000e+00
2.013279418945312500e+02 1.494537353515625000e+01 0.000000000000000000e+00
2.013621826171875000e+02 1.502105712890625000e+01 0.000000000000000000e+00
2.013819580078125000e+02 1.482434082031250000e+01 0.000000000000000000e+00
2.014530029296875000e+02 1.488226318359375000e+01 0.000000000000000000e+00
2.015290527343750000e+02 1.491363525390625000e+01 0.000000000000000000e+00
2.013888549804687500e+02 1.503393554687500000e+01 0.000000000000000000e+00
2.014564208984375000e+02 1.503790283203125000e+01 0.000000000000000000e+00
2.014658813476562500e+02 1.502502441406250000e+01 0.000000000000000000e+00
2.014435424804687500e+02 1.505969238281250000e+01 0.000000000000000000e+00
2.014948120117187500e+02 1.511529541015625000e+01 0.000000000000000000e+00
2.015123901367187500e+02 1.516003417968750000e+01 0.000000000000000000e+00
2.015719604492187500e+02 1.538403320312500000e+01 0.000000000000000000e+00
2.016101074218750000e+02 1.537402343750000000e+01 0.000000000000000000e+00
2.016131591796875000e+02 1.546893310546875000e+01 0.000000000000000000e+00
2.015906372070312500e+02 1.542016601562500000e+01 0.000000000000000000e+00
2.016177368164062500e+02 1.537023925781250000e+01 0.000000000000000000e+00
2.014834594726562500e+02 1.529406738281250000e+01 0.000000000000000000e+00
2.014854125976562500e+02 1.518731689453125000e+01 0.000000000000000000e+00
2.013917846679687500e+02 1.507452392578125000e+01 0.000000000000000000e+00
2.013593750000000000e+02 1.514520263671875000e+01 0.000000000000000000e+00
2.013087158203125000e+02 1.509100341796875000e+01 0.000000000000000000e+00
2.013687133789062500e+02 1.505401611328125000e+01 0.000000000000000000e+00
2.012792968750000000e+02 1.506115722656250000e+01 0.000000000000000000e+00
2.012394409179687500e+02 1.503466796875000000e+01 0.000000000000000000e+00
2.012152099609375000e+02 1.514703369140625000e+01 0.000000000000000000e+00
2.013399658203125000e+02 1.516198730468750000e+01 0.000000000000000000e+00
2.013094482421875000e+02 1.511297607421875000e+01 0.000000000000000000e+00
2.014134521484375000e+02 1.509143066406250000e+01 0.000000000000000000e+00
2.015388793945312500e+02 1.520892333984375000e+01 0.000000000000000000e+00
2.017395019531250000e+02 1.511767578125000000e+01 0.000000000000000000e+00
2.017745361328125000e+02 1.515991210937500000e+01 0.000000000000000000e+00
2.017011108398437500e+02 1.517480468750000000e+01 0.000000000000000000e+00
2.016217651367187500e+02 1.529040527343750000e+01 0.000000000000000000e+00
2.016463012695312500e+02 1.525329589843750000e+01 0.000000000000000000e+00
2.018540649414062500e+02 1.535174560546875000e+01 0.000000000000000000e+00
2.018817138671875000e+02 1.547558593750000000e+01 0.000000000000000000e+00
2.018771362304687500e+02 1.550994873046875000e+01 0.000000000000000000e+00
2.018668823242187500e+02 1.557189941406250000e+01 0.000000000000000000e+00
2.019331665039062500e+02 1.559155273437500000e+01 0.000000000000000000e+00
2.020485229492187500e+02 1.555883789062500000e+01 0.000000000000000000e+00
2.020787353515625000e+02 1.557403564453125000e+01 0.000000000000000000e+00
2.019795532226562500e+02 1.560052490234375000e+01 0.000000000000000000e+00
2.018285522460937500e+02 1.533514404296875000e+01 0.000000000000000000e+00
2.017645263671875000e+02 1.526287841796875000e+01 0.000000000000000000e+00
2.017750244140625000e+02 1.530139160156250000e+01 0.000000000000000000e+00
2.017404174804687500e+02 1.533233642578125000e+01 0.000000000000000000e+00
2.017185668945312500e+02 1.531079101562500000e+01 0.000000000000000000e+00
2.017144775390625000e+02 1.534661865234375000e+01 0.000000000000000000e+00
2.017525024414062500e+02 1.537921142578125000e+01 0.000000000000000000e+00
2.017246704101562500e+02 1.538775634765625000e+01 0.000000000000000000e+00
2.017384643554687500e+02 1.544732666015625000e+01 0.000000000000000000e+00
2.017560424804687500e+02 1.549157714843750000e+01 0.000000000000000000e+00
2.018400878906250000e+02 1.564062500000000000e+01 0.000000000000000000e+00
2.017691650390625000e+02 1.551965332031250000e+01 0.000000000000000000e+00
2.017256469726562500e+02 1.551855468750000000e+01 0.000000000000000000e+00
2.016463623046875000e+02 1.550946044921875000e+01 0.000000000000000000e+00
2.016653442382812500e+02 1.566131591796875000e+01 0.000000000000000000e+00
2.016546020507812500e+02 1.563989257812500000e+01 0.000000000000000000e+00
2.015713500976562500e+02 1.560394287109375000e+01 0.000000000000000000e+00
2.015656738281250000e+02 1.557751464843750000e+01 0.000000000000000000e+00
2.015717773437500000e+02 1.554608154296875000e+01 0.000000000000000000e+00
2.015705566406250000e+02 1.559014892578125000e+01 0.000000000000000000e+00
2.014638061523437500e+02 1.564245605468750000e+01 0.000000000000000000e+00
2.013583984375000000e+02 1.558502197265625000e+01 0.000000000000000000e+00
2.012045288085937500e+02 1.552624511718750000e+01 0.000000000000000000e+00
2.013098144531250000e+02 1.554895019531250000e+01 0.000000000000000000e+00
2.014450073242187500e+02 1.549029541015625000e+01 0.000000000000000000e+00
2.015046386718750000e+02 1.551208496093750000e+01 0.000000000000000000e+00
2.015126953125000000e+02 1.554193115234375000e+01 0.000000000000000000e+00
2.014829101562500000e+02 1.547027587890625000e+01 0.000000000000000000e+00
2.014745483398437500e+02 1.534033203125000000e+01 0.000000000000000000e+00
2.015963745117187500e+02 1.529656982421875000e+01 0.000000000000000000e+00
2.016115112304687500e+02 1.521771240234375000e+01 0.000000000000000000e+00
2.016561889648437500e+02 1.518127441406250000e+01 0.000000000000000000e+00
2.016594238281250000e+02 1.517327880859375000e+01 0.000000000000000000e+00
2.017025146484375000e+02 1.526190185546875000e+01 0.000000000000000000e+00
2.015513305664062500e+02 1.536096191406250000e+01 0.000000000000000000e+00
2.015999145507812500e+02 1.550976562500000000e+01 0.000000000000000000e+00
2.015850219726562500e+02 1.560809326171875000e+01 0.000000000000000000e+00
2.013812866210937500e+02 1.583148193359375000e+01 0.000000000000000000e+00
2.013700561523437500e+02 1.591351318359375000e+01 0.000000000000000000e+00
2.015087890625000000e+02 1.585076904296875000e+01 0.000000000000000000e+00
2.016901855468750000e+02 1.580944824218750000e+01 0.000000000000000000e+00
2.018209838867187500e+02 1.571044921875000000e+01 0.000000000000000000e+00
2.018758544921875000e+02 1.573211669921875000e+01 0.000000000000000000e+00
2.018386230468750000e+02 1.572540283203125000e+01 0.000000000000000000e+00
2.018751220703125000e+02 1.565356445312500000e+01 0.000000000000000000e+00
2.017433471679687500e+02 1.569049072265625000e+01 0.000000000000000000e+00
2.016286010742187500e+02 1.570422363281250000e+01 0.000000000000000000e+00
2.016170043945312500e+02 1.597064208984375000e+01 0.000000000000000000e+00
2.016245727539062500e+02 1.592681884765625000e+01 0.000000000000000000e+00
2.015802001953125000e+02 1.584515380859375000e+01 0.000000000000000000e+00
2.015341186523437500e+02 1.572509765625000000e+01 0.000000000000000000e+00
2.014729003906250000e+02 1.564825439453125000e+01 0.000000000000000000e+00
2.014782714843750000e+02 1.565863037109375000e+01 0.000000000000000000e+00
2.013609619140625000e+02 1.567114257812500000e+01 0.000000000000000000e+00
2.013199462890625000e+02 1.550225830078125000e+01 0.000000000000000000e+00
2.014323730468750000e+02 1.548815917968750000e+01 0.000000000000000000e+00
2.014935302734375000e+02 1.548590087890625000e+01 0.000000000000000000e+00
2.015322265625000000e+02 1.563970947265625000e+01 0.000000000000000000e+00
2.014208984375000000e+02 1.560424804687500000e+01 0.000000000000000000e+00
2.014284667968750000e+02 1.554174804687500000e+01 0.000000000000000000e+00
2.014542846679687500e+02 1.547637939453125000e+01 0.000000000000000000e+00
2.015469970703125000e+02 1.552447509765625000e+01 0.000000000000000000e+00
2.014284667968750000e+02 1.542864990234375000e+01 0.000000000000000000e+00
2.015021362304687500e+02 1.533807373046875000e+01 0.000000000000000000e+00
2.013946533203125000e+02 1.537139892578125000e+01 0.000000000000000000e+00
2.013575439453125000e+02 1.542089843750000000e+01 0.000000000000000000e+00
2.013944702148437500e+02 1.551116943359375000e+01 0.000000000000000000e+00
2.015369873046875000e+02 1.561285400390625000e+01 0.000000000000000000e+00
2.015550537109375000e+02 1.570898437500000000e+01 0.000000000000000000e+00
2.016306152343750000e+02 1.571173095703125000e+01 0.000000000000000000e+00
2.016654052734375000e+02 1.570599365234375000e+01 0.000000000000000000e+00
2.016751098632812500e+02 1.561590576171875000e+01 0.000000000000000000e+00
2.017029418945312500e+02 1.552478027343750000e+01 0.000000000000000000e+00
2.017072143554687500e+02 1.550256347656250000e+01 0.000000000000000000e+00
2.016795043945312500e+02 1.543676757812500000e+01 0.000000000000000000e+00
2.017672119140625000e+02 1.549914550781250000e+01 0.000000000000000000e+00
2.017600097656250000e+02 1.550030517578125000e+01 0.000000000000000000e+00
2.019600830078125000e+02 1.556011962890625000e+01 0.000000000000000000e+00
2.019382934570312500e+02 1.564300537109375000e+01 0.000000000000000000e+00
2.020094604492187500e+02 1.570214843750000000e+01 0.000000000000000000e+00
2.021098632812500000e+02 1.576690673828125000e+01 0.000000000000000000e+00
2.021690063476562500e+02 1.578363037109375000e+01 0.000000000000000000e+00
2.023375854492187500e+02 1.587359619140625000e+01 0.000000000000000000e+00
2.025071411132812500e+02 1.600402832031250000e+01 0.000000000000000000e+00
2.024914550781250000e+02 1.612762451171875000e+01 0.000000000000000000e+00
2.022395629882812500e+02 1.612902832031250000e+01 0.000000000000000000e+00
2.023151245117187500e+02 1.626275634765625000e+01 0.000000000000000000e+00
2.021841430664062500e+02 1.626940917968750000e+01 0.000000000000000000e+00
2.021784057617187500e+02 1.621112060546875000e+01 0.000000000000000000e+00
2.021159057617187500e+02 1.606781005859375000e+01 0.000000000000000000e+00
2.023280029296875000e+02 1.594885253906250000e+01 0.000000000000000000e+00
2.023148193359375000e+02 1.600903320312500000e+01 0.000000000000000000e+00
2.023441772460937500e+02 1.591461181640625000e+01 0.000000000000000000e+00
2.022964477539062500e+02 1.598004150390625000e+01 0.000000000000000000e+00
2.023180541992187500e+02 1.583862304687500000e+01 0.000000000000000000e+00
2.022726440429687500e+02 1.590411376953125000e+01 0.000000000000000000e+00
2.023517456054687500e+02 1.584350585937500000e+01 0.000000000000000000e+00
2.023869628906250000e+02 1.574560546875000000e+01 0.000000000000000000e+00
2.022864379882812500e+02 1.571832275390625000e+01 0.000000000000000000e+00
2.023546142578125000e+02 1.572149658203125000e+01 0.000000000000000000e+00
2.022393188476562500e+02 1.596459960937500000e+01 0.000000000000000000e+00
2.021793212890625000e+02 1.598358154296875000e+01 0.000000000000000000e+00
2.020928344726562500e+02 1.590423583984375000e+01 0.000000000000000000e+00
2.019798583984375000e+02 1.587194824218750000e+01 0.000000000000000000e+00
2.020693969726562500e+02 1.573547363281250000e+01 0.000000000000000000e+00
2.019495239257812500e+02 1.574884033203125000e+01 0.000000000000000000e+00
2.020112304687500000e+02 1.573937988281250000e+01 0.000000000000000000e+00
2.020574951171875000e+02 1.574206542968750000e+01 0.000000000000000000e+00
2.020272827148437500e+02 1.569927978515625000e+01 0.000000000000000000e+00
2.020296630859375000e+02 1.562322998046875000e+01 0.000000000000000000e+00
2.021032104492187500e+02 1.565905761718750000e+01 0.000000000000000000e+00
2.022276000976562500e+02 1.559582519531250000e+01 0.000000000000000000e+00
2.023571777343750000e+02 1.553393554687500000e+01 0.000000000000000000e+00
2.023416137695312500e+02 1.548937988281250000e+01 0.000000000000000000e+00
2.022666625976562500e+02 1.562939453125000000e+01 0.000000000000000000e+00
2.022009887695312500e+02 1.563946533203125000e+01 0.000000000000000000e+00
2.022978515625000000e+02 1.567498779296875000e+01 0.000000000000000000e+00
2.022231445312500000e+02 1.576165771484375000e+01 0.000000000000000000e+00
2.022390136718750000e+02 1.588085937500000000e+01 0.000000000000000000e+00
2.022031250000000000e+02 1.581640625000000000e+01 0.000000000000000000e+00
2.021927490234375000e+02 1.568457031250000000e+01 0.000000000000000000e+00
2.020867309570312500e+02 1.547882080078125000e+01 0.000000000000000000e+00
2.019724731445312500e+02 1.546655273437500000e+01 0.000000000000000000e+00
2.019746093750000000e+02 1.542749023437500000e+01 0.000000000000000000e+00
2.018182983398437500e+02 1.540338134765625000e+01 0.000000000000000000e+00
2.017327270507812500e+02 1.539294433593750000e+01 0.000000000000000000e+00
2.016932983398437500e+02 1.536877441406250000e+01 0.000000000000000000e+00
2.016817016601562500e+02 1.542218017578125000e+01 0.000000000000000000e+00
2.017609252929687500e+02 1.547790527343750000e+01 0.000000000000000000e+00
2.017575683593750000e+02 1.566882324218750000e+01 0.000000000000000000e+00
2.019403686523437500e+02 1.563916015625000000e+01 0.000000000000000000e+00
2.020153198242187500e+02 1.570867919921875000e+01 0.000000000000000000e+00
2.020151367187500000e+02 1.580694580078125000e+01 0.000000000000000000e+00
2.020354614257812500e+02 1.584979248046875000e+01 0.000000000000000000e+00
2.021685180664062500e+02 1.580450439453125000e+01 0.000000000000000000e+00
2.021650390625000000e+02 1.580987548828125000e+01 0.000000000000000000e+00
2.021595458984375000e+02 1.574334716796875000e+01 0.000000000000000000e+00
2.020035400390625000e+02 1.580145263671875000e+01 0.000000000000000000e+00
2.020735473632812500e+02 1.573663330078125000e+01 0.000000000000000000e+00
2.020166015625000000e+02 1.571887207031250000e+01 0.000000000000000000e+00
2.019294433593750000e+02 1.568945312500000000e+01 0.000000000000000000e+00
2.018991088867187500e+02 1.571734619140625000e+01 0.000000000000000000e+00
2.019797363281250000e+02 1.590905761718750000e+01 0.000000000000000000e+00
2.018221435546875000e+02 1.597143554687500000e+01 0.000000000000000000e+00
2.018302612304687500e+02 1.594293212890625000e+01 0.000000000000000000e+00
2.020004882812500000e+02 1.583105468750000000e+01 0.000000000000000000e+00
2.020639648437500000e+02 1.573687744140625000e+01 0.000000000000000000e+00
2.021274414062500000e+02 1.578576660156250000e+01 0.000000000000000000e+00
2.020904541015625000e+02 1.570617675781250000e+01 0.000000000000000000e+00
2.021239624023437500e+02 1.569171142578125000e+01 0.000000000000000000e+00
2.020794067382812500e+02 1.564709472656250000e+01 0.000000000000000000e+00
2.021452026367187500e+02 1.550457763671875000e+01 0.000000000000000000e+00
2.021011962890625000e+02 1.548748779296875000e+01 0.000000000000000000e+00
2.020745239257812500e+02 1.543182373046875000e+01 0.000000000000000000e+00
2.021783447265625000e+02 1.552166748046875000e+01 0.000000000000000000e+00
2.021319580078125000e+02 1.551074218750000000e+01 0.000000000000000000e+00
2.021112670898437500e+02 1.546923828125000000e+01 0.000000000000000000e+00
2.021791992187500000e+02 1.538568115234375000e+01 0.000000000000000000e+00
2.022374267578125000e+02 1.531262207031250000e+01 0.000000000000000000e+00
2.023117675781250000e+02 1.538232421875000000e+01 0.000000000000000000e+00
2.020830078125000000e+02 1.529461669921875000e+01 0.000000000000000000e+00
2.018750000000000000e+02 1.542193603515625000e+01 0.000000000000000000e+00
2.018482666015625000e+02 1.547088623046875000e+01 0.000000000000000000e+00
2.018399047851562500e+02 1.560009765625000000e+01 0.000000000000000000e+00
2.018832397460937500e+02 1.562731933593750000e+01 0.000000000000000000e+00
2.018973999023437500e+02 1.542956542968750000e+01 0.000000000000000000e+00
2.019553222656250000e+02 1.526281738281250000e+01 0.000000000000000000e+00
2.022495117187500000e+02 1.527917480468750000e+01 0.000000000000000000e+00
2.021539306640625000e+02 1.520349121093750000e+01 0.000000000000000000e+00
2.021188354492187500e+02 1.535662841796875000e+01 0.000000000000000000e+00
2.020792846679687500e+02 1.528076171875000000e+01 0.000000000000000000e+00
2.020372924804687500e+02 1.534912109375000000e+01 0.000000000000000000e+00
2.020882568359375000e+02 1.538659667968750000e+01 0.000000000000000000e+00
2.021678466796875000e+02 1.538970947265625000e+01 0.000000000000000000e+00
2.023698120117187500e+02 1.550634765625000000e+01 0.000000000000000000e+00
2.023828735351562500e+02 1.547814941406250000e+01 0.000000000000000000e+00
2.023391723632812500e+02 1.573510742187500000e+01 0.000000000000000000e+00
2.023077392578125000e+02 1.589880371093750000e+01 0.000000000000000000e+00
2.023601684570312500e+02 1.590777587890625000e+01 0.000000000000000000e+00
2.025122070312500000e+02 1.607397460937500000e+01 0.000000000000000000e+00
2.026575317382812500e+02 1.609460449218750000e+01 0.000000000000000000e+00
2.028253784179687500e+02 1.618157958984375000e+01 0.000000000000000000e+00
2.028635864257812500e+02 1.612579345703125000e+01 0.000000000000000000e+00
2.029589843750000000e+02 1.610754394531250000e+01 0.000000000000000000e+00
2.030063476562500000e+02 1.622412109375000000e+01 0.000000000000000000e+00
2.030117187500000000e+02 1.639202880859375000e+01 0.000000000000000000e+00
2.031185913085937500e+02 1.664233398437500000e+01 0.000000000000000000e+00
2.031149902343750000e+02 1.663208007812500000e+01 0.000000000000000000e+00
2.031862792968750000e+02 1.688385009765625000e+01 0.000000000000000000e+00
2.033353271484375000e+02 1.671411132812500000e+01 0.000000000000000000e+00
2.036156005859375000e+02 1.673773193359375000e+01 0.000000000000000000e+00
2.037869873046875000e+02 1.684661865234375000e+01 0.000000000000000000e+00
2.038506469726562500e+02 1.702764892578125000e+01 0.000000000000000000e+00
2.039698486328125000e+02 1.703735351562500000e+01 0.000000000000000000e+00
2.041347656250000000e+02 1.721075439453125000e+01 0.000000000000000000e+00
2.043512573242187500e+02 1.736065673828125000e+01 0.000000000000000000e+00
2.044230957031250000e+02 1.742767333984375000e+01 0.000000000000000000e+00
2.045644531250000000e+02 1.760260009765625000e+01 0.000000000000000000e+00
2.044977416992187500e+02 1.773199462890625000e+01 0.000000000000000000e+00
2.046141967773437500e+02 1.771472167968750000e+01 0.000000000000000000e+00
2.045734252929687500e+02 1.785144042968750000e+01 0.000000000000000000e+00
2.044653320312500000e+02 1.796588134765625000e+01 0.000000000000000000e+00
2.045414428710937500e+02 1.800335693359375000e+01 0.000000000000000000e+00
2.046522216796875000e+02 1.797210693359375000e+01 0.000000000000000000e+00
2.046668090820312500e+02 1.816278076171875000e+01 0.000000000000000000e+00
2.046957397460937500e+02 1.827087402343750000e+01 0.000000000000000000e+00
2.047662963867187500e+02 1.828802490234375000e+01 0.000000000000000000e+00
2.047856445312500000e+02 1.850927734375000000e+01 0.000000000000000000e+00
2.047786254882812500e+02 1.848913574218750000e+01 0.000000000000000000e+00
2.048196411132812500e+02 1.854357910156250000e+01 0.000000000000000000e+00
2.049476318359375000e+02 1.858654785156250000e+01 0.000000000000000000e+00
2.050826416015625000e+02 1.860522460937500000e+01 0.000000000000000000e+00
2.050593872070312500e+02 1.857525634765625000e+01 0.000000000000000000e+00
2.050835571289062500e+02 1.869647216796875000e+01 0.000000000000000000e+00
2.050195922851562500e+02 1.866613769531250000e+01 0.000000000000000000e+00
2.050092773437500000e+02 1.866217041015625000e+01 0.000000000000000000e+00
2.049822998046875000e+02 1.867718505859375000e+01 0.000000000000000000e+00
2.050822753906250000e+02 1.874267578125000000e+01 0.000000000000000000e+00
2.050024414062500000e+02 1.877923583984375000e+01 0.000000000000000000e+00
2.051004028320312500e+02 1.877056884765625000e+01 0.000000000000000000e+00
2.050392456054687500e+02 1.873687744140625000e+01 0.000000000000000000e+00
2.050917358398437500e+02 1.868634033203125000e+01 0.000000000000000000e+00
2.050598754882812500e+02 1.892376708984375000e+01 0.000000000000000000e+00
2.051138916015625000e+02 1.874438476562500000e+01 0.000000000000000000e+00
2.051514282226562500e+02 1.871582031250000000e+01 0.000000000000000000e+00
2.052844238281250000e+02 1.860516357421875000e+01 0.000000000000000000e+00
2.053704223632812500e+02 1.856365966796875000e+01 0.000000000000000000e+00
2.054991455078125000e+02 1.879962158203125000e+01 0.000000000000000000e+00
2.054793090820312500e+02 1.877368164062500000e+01 0.000000000000000000e+00
2.055039062500000000e+02 1.864202880859375000e+01 0.000000000000000000e+00
2.054575195312500000e+02 1.874206542968750000e+01 0.000000000000000000e+00
2.054473266601562500e+02 1.881896972656250000e+01 0.000000000000000000e+00
2.054584960937500000e+02 1.877337646484375000e+01 0.000000000000000000e+00
2.054294433593750000e+02 1.873541259765625000e+01 0.000000000000000000e+00
2.053572387695312500e+02 1.863696289062500000e+01 0.000000000000000000e+00
2.052529296875000000e+02 1.865820312500000000e+01 0.000000000000000000e+00
2.052817993164062500e+02 1.864135742187500000e+01 0.000000000000000000e+00
2.053350830078125000e+02 1.871282958984375000e+01 0.000000000000000000e+00
2.051859130859375000e+02 1.864489746093750000e+01 0.000000000000000000e+00
2.051204223632812500e+02 1.871508789062500000e+01 0.000000000000000000e+00
2.049798583984375000e+02 1.882849121093750000e+01 0.000000000000000000e+00
2.049639892578125000e+02 1.871014404296875000e+01 0.000000000000000000e+00
2.048800048828125000e+02 1.882135009765625000e+01 0.000000000000000000e+00
2.048258666992187500e+02 1.880517578125000000e+01 0.000000000000000000e+00
2.050407104492187500e+02 1.878741455078125000e+01 0.000000000000000000e+00
2.052838745117187500e+02 1.867889404296875000e+01 0.000000000000000000e+00
2.052623901367187500e+02 1.870800781250000000e+01 0.000000000000000000e+00
2.052957763671875000e+02 1.854760742187500000e+01 0.000000000000000000e+00
2.052483520507812500e+02 1.854235839843750000e+01 0.000000000000000000e+00
2.052788696289062500e+02 1.848419189453125000e+01 0.000000000000000000e+00
2.053478393554687500e+02 1.853479003906250000e+01 0.000000000000000000e+00
2.053612060546875000e+02 1.841833496093750000e+01 0.000000000000000000e+00
2.052458496093750000e+02 1.825781250000000000e+01 0.000000000000000000e+00
2.051832275390625000e+02 1.825213623046875000e+01 0.000000000000000000e+00
2.051676635742187500e+02 1.833160400390625000e+01 0.000000000000000000e+00
2.051523437500000000e+02 1.823052978515625000e+01 0.000000000000000000e+00
2.052061767578125000e+02 1.824261474609375000e+01 0.000000000000000000e+00
2.051981811523437500e+02 1.833758544921875000e+01 0.000000000000000000e+00
2.051892089843750000e+02 1.829162597656250000e+01 0.000000000000000000e+00
2.050371704101562500e+02 1.828997802734375000e+01 0.000000000000000000e+00
2.048424682617187500e+02 1.835961914062500000e+01 0.000000000000000000e+00
2.048825073242187500e+02 1.839337158203125000e+01 0.000000000000000000e+00
2.048837280273437500e+02 1.848944091796875000e+01 0.000000000000000000e+00
2.048830566406250000e+02 1.845727539062500000e+01 0.000000000000000000e+00
2.050214843750000000e+02 1.837939453125000000e+01 0.000000000000000000e+00
2.051649169921875000e+02 1.831488037109375000e+01 0.000000000000000000e+00
2.051030883789062500e+02 1.827496337890625000e+01 0.000000000000000000e+00
2.050286254882812500e+02 1.830877685546875000e+01 0.000000000000000000e+00
2.050925903320312500e+02 1.822479248046875000e+01 0.000000000000000000e+00
2.051650390625000000e+02 1.830426025390625000e+01 0.000000000000000000e+00
2.049719848632812500e+02 1.849584960937500000e+01 0.000000000000000000e+00
2.050366210937500000e+02 1.849523925781250000e+01 0.000000000000000000e+00
2.050926513671875000e+02 1.858325195312500000e+01 0.000000000000000000e+00
2.051795654296875000e+02 1.860632324218750000e+01 0.000000000000000000e+00
2.052370605468750000e+02 1.864117431640625000e+01 0.000000000000000000e+00
2.053455810546875000e+02 1.854956054687500000e+01 0.000000000000000000e+00
2.054451293945312500e+02 1.858465576171875000e+01 0.000000000000000000e+00
2.055590820312500000e+02 1.864422607421875000e+01 0.000000000000000000e+00
2.056171875000000000e+02 1.856732177734375000e+01 0.000000000000000000e+00
2.055689697265625000e+02 1.874169921875000000e+01 0.000000000000000000e+00
2.055693359375000000e+02 1.884613037109375000e+01 0.000000000000000000e+00
2.055189819335937500e+02 1.885644531250000000e+01 0.000000000000000000e+00
2.055524902343750000e+02 1.889105224609375000e+01 0.000000000000000000e+00
2.055058593750000000e+02 1.888720703125000000e+01 0.000000000000000000e+00
2.054260864257812500e+02 1.892474365234375000e+01 0.000000000000000000e+00
2.055512084960937500e+02 1.886907958984375000e+01 0.000000000000000000e+00
2.057156372070312500e+02 1.873748779296875000e+01 0.000000000000000000e+00
2.056756591796875000e+02 1.875860595703125000e+01 0.000000000000000000e+00
2.056303100585937500e+02 1.892633056640625000e+01 0.000000000000000000e+00
2.056967163085937500e+02 1.892358398437500000e+01 0.000000000000000000e+00
2.057033691406250000e+02 1.905554199218750000e+01 0.000000000000000000e+00
2.058210449218750000e+02 1.904669189453125000e+01 0.000000000000000000e+00
2.058196411132812500e+02 1.906640625000000000e+01 0.000000000000000000e+00
2.058291015625000000e+02 1.927178955078125000e+01 0.000000000000000000e+00
2.059346313476562500e+02 1.920373535156250000e+01 0.000000000000000000e+00
2.059539794921875000e+02 1.926501464843750000e+01 0.000000000000000000e+00
2.059882202148437500e+02 1.932202148437500000e+01 0.000000000000000000e+00
2.061123657226562500e+02 1.941790771484375000e+01 0.000000000000000000e+00
2.060612182617187500e+02 1.944946289062500000e+01 0.000000000000000000e+00
2.059825439453125000e+02 1.940112304687500000e+01 0.000000000000000000e+00
2.060545654296875000e+02 1.936572265625000000e+01 0.000000000000000000e+00
2.061088256835937500e+02 1.930603027343750000e+01 0.000000000000000000e+00
2.060935058593750000e+02 1.949951171875000000e+01 0.000000000000000000e+00
2.060592041015625000e+02 1.948864746093750000e+01 0.000000000000000000e+00
2.061890258789062500e+02 1.953765869140625000e+01 0.000000000000000000e+00
2.062489013671875000e+02 1.959527587890625000e+01 0.000000000000000000e+00
2.062384643554687500e+02 1.951129150390625000e+01 0.000000000000000000e+00
2.062221069335937500e+02 1.953204345703125000e+01 0.000000000000000000e+00
2.063369750976562500e+02 1.955895996093750000e+01 0.000000000000000000e+00
2.062503051757812500e+02 1.970574951171875000e+01 0.000000000000000000e+00
2.061154785156250000e+02 1.947558593750000000e+01 0.000000000000000000e+00
2.060004272460937500e+02 1.960754394531250000e+01 0.000000000000000000e+00
2.060194091796875000e+02 1.961126708984375000e+01 0.000000000000000000e+00
2.060156860351562500e+02 1.965441894531250000e+01 0.000000000000000000e+00
2.059965820312500000e+02 1.975317382812500000e+01 0.000000000000000000e+00
2.059309082031250000e+02 1.976391601562500000e+01 0.000000000000000000e+00
2.059966430664062500e+02 1.974914550781250000e+01 0.000000000000000000e+00
2.059780883789062500e+02 1.970965576171875000e+01 0.000000000000000000e+00
2.060330810546875000e+02 1.979571533203125000e+01 0.000000000000000000e+00
2.060969848632812500e+02 1.974859619140625000e+01 0.000000000000000000e+00
2.060656127929687500e+02 1.987255859375000000e+01 0.000000000000000000e+00
2.060155639648437500e+02 1.997784423828125000e+01 0.000000000000000000e+00
2.059628295898437500e+02 1.979583740234375000e+01 0.000000000000000000e+00
2.061153564453125000e+02 1.974237060546875000e+01 0.000000000000000000e+00
2.060970458984375000e+02 2.008868408203125000e+01 0.000000000000000000e+00
2.061900634765625000e+02 2.020843505859375000e+01 0.000000000000000000e+00
2.062677001953125000e+02 2.038824462890625000e+01 0.000000000000000000e+00
2.062777709960937500e+02 2.035559082031250000e+01 0.000000000000000000e+00
2.062267456054687500e+02 2.046362304687500000e+01 0.000000000000000000e+00
2.063258056640625000e+02 2.045312500000000000e+01 0.000000000000000000e+00
2.062496337890625000e+02 2.039440917968750000e+01 0.000000000000000000e+00
2.062502441406250000e+02 2.048718261718750000e+01 0.000000000000000000e+00
2.062798461914062500e+02 2.033984375000000000e+01 0.000000000000000000e+00
2.062465209960937500e+02 2.043109130859375000e+01 0.000000000000000000e+00
2.061814575195312500e+02 2.043945312500000000e+01 0.000000000000000000e+00
2.061961059570312500e+02 2.041583251953125000e+01 0.000000000000000000e+00
2.060877075195312500e+02 2.048168945312500000e+01 0.000000000000000000e+00
2.061346435546875000e+02 2.041851806640625000e+01 0.000000000000000000e+00
2.061608886718750000e+02 2.064465332031250000e+01 0.000000000000000000e+00
2.061772460937500000e+02 2.062066650390625000e+01 0.000000000000000000e+00
2.061395874023437500e+02 2.060070800781250000e+01 0.000000000000000000e+00
2.061240844726562500e+02 2.052770996093750000e+01 0.000000000000000000e+00
2.061529541015625000e+02 2.049468994140625000e+01 0.000000000000000000e+00
2.061516723632812500e+02 2.057696533203125000e+01 0.000000000000000000e+00
2.061058959960937500e+02 2.067480468750000000e+01 0.000000000000000000e+00
2.061353149414062500e+02 2.069256591796875000e+01 0.000000000000000000e+00
2.061234130859375000e+02 2.078234863281250000e+01 0.000000000000000000e+00
2.061085815429687500e+02 2.102581787109375000e+01 0.000000000000000000e+00
2.060316772460937500e+02 2.086462402343750000e+01 0.000000000000000000e+00
2.060948486328125000e+02 2.082446289062500000e+01 0.000000000000000000e+00
2.061810913085937500e+02 2.077935791015625000e+01 0.000000000000000000e+00
2.061879272460937500e+02 2.073333740234375000e+01 0.000000000000000000e+00
2.062725219726562500e+02 2.065960693359375000e+01 0.000000000000000000e+00
2.064427490234375000e+02 2.070684814453125000e+01 0.000000000000000000e+00
2.065252685546875000e+02 2.081646728515625000e+01 0.000000000000000000e+00
2.065101928710937500e+02 2.102429199218750000e+01 0.000000000000000000e+00
2.065703125000000000e+02 2.095013427734375000e+01 0.000000000000000000e+00
2.064956054687500000e+02 2.107995605468750000e+01 0.000000000000000000e+00
2.065193481445312500e+02 2.107073974609375000e+01 0.000000000000000000e+00
2.065629272460937500e+02 2.085003662109375000e+01 0.000000000000000000e+00
2.065823364257812500e+02 2.061505126953125000e+01 0.000000000000000000e+00
2.065228881835937500e+02 2.062731933593750000e+01 0.000000000000000000e+00
2.066354980468750000e+02 2.030358886718750000e+01 0.000000000000000000e+00
2.064269409179687500e+02 2.007073974609375000e+01 0.000000000000000000e+00
2.063750610351562500e+02 1.985522460937500000e+01 0.000000000000000000e+00
2.062783203125000000e+02 1.978778076171875000e+01 0.000000000000000000e+00
2.062780151367187500e+02 1.980218505859375000e+01 0.000000000000000000e+00
2.062513427734375000e+02 1.982580566406250000e+01 0.000000000000000000e+00
2.062742919921875000e+02 1.983911132812500000e+01 0.000000000000000000e+00
2.063139648437500000e+02 1.982672119140625000e+01 0.000000000000000000e+00
2.062930908203125000e+02 1.979132080078125000e+01 0.000000000000000000e+00
2.063380737304687500e+02 1.985906982421875000e+01 0.000000000000000000e+00
2.062709960937500000e+02 1.985375976562500000e+01 0.000000000000000000e+00
2.062944335937500000e+02 2.000421142578125000e+01 0.000000000000000000e+00
2.062566528320312500e+02 1.987762451171875000e+01 0.000000000000000000e+00
2.062472534179687500e+02 2.008361816406250000e+01 0.000000000000000000e+00
2.062915649414062500e+02 2.005096435546875000e+01 0.000000000000000000e+00
2.062600708007812500e+02 1.996295166015625000e+01 0.000000000000000000e+00
2.063109741210937500e+02 2.002148437500000000e+01 0.000000000000000000e+00
2.063152465820312500e+02 1.992193603515625000e+01 0.000000000000000000e+00
2.063894653320312500e+02 1.979962158203125000e+01 0.000000000000000000e+00
2.064935302734375000e+02 1.980999755859375000e+01 0.000000000000000000e+00
2.064519653320312500e+02 1.987005615234375000e+01 0.000000000000000000e+00
2.065599975585937500e+02 2.008728027343750000e+01 0.000000000000000000e+00
2.065676269531250000e+02 1.995532226562500000e+01 0.000000000000000000e+00
2.065676879882812500e+02 1.982531738281250000e+01 0.000000000000000000e+00
2.066261596679687500e+02 1.983605957031250000e+01 0.000000000000000000e+00
2.065333862304687500e+02 1.966625976562500000e+01 0.000000000000000000e+00
2.065161743164062500e+02 1.947229003906250000e+01 0.000000000000000000e+00
2.063807373046875000e+02 1.954742431640625000e+01 0.000000000000000000e+00
2.061761474609375000e+02 1.959985351562500000e+01 0.000000000000000000e+00
2.061320190429687500e+02 1.972833251953125000e+01 0.000000000000000000e+00
2.061845703125000000e+02 1.999328613281250000e+01 0.000000000000000000e+00
2.061690063476562500e+02 2.012805175781250000e+01 0.000000000000000000e+00
2.064215698242187500e+02 2.005548095703125000e+01 0.000000000000000000e+00
2.063914794921875000e+02 2.005395507812500000e+01 0.000000000000000000e+00
2.063609008789062500e+02 1.997094726562500000e+01 0.000000000000000000e+00
2.064333496093750000e+02 1.992321777343750000e+01 0.000000000000000000e+00
2.064625854492187500e+02 1.996478271484375000e+01 0.000000000000000000e+00
2.064447021484375000e+02 2.010546875000000000e+01 0.000000000000000000e+00
2.064074707031250000e+02 2.005731201171875000e+01 0.000000000000000000e+00
2.064877929687500000e+02 2.004425048828125000e+01 0.000000000000000000e+00
2.064128417968750000e+02 2.024932861328125000e+01 0.000000000000000000e+00
2.063542480468750000e+02 2.026318359375000000e+01 0.000000000000000000e+00
2.064819335937500000e+02 2.007989501953125000e+01 0.000000000000000000e+00
2.065906372070312500e+02 1.999517822265625000e+01 0.000000000000000000e+00
2.067080688476562500e+02 2.006329345703125000e+01 0.000000000000000000e+00
2.065885009765625000e+02 2.038903808593750000e+01 0.000000000000000000e+00
2.065427246093750000e+02 2.042657470703125000e+01 0.000000000000000000e+00
2.066444091796875000e+02 2.051104736328125000e+01 0.000000000000000000e+00
2.066239013671875000e+02 2.054028320312500000e+01 0.000000000000000000e+00
2.067260131835937500e+02 2.046301269531250000e+01 0.000000000000000000e+00
2.067354125976562500e+02 2.051794433593750000e+01 0.000000000000000000e+00
2.067338256835937500e+02 2.069500732421875000e+01 0.000000000000000000e+00
2.067230224609375000e+02 2.063977050781250000e+01 0.000000000000000000e+00
2.067594604492187500e+02 2.067041015625000000e+01 0.000000000000000000e+00
2.068251953125000000e+02 2.085180664062500000e+01 0.000000000000000000e+00
2.069147949218750000e+02 2.081213378906250000e+01 0.000000000000000000e+00
2.068695678710937500e+02 2.073291015625000000e+01 0.000000000000000000e+00
2.069567260742187500e+02 2.070794677734375000e+01 0.000000000000000000e+00
2.069293212890625000e+02 2.083905029296875000e+01 0.000000000000000000e+00
2.068673706054687500e+02 2.087976074218750000e+01 0.000000000000000000e+00
2.068717651367187500e+02 2.093762207031250000e+01 0.000000000000000000e+00
2.068558959960937500e+02 2.080749511718750000e+01 0.000000000000000000e+00
2.066918945312500000e+02 2.050079345703125000e+01 0.000000000000000000e+00
2.067312622070312500e+02 2.041662597656250000e+01 0.000000000000000000e+00
2.067935791015625000e+02 2.046221923828125000e+01 0.000000000000000000e+00
2.067429199218750000e+02 2.028729248046875000e+01 0.000000000000000000e+00
2.067578125000000000e+02 2.028442382812500000e+01 0.000000000000000000e+00
2.067976684570312500e+02 2.007366943359375000e+01 0.000000000000000000e+00
2.068219604492187500e+02 2.023980712890625000e+01 0.000000000000000000e+00
2.067985229492187500e+02 2.032012939453125000e+01 0.000000000000000000e+00
2.067888793945312500e+02 2.069854736328125000e+01 0.000000000000000000e+00
2.068171997070312500e+02 2.067486572265625000e+01 0.000000000000000000e+00
2.068483276367187500e+02 2.073834228515625000e+01 0.000000000000000000e+00
2.068458251953125000e+02 2.097595214843750000e+01 0.000000000000000000e+00
2.067557373046875000e+02 2.128015136718750000e+01 0.000000000000000000e+00
2.068528442382812500e+02 2.132196044921875000e+01 0.000000000000000000e+00
2.069080810546875000e+02 2.118041992187500000e+01 0.000000000000000000e+00
2.069669799804687500e+02 2.130773925781250000e+01 0.000000000000000000e+00
2.070223388671875000e+02 2.144122314453125000e+01 0.000000000000000000e+00
2.070500488281250000e+02 2.149737548828125000e+01 0.000000000000000000e+00
2.070892333984375000e+02 2.154278564453125000e+01 0.000000000000000000e+00
2.070751342773437500e+02 2.155651855468750000e+01 0.000000000000000000e+00
2.071855468750000000e+02 2.142297363281250000e+01 0.000000000000000000e+00
2.072998046875000000e+02 2.155279541015625000e+01 0.000000000000000000e+00
2.073865966796875000e+02 2.138623046875000000e+01 0.000000000000000000e+00
2.073183593750000000e+02 2.152575683593750000e+01 0.000000000000000000e+00
2.073627929687500000e+02 2.142535400390625000e+01 0.000000000000000000e+00
2.072691650390625000e+02 2.145001220703125000e+01 0.000000000000000000e+00
2.073568725585937500e+02 2.158081054687500000e+01 0.000000000000000000e+00
2.073691406250000000e+02 2.161187744140625000e+01 0.000000000000000000e+00
2.072226562500000000e+02 2.191668701171875000e+01 0.000000000000000000e+00
2.071925048828125000e+02 2.193157958984375000e+01 0.000000000000000000e+00
2.072363891601562500e+02 2.191375732421875000e+01 0.000000000000000000e+00
2.072656860351562500e+02 2.195025634765625000e+01 0.000000000000000000e+00
2.072468872070312500e+02 2.190667724609375000e+01 0.000000000000000000e+00
2.073348999023437500e+02 2.202069091796875000e+01 0.000000000000000000e+00
2.072875366210937500e+02 2.198309326171875000e+01 0.000000000000000000e+00
2.073200683593750000e+02 2.191223144531250000e+01 0.000000000000000000e+00
2.072556152343750000e+02 2.181213378906250000e+01 0.000000000000000000e+00
2.074320068359375000e+02 2.171185302734375000e+01 0.000000000000000000e+00
2.074760742187500000e+02 2.157983398437500000e+01 0.000000000000000000e+00
2.073081054687500000e+02 2.136517333984375000e+01 0.000000000000000000e+00
2.072116699218750000e+02 2.145343017578125000e+01 0.000000000000000000e+00
2.071262817382812500e+02 2.179602050781250000e+01 0.000000000000000000e+00
2.069522705078125000e+02 2.174090576171875000e+01 0.000000000000000000e+00
2.069005737304687500e+02 2.182336425781250000e+01 0.000000000000000000e+00
2.069445800781250000e+02 2.178570556640625000e+01 0.000000000000000000e+00
2.069963378906250000e+02 2.162463378906250000e+01 0.000000000000000000e+00
2.070428466796875000e+02 2.151379394531250000e+01 0.000000000000000000e+00
2.071177368164062500e+02 2.144531250000000000e+01 0.000000000000000000e+00
2.070281982421875000e+02 2.149456787109375000e+01 0.000000000000000000e+00
2.070740966796875000e+02 2.163311767578125000e+01 0.000000000000000000e+00
2.072022705078125000e+02 2.167230224609375000e+01 0.000000000000000000e+00
2.071825561523437500e+02 2.163623046875000000e+01 0.000000000000000000e+00
2.071173706054687500e+02 2.157452392578125000e+01 0.000000000000000000e+00
2.070246582031250000e+02 2.154132080078125000e+01 0.000000000000000000e+00
2.070120239257812500e+02 2.168975830078125000e+01 0.000000000000000000e+00
2.070665893554687500e+02 2.157580566406250000e+01 0.000000000000000000e+00
2.071774291992187500e+02 2.150085449218750000e+01 0.000000000000000000e+00
2.071911621093750000e+02 2.154370117187500000e+01 0.000000000000000000e+00
2.071864624023437500e+02 2.152770996093750000e+01 0.000000000000000000e+00
2.071314697265625000e+02 2.137957763671875000e+01 0.000000000000000000e+00
2.071036376953125000e+02 2.131201171875000000e+01 0.000000000000000000e+00
2.071290893554687500e+02 2.136126708984375000e+01 0.000000000000000000e+00
2.071459960937500000e+02 2.136944580078125000e+01 0.000000000000000000e+00
2.070351562500000000e+02 2.128466796875000000e+01 0.000000000000000000e+00
2.069478149414062500e+02 2.157696533203125000e+01 0.000000000000000000e+00
2.070138549804687500e+02 2.153271484375000000e+01 0.000000000000000000e+00
2.069502563476562500e+02 2.130554199218750000e+01 0.000000000000000000e+00
2.069271240234375000e+02 2.116040039062500000e+01 0.000000000000000000e+00
2.069396362304687500e+02 2.104217529296875000e+01 0.000000000000000000e+00
2.069412841796875000e+02 2.082470703125000000e+01 0.000000000000000000e+00
2.069466552734375000e+02 2.089874267578125000e+01 0.000000000000000000e+00
2.069025878906250000e+02 2.089739990234375000e+01 0.000000000000000000e+00
2.069357299804687500e+02 2.090417480468750000e+01 0.000000000000000000e+00
2.068275146484375000e+02 2.085235595703125000e+01 0.000000000000000000e+00
2.068934936523437500e+02 2.097125244140625000e+01 0.000000000000000000e+00
2.069043579101562500e+02 2.087011718750000000e+01 0.000000000000000000e+00
2.068687744140625000e+02 2.090130615234375000e+01 0.000000000000000000e+00
2.068485717773437500e+02 2.084124755859375000e+01 0.000000000000000000e+00
2.067638549804687500e+02 2.086309814453125000e+01 0.000000000000000000e+00
2.067630615234375000e+02 2.059899902343750000e+01 0.000000000000000000e+00
2.067066650390625000e+02 2.047369384765625000e+01 0.000000000000000000e+00
2.067348632812500000e+02 2.041766357421875000e+01 0.000000000000000000e+00
2.068386230468750000e+02 2.039569091796875000e+01 0.000000000000000000e+00
2.069267578125000000e+02 2.040472412109375000e+01 0.000000000000000000e+00
2.068451538085937500e+02 2.038153076171875000e+01 0.000000000000000000e+00
2.068439941406250000e+02 2.043194580078125000e+01 0.000000000000000000e+00
2.068215332031250000e+02 2.036346435546875000e+01 0.000000000000000000e+00
2.067716674804687500e+02 2.021301269531250000e+01 0.000000000000000000e+00
2.067214965820312500e+02 2.058825683593750000e+01 0.000000000000000000e+00
2.066022949218750000e+02 2.057202148437500000e+01 0.000000000000000000e+00
2.067343750000000000e+02 2.059466552734375000e+01 0.000000000000000000e+00
2.067742309570312500e+02 2.053515625000000000e+01 0.000000000000000000e+00
2.067177734375000000e+02 2.041790771484375000e+01 0.000000000000000000e+00
2.067124633789062500e+02 2.048828125000000000e+01 0.000000000000000000e+00
2.067528686523437500e+02 2.036730957031250000e+01 0.000000000000000000e+00
2.067650146484375000e+02 2.042395019531250000e+01 0.000000000000000000e+00
2.067891235351562500e+02 2.048687744140625000e+01 0.000000000000000000e+00
2.067465209960937500e+02 2.042211914062500000e+01 0.000000000000000000e+00
2.066764526367187500e+02 2.040032958984375000e+01 0.000000000000000000e+00
2.067022705078125000e+02 2.041198730468750000e+01 0.000000000000000000e+00
2.066688842773437500e+02 2.041632080078125000e+01 0.000000000000000000e+00
2.067341918945312500e+02 2.054766845703125000e+01 0.000000000000000000e+00
2.066439208984375000e+02 2.082678222656250000e+01 0.000000000000000000e+00
2.066774291992187500e+02 2.078002929687500000e+01 0.000000000000000000e+00
2.065946044921875000e+02 2.095867919921875000e+01 0.000000000000000000e+00
2.066983032226562500e+02 2.108160400390625000e+01 0.000000000000000000e+00
2.067190551757812500e+02 2.105279541015625000e+01 0.000000000000000000e+00
2.067937622070312500e+02 2.111083984375000000e+01 0.000000000000000000e+00
2.068627319335937500e+02 2.115374755859375000e+01 0.000000000000000000e+00
2.068757324218750000e+02 2.098291015625000000e+01 0.000000000000000000e+00
2.068517456054687500e+02 2.102575683593750000e+01 0.000000000000000000e+00
2.069176635742187500e+02 2.105743408203125000e+01 0.000000000000000000e+00
2.068413696289062500e+02 2.096966552734375000e+01 0.000000000000000000e+00
2.068580932617187500e+02 2.114221191406250000e+01 0.000000000000000000e+00
2.067185058593750000e+02 2.109545898437500000e+01 0.000000000000000000e+00
2.065994262695312500e+02 2.088714599609375000e+01 0.000000000000000000e+00
2.064869995117187500e+02 2.093835449218750000e+01 0.000000000000000000e+00
2.065487060546875000e+02 2.073254394531250000e+01 0.000000000000000000e+00
2.065498657226562500e+02 2.056622314453125000e+01 0.000000000000000000e+00
2.065728759765625000e+02 2.071484375000000000e+01 0.000000000000000000e+00
2.066499633789062500e+02 2.079522705078125000e+01 0.000000000000000000e+00
2.066061401367187500e+02 2.077514648437500000e+01 0.000000000000000000e+00
2.065349731445312500e+02 2.084484863281250000e+01 0.000000000000000000e+00
2.066382446289062500e+02 2.093756103515625000e+01 0.000000000000000000e+00
2.065333862304687500e+02 2.088183593750000000e+01 0.000000000000000000e+00
2.065563354492187500e+02 2.091412353515625000e+01 0.000000000000000000e+00
2.064230957031250000e+02 2.105609130859375000e+01 0.000000000000000000e+00
2.064445800781250000e+02 2.109002685546875000e+01 0.000000000000000000e+00
2.065913085937500000e+02 2.116168212890625000e+01 0.000000000000000000e+00
2.063911743164062500e+02 2.123223876953125000e+01 0.000000000000000000e+00
2.063721923828125000e+02 2.107666015625000000e+01 0.000000000000000000e+00
2.064666137695312500e+02 2.117126464843750000e+01 0.000000000000000000e+00
2.064971313476562500e+02 2.100024414062500000e+01 0.000000000000000000e+00
2.065029907226562500e+02 2.094342041015625000e+01 0.000000000000000000e+00
2.065108642578125000e+02 2.107501220703125000e+01 0.000000000000000000e+00
2.065021362304687500e+02 2.106890869140625000e+01 0.000000000000000000e+00
2.066292724609375000e+02 2.110552978515625000e+01 0.000000000000000000e+00
2.067000732421875000e+02 2.118096923828125000e+01 0.000000000000000000e+00
2.066639404296875000e+02 2.118841552734375000e+01 0.000000000000000000e+00
2.068067626953125000e+02 2.110809326171875000e+01 0.000000000000000000e+00
2.068084106445312500e+02 2.119665527343750000e+01 0.000000000000000000e+00
2.067167358398437500e+02 2.124737548828125000e+01 0.000000000000000000e+00
2.067220458984375000e+02 2.120733642578125000e+01 0.000000000000000000e+00
2.067047119140625000e+02 2.129095458984375000e+01 0.000000000000000000e+00
2.067797851562500000e+02 2.147314453125000000e+01 0.000000000000000000e+00
2.067395019531250000e+02 2.148767089843750000e+01 0.000000000000000000e+00
2.066416015625000000e+02 2.170465087890625000e+01 0.000000000000000000e+00
2.066188354492187500e+02 2.189056396484375000e+01 0.000000000000000000e+00
2.065160522460937500e+02 2.202062988281250000e+01 0.000000000000000000e+00
2.066660156250000000e+02 2.193585205078125000e+01 0.000000000000000000e+00
2.068107910156250000e+02 2.185583496093750000e+01 0.000000000000000000e+00
2.067651367187500000e+02 2.176458740234375000e+01 0.000000000000000000e+00
2.068444213867187500e+02 2.168841552734375000e+01 0.000000000000000000e+00
2.069168701171875000e+02 2.156640625000000000e+01 0.000000000000000000e+00
2.068858032226562500e+02 2.155126953125000000e+01 0.000000000000000000e+00
2.069425048828125000e+02 2.151855468750000000e+01 0.000000000000000000e+00
2.069609985351562500e+02 2.142633056640625000e+01 0.000000000000000000e+00
2.069685058593750000e+02 2.121740722656250000e+01 0.000000000000000000e+00
2.071284179687500000e+02 2.106512451171875000e+01 0.000000000000000000e+00
2.070814208984375000e+02 2.125598144531250000e+01 0.000000000000000000e+00
2.071103515625000000e+02 2.113891601562500000e+01 0.000000000000000000e+00
2.069868774414062500e+02 2.099749755859375000e+01 0.000000000000000000e+00
2.069531860351562500e+02 2.087646484375000000e+01 0.000000000000000000e+00
2.067160644531250000e+02 2.078936767578125000e+01 0.000000000000000000e+00
2.068008422851562500e+02 2.086633300781250000e+01 0.000000000000000000e+00
2.067692871093750000e+02 2.083575439453125000e+01 0.000000000000000000e+00
2.067484130859375000e+02 2.091387939453125000e+01 0.000000000000000000e+00
2.067312622070312500e+02 2.096093750000000000e+01 0.000000000000000000e+00
2.066320800781250000e+02 2.084960937500000000e+01 0.000000000000000000e+00
2.065895996093750000e+02 2.087994384765625000e+01 0.000000000000000000e+00
2.065648803710937500e+02 2.085833740234375000e+01 0.000000000000000000e+00
2.066121215820312500e+02 2.090563964843750000e+01 0.000000000000000000e+00
2.065225830078125000e+02 2.097796630859375000e+01 0.000000000000000000e+00
2.064805297851562500e+02 2.094348144531250000e+01 0.000000000000000000e+00
2.064678955078125000e+02 2.074804687500000000e+01 0.000000000000000000e+00
2.063621215820312500e+02 2.086627197265625000e+01 0.000000000000000000e+00
2.064242553710937500e+02 2.099395751953125000e+01 0.000000000000000000e+00
2.065045166015625000e+02 2.105395507812500000e+01 0.000000000000000000e+00
2.064635009765625000e+02 2.111132812500000000e+01 0.000000000000000000e+00
2.064873657226562500e+02 2.109326171875000000e+01 0.000000000000000000e+00
2.065837402343750000e+02 2.098779296875000000e+01 0.000000000000000000e+00
2.065727539062500000e+02 2.122180175781250000e+01 0.000000000000000000e+00
2.066754760742187500e+02 2.130865478515625000e+01 0.000000000000000000e+00
2.066972045898437500e+02 2.149945068359375000e+01 0.000000000000000000e+00
2.067587890625000000e+02 2.144488525390625000e+01 0.000000000000000000e+00
2.068683471679687500e+02 2.147674560546875000e+01 0.000000000000000000e+00
2.069525756835937500e+02 2.145007324218750000e+01 0.000000000000000000e+00
2.070008544921875000e+02 2.144274902343750000e+01 0.000000000000000000e+00
2.070327758789062500e+02 2.143725585937500000e+01 0.000000000000000000e+00
2.070848388671875000e+02 2.135174560546875000e+01 0.000000000000000000e+00
2.070955200195312500e+02 2.149353027343750000e+01 0.000000000000000000e+00
2.070117187500000000e+02 2.152679443359375000e+01 0.000000000000000000e+00
2.070360717773437500e+02 2.150494384765625000e+01 0.000000000000000000e+00
2.069597778320312500e+02 2.153466796875000000e+01 0.000000000000000000e+00
2.069527587890625000e+02 2.162347412109375000e+01 0.000000000000000000e+00
2.069577636718750000e+02 2.151770019531250000e+01 0.000000000000000000e+00
2.070040283203125000e+02 2.144519042968750000e+01 0.000000000000000000e+00
2.070132446289062500e+02 2.133972167968750000e+01 0.000000000000000000e+00
2.070419921875000000e+02 2.114526367187500000e+01 0.000000000000000000e+00
2.070758666992187500e+02 2.084936523437500000e+01 0.000000000000000000e+00
2.069515380859375000e+02 2.116827392578125000e+01 0.000000000000000000e+00
2.070333251953125000e+02 2.129425048828125000e+01 0.000000000000000000e+00
2.069830932617187500e+02 2.127593994140625000e+01 0.000000000000000000e+00
2.070276489257812500e+02 2.127392578125000000e+01 0.000000000000000000e+00
2.069937133789062500e+02 2.113592529296875000e+01 0.000000000000000000e+00
2.070791625976562500e+02 2.086175537109375000e+01 0.000000000000000000e+00
2.071140747070312500e+02 2.082427978515625000e+01 0.000000000000000000e+00
2.071887207031250000e+02 2.077978515625000000e+01 0.000000000000000000e+00
2.071968383789062500e+02 2.072631835937500000e+01 0.000000000000000000e+00
2.072355346679687500e+02 2.079016113281250000e+01 0.000000000000000000e+00
2.072239379882812500e+02 2.091113281250000000e+01 0.000000000000000000e+00
2.072064819335937500e+02 2.097052001953125000e+01 0.000000000000000000e+00
2.071720581054687500e+02 2.120892333984375000e+01 0.000000000000000000e+00
2.071843261718750000e+02 2.123181152343750000e+01 0.000000000000000000e+00
2.072149047851562500e+02 2.134472656250000000e+01 0.000000000000000000e+00
2.070096435546875000e+02 2.157153320312500000e+01 0.000000000000000000e+00
2.068148803710937500e+02 2.175390625000000000e+01 0.000000000000000000e+00
2.066293945312500000e+02 2.181439208984375000e+01 0.000000000000000000e+00
2.066229858398437500e+02 2.180187988281250000e+01 0.000000000000000000e+00
2.066535034179687500e+02 2.193060302734375000e+01 0.000000000000000000e+00
2.067527465820312500e+02 2.191583251953125000e+01 0.000000000000000000e+00
