1.919849243164062500e+02 2.709411621093750000e+00 0.000000000000000000e+00
1.919678344726562500e+02 2.689147949218750000e+00 0.000000000000000000e+00
1.919524536132812500e+02 2.678039550781250000e+00 0.000000000000000000e+00
1.916130981445312500e+02 2.490539550781250000e+00 0.000000000000000000e+00
1.904016113281250000e+02 1.959960937500000000e+00 0.000000000000000000e+00
1.891833496093750000e+02 1.599548339843750000e+00 0.000000000000000000e+00
1.880312500000000000e+02 1.538696289062500000e+00 0.000000000000000000e+00
1.877155151367187500e+02 1.497253417968750000e+00 0.000000000000000000e+00
1.873701782226562500e+02 1.568420410156250000e+00 0.000000000000000000e+00
1.873276367187500000e+02 1.684509277343750000e+00 0.000000000000000000e+00
1.873477172851562500e+02 1.878662109375000000e+00 0.000000000000000000e+00
1.873823852539062500e+02 1.865844726562500000e+00 0.000000000000000000e+00
1.874989624023437500e+02 1.833007812500000000e+00 0.000000000000000000e+00
1.875092773437500000e+02 1.913513183593750000e+00 0.000000000000000000e+00
1.874226074218750000e+02 2.040283203125000000e+00 0.000000000000000000e+00
1.872354125976562500e+02 1.986389160156250000e+00 0.000000000000000000e+00
1.872391967773437500e+02 1.843994140625000000e+00 0.000000000000000000e+00
1.871977539062500000e+02 1.757934570312500000e+00 0.000000000000000000e+00
1.872564086914062500e+02 1.735717773437500000e+00 0.000000000000000000e+00
1.873619995117187500e+02 1.752502441406250000e+00 0.000000000000000000e+00
1.874072875976562500e+02 1.726562500000000000e+00 0.000000000000000000e+00
1.875457763671875000e+02 1.765441894531250000e+00 0.000000000000000000e+00
1.876313476562500000e+02 1.824523925781250000e+00 0.000000000000000000e+00
1.878133544921875000e+02 1.952575683593750000e+00 0.000000000000000000e+00
1.881010742187500000e+02 1.939575195312500000e+00 0.000000000000000000e+00
1.880686035156250000e+02 1.952575683593750000e+00 0.000000000000000000e+00
1.881817626953125000e+02 1.979064941406250000e+00 0.000000000000000000e+00
1.882890014648437500e+02 1.996826171875000000e+00 0.000000000000000000e+00
1.882294921875000000e+02 2.061340332031250000e+00 0.000000000000000000e+00
1.882958374023437500e+02 2.134643554687500000e+00 0.000000000000000000e+00
1.882996215820312500e+02 2.102905273437500000e+00 0.000000000000000000e+00
1.882523803710937500e+02 2.018310546875000000e+00 0.000000000000000000e+00
1.880536499023437500e+02 2.003662109375000000e+00 0.000000000000000000e+00
1.880153198242187500e+02 1.927856445312500000e+00 0.000000000000000000e+00
1.879428710937500000e+02 1.929382324218750000e+00 0.000000000000000000e+00
1.880791015625000000e+02 1.943908691406250000e+00 0.000000000000000000e+00
1.881734008789062500e+02 2.020751953125000000e+00 0.000000000000000000e+00
1.883327636718750000e+02 2.014099121093750000e+00 0.000000000000000000e+00
1.883729248046875000e+02 2.099731445312500000e+00 0.000000000000000000e+00
1.884262084960937500e+02 2.096557617187500000e+00 0.000000000000000000e+00
1.884456787109375000e+02 2.074890136718750000e+00 0.000000000000000000e+00
1.881850585937500000e+02 1.998474121093750000e+00 0.000000000000000000e+00
1.875329589843750000e+02 1.794372558593750000e+00 0.000000000000000000e+00
1.869339599609375000e+02 1.462890625000000000e+00 0.000000000000000000e+00
1.868319091796875000e+02 1.453613281250000000e+00 0.000000000000000000e+00
1.868591308593750000e+02 1.478576660156250000e+00 0.000000000000000000e+00
1.871138305664062500e+02 1.611083984375000000e+00 0.000000000000000000e+00
1.873168945312500000e+02 1.610595703125000000e+00 0.000000000000000000e+00
1.874629516601562500e+02 1.748596191406250000e+00 0.000000000000000000e+00
1.875556640625000000e+02 1.886840820312500000e+00 0.000000000000000000e+00
1.875555419921875000e+02 1.945739746093750000e+00 0.000000000000000000e+00
1.874790649414062500e+02 1.887817382812500000e+00 0.000000000000000000e+00
1.874683227539062500e+02 1.903259277343750000e+00 0.000000000000000000e+00
1.873507080078125000e+02 1.905944824218750000e+00 0.000000000000000000e+00
1.872117309570312500e+02 1.875183105468750000e+00 0.000000000000000000e+00
1.872236328125000000e+02 1.829589843750000000e+00 0.000000000000000000e+00
1.872640991210937500e+02 1.870056152343750000e+00 0.000000000000000000e+00
1.873237304687500000e+02 1.898803710937500000e+00 0.000000000000000000e+00
1.875358276367187500e+02 1.806396484375000000e+00 0.000000000000000000e+00
1.876701049804687500e+02 1.921997070312500000e+00 0.000000000000000000e+00
1.880219726562500000e+02 1.851318359375000000e+00 0.000000000000000000e+00
1.880625000000000000e+02 1.887756347656250000e+00 0.000000000000000000e+00
1.880171508789062500e+02 1.947448730468750000e+00 0.000000000000000000e+00
1.879722290039062500e+02 1.967041015625000000e+00 0.000000000000000000e+00
1.879790649414062500e+02 2.034851074218750000e+00 0.000000000000000000e+00
1.880421142578125000e+02 2.064331054687500000e+00 0.000000000000000000e+00
1.881435546875000000e+02 2.091064453125000000e+00 0.000000000000000000e+00
1.880964965820312500e+02 2.083312988281250000e+00 0.000000000000000000e+00
1.882350463867187500e+02 2.064636230468750000e+00 0.000000000000000000e+00
1.882705688476562500e+02 2.155944824218750000e+00 0.000000000000000000e+00
1.883562011718750000e+02 2.190124511718750000e+00 0.000000000000000000e+00
1.884522705078125000e+02 2.239685058593750000e+00 0.000000000000000000e+00
1.884886474609375000e+02 2.166015625000000000e+00 0.000000000000000000e+00
1.886588745117187500e+02 2.134704589843750000e+00 0.000000000000000000e+00
1.885439453125000000e+02 2.162841796875000000e+00 0.000000000000000000e+00
1.887449951171875000e+02 2.260864257812500000e+00 0.000000000000000000e+00
1.888253173828125000e+02 2.311767578125000000e+00 0.000000000000000000e+00
1.887879638671875000e+02 2.362121582031250000e+00 0.000000000000000000e+00
1.888705444335937500e+02 2.297668457031250000e+00 0.000000000000000000e+00
1.887438354492187500e+02 2.265197753906250000e+00 0.000000000000000000e+00
1.883336791992187500e+02 1.976684570312500000e+00 0.000000000000000000e+00
1.875595092773437500e+02 1.688476562500000000e+00 0.000000000000000000e+00
1.869944458007812500e+02 1.458862304687500000e+00 0.000000000000000000e+00
1.866322631835937500e+02 1.475341796875000000e+00 0.000000000000000000e+00
1.866157836914062500e+02 1.391235351562500000e+00 0.000000000000000000e+00
1.866388549804687500e+02 1.444152832031250000e+00 0.000000000000000000e+00
1.868832397460937500e+02 1.561645507812500000e+00 0.000000000000000000e+00
1.868364868164062500e+02 1.621093750000000000e+00 0.000000000000000000e+00
1.866976318359375000e+02 1.591796875000000000e+00 0.000000000000000000e+00
1.866305541992187500e+02 1.682312011718750000e+00 0.000000000000000000e+00
1.867968139648437500e+02 1.861938476562500000e+00 0.000000000000000000e+00
1.867852783203125000e+02 1.813903808593750000e+00 0.000000000000000000e+00
1.869310302734375000e+02 1.787841796875000000e+00 0.000000000000000000e+00
1.869244995117187500e+02 1.783691406250000000e+00 0.000000000000000000e+00
1.867091064453125000e+02 1.881896972656250000e+00 0.000000000000000000e+00
1.866878051757812500e+02 1.851074218750000000e+00 0.000000000000000000e+00
1.870491943359375000e+02 1.835388183593750000e+00 0.000000000000000000e+00
1.870579223632812500e+02 1.848510742187500000e+00 0.000000000000000000e+00
1.872172241210937500e+02 1.842529296875000000e+00 0.000000000000000000e+00
1.873656616210937500e+02 1.902038574218750000e+00 0.000000000000000000e+00
1.874948120117187500e+02 1.846069335937500000e+00 0.000000000000000000e+00
1.875685424804687500e+02 1.961547851562500000e+00 0.000000000000000000e+00
1.877157592773437500e+02 1.936401367187500000e+00 0.000000000000000000e+00
1.876413574218750000e+02 1.961425781250000000e+00 0.000000000000000000e+00
1.877071533203125000e+02 1.970764160156250000e+00 0.000000000000000000e+00
1.876828002929687500e+02 1.954711914062500000e+00 0.000000000000000000e+00
1.876525878906250000e+02 1.966674804687500000e+00 0.000000000000000000e+00
1.877780151367187500e+02 2.045288085937500000e+00 0.000000000000000000e+00
1.879232177734375000e+02 2.086059570312500000e+00 0.000000000000000000e+00
1.879864501953125000e+02 2.102783203125000000e+00 0.000000000000000000e+00
1.880289916992187500e+02 1.987365722656250000e+00 0.000000000000000000e+00
1.881824951171875000e+02 2.046264648437500000e+00 0.000000000000000000e+00
1.883121948242187500e+02 2.039611816406250000e+00 0.000000000000000000e+00
1.883586425781250000e+02 2.047729492187500000e+00 0.000000000000000000e+00
1.884641113281250000e+02 2.064697265625000000e+00 0.000000000000000000e+00
1.885565185546875000e+02 2.013916015625000000e+00 0.000000000000000000e+00
1.886574096679687500e+02 2.089294433593750000e+00 0.000000000000000000e+00
1.884736328125000000e+02 2.034729003906250000e+00 0.000000000000000000e+00
1.878510131835937500e+02 1.847167968750000000e+00 0.000000000000000000e+00
1.871602172851562500e+02 1.517395019531250000e+00 0.000000000000000000e+00
1.864072875976562500e+02 1.466857910156250000e+00 0.000000000000000000e+00
1.863422851562500000e+02 1.423278808593750000e+00 0.000000000000000000e+00
1.861210937500000000e+02 1.451049804687500000e+00 0.000000000000000000e+00
1.861583862304687500e+02 1.546264648437500000e+00 0.000000000000000000e+00
1.861649169921875000e+02 1.574523925781250000e+00 0.000000000000000000e+00
1.862615356445312500e+02 1.658447265625000000e+00 0.000000000000000000e+00
1.863246459960937500e+02 1.741699218750000000e+00 0.000000000000000000e+00
1.864561157226562500e+02 1.828857421875000000e+00 0.000000000000000000e+00
1.864058227539062500e+02 1.739685058593750000e+00 0.000000000000000000e+00
1.864109497070312500e+02 1.682312011718750000e+00 0.000000000000000000e+00
1.864459838867187500e+02 1.659362792968750000e+00 0.000000000000000000e+00
1.864884033203125000e+02 1.621704101562500000e+00 0.000000000000000000e+00
1.866242065429687500e+02 1.648010253906250000e+00 0.000000000000000000e+00
1.868190917968750000e+02 1.809570312500000000e+00 0.000000000000000000e+00
1.868647460937500000e+02 1.852111816406250000e+00 0.000000000000000000e+00
1.868511962890625000e+02 1.857055664062500000e+00 0.000000000000000000e+00
1.870676879882812500e+02 1.927856445312500000e+00 0.000000000000000000e+00
1.872433471679687500e+02 1.944335937500000000e+00 0.000000000000000000e+00
1.874841308593750000e+02 2.014038085937500000e+00 0.000000000000000000e+00
1.877169799804687500e+02 2.131958007812500000e+00 0.000000000000000000e+00
1.879614257812500000e+02 2.101074218750000000e+00 0.000000000000000000e+00
1.880020751953125000e+02 2.251647949218750000e+00 0.000000000000000000e+00
1.881008300781250000e+02 2.222717285156250000e+00 0.000000000000000000e+00
1.883020629882812500e+02 2.192932128906250000e+00 0.000000000000000000e+00
1.883703002929687500e+02 2.263122558593750000e+00 0.000000000000000000e+00
1.884729614257812500e+02 2.274902343750000000e+00 0.000000000000000000e+00
1.886115112304687500e+02 2.368957519531250000e+00 0.000000000000000000e+00
1.886383666992187500e+02 2.283935546875000000e+00 0.000000000000000000e+00
1.886141967773437500e+02 2.291992187500000000e+00 0.000000000000000000e+00
1.886948852539062500e+02 2.338684082031250000e+00 0.000000000000000000e+00
1.888237304687500000e+02 2.413635253906250000e+00 0.000000000000000000e+00
1.889273071289062500e+02 2.418884277343750000e+00 0.000000000000000000e+00
1.890009155273437500e+02 2.500061035156250000e+00 0.000000000000000000e+00
1.889344482421875000e+02 2.539733886718750000e+00 0.000000000000000000e+00
1.887794189453125000e+02 2.462768554687500000e+00 0.000000000000000000e+00
1.884502563476562500e+02 2.158874511718750000e+00 0.000000000000000000e+00
1.874008178710937500e+02 1.815124511718750000e+00 0.000000000000000000e+00
1.871055297851562500e+02 1.741210937500000000e+00 0.000000000000000000e+00
1.870598754882812500e+02 1.696594238281250000e+00 0.000000000000000000e+00
1.872109375000000000e+02 1.737976074218750000e+00 0.000000000000000000e+00
1.873318481445312500e+02 1.799560546875000000e+00 0.000000000000000000e+00
1.875717773437500000e+02 1.766418457031250000e+00 0.000000000000000000e+00
1.875265502929687500e+02 1.854797363281250000e+00 0.000000000000000000e+00
1.876171264648437500e+02 1.850097656250000000e+00 0.000000000000000000e+00
1.876796875000000000e+02 1.889831542968750000e+00 0.000000000000000000e+00
1.877684326171875000e+02 1.932067871093750000e+00 0.000000000000000000e+00
1.876942749023437500e+02 1.907165527343750000e+00 0.000000000000000000e+00
1.876605224609375000e+02 1.890502929687500000e+00 0.000000000000000000e+00
1.875933227539062500e+02 1.829040527343750000e+00 0.000000000000000000e+00
1.874526367187500000e+02 1.899230957031250000e+00 0.000000000000000000e+00
1.875769653320312500e+02 1.868957519531250000e+00 0.000000000000000000e+00
1.875838012695312500e+02 1.948120117187500000e+00 0.000000000000000000e+00
1.878261718750000000e+02 1.901489257812500000e+00 0.000000000000000000e+00
1.879464111328125000e+02 1.962951660156250000e+00 0.000000000000000000e+00
1.879943847656250000e+02 2.097900390625000000e+00 0.000000000000000000e+00
1.882517700195312500e+02 2.119384765625000000e+00 0.000000000000000000e+00
1.883632812500000000e+02 2.197692871093750000e+00 0.000000000000000000e+00
1.884071655273437500e+02 2.182556152343750000e+00 0.000000000000000000e+00
1.884893188476562500e+02 2.177001953125000000e+00 0.000000000000000000e+00
1.884734497070312500e+02 2.218444824218750000e+00 0.000000000000000000e+00
1.886091918945312500e+02 2.091430664062500000e+00 0.000000000000000000e+00
1.886184692382812500e+02 2.187744140625000000e+00 0.000000000000000000e+00
1.885424804687500000e+02 2.207824707031250000e+00 0.000000000000000000e+00
1.886272583007812500e+02 2.259887695312500000e+00 0.000000000000000000e+00
1.885605468750000000e+02 2.211059570312500000e+00 0.000000000000000000e+00
1.883742675781250000e+02 2.313354492187500000e+00 0.000000000000000000e+00
1.885686035156250000e+02 2.335998535156250000e+00 0.000000000000000000e+00
1.886948242187500000e+02 2.347473144531250000e+00 0.000000000000000000e+00
1.886896972656250000e+02 2.388671875000000000e+00 0.000000000000000000e+00
1.888670043945312500e+02 2.445617675781250000e+00 0.000000000000000000e+00
1.889332885742187500e+02 2.322021484375000000e+00 0.000000000000000000e+00
1.888721313476562500e+02 2.318298339843750000e+00 0.000000000000000000e+00
1.883911743164062500e+02 2.097106933593750000e+00 0.000000000000000000e+00
1.874998779296875000e+02 1.784240722656250000e+00 0.000000000000000000e+00
1.868406372070312500e+02 1.738769531250000000e+00 0.000000000000000000e+00
1.866812133789062500e+02 1.591552734375000000e+00 0.000000000000000000e+00
1.867582397460937500e+02 1.652465820312500000e+00 0.000000000000000000e+00
1.867086791992187500e+02 1.760375976562500000e+00 0.000000000000000000e+00
1.867339477539062500e+02 1.739135742187500000e+00 0.000000000000000000e+00
1.867921752929687500e+02 1.816040039062500000e+00 0.000000000000000000e+00
1.868942260742187500e+02 1.866088867187500000e+00 0.000000000000000000e+00
1.869766235351562500e+02 1.981079101562500000e+00 0.000000000000000000e+00
1.870932006835937500e+02 1.910339355468750000e+00 0.000000000000000000e+00
1.871824340820312500e+02 1.872680664062500000e+00 0.000000000000000000e+00
1.871404418945312500e+02 1.799072265625000000e+00 0.000000000000000000e+00
1.871902465820312500e+02 1.730224609375000000e+00 0.000000000000000000e+00
1.871105346679687500e+02 1.628051757812500000e+00 0.000000000000000000e+00
1.870256958007812500e+02 1.657897949218750000e+00 0.000000000000000000e+00
1.869195556640625000e+02 1.754699707031250000e+00 0.000000000000000000e+00
1.867853393554687500e+02 1.872680664062500000e+00 0.000000000000000000e+00
1.868168334960937500e+02 1.860839843750000000e+00 0.000000000000000000e+00
1.868411254882812500e+02 1.838745117187500000e+00 0.000000000000000000e+00
1.868862915039062500e+02 1.848388671875000000e+00 0.000000000000000000e+00
1.870260620117187500e+02 1.850952148437500000e+00 0.000000000000000000e+00
1.870286254882812500e+02 1.807495117187500000e+00 0.000000000000000000e+00
1.871797485351562500e+02 1.797790527343750000e+00 0.000000000000000000e+00
1.872327270507812500e+02 1.812194824218750000e+00 0.000000000000000000e+00
1.873249511718750000e+02 1.893920898437500000e+00 0.000000000000000000e+00
1.872265625000000000e+02 1.853271484375000000e+00 0.000000000000000000e+00
1.871013183593750000e+02 1.925659179687500000e+00 0.000000000000000000e+00
1.871797485351562500e+02 1.927185058593750000e+00 0.000000000000000000e+00
1.872531738281250000e+02 1.922363281250000000e+00 0.000000000000000000e+00
1.873079833984375000e+02 1.942016601562500000e+00 0.000000000000000000e+00
1.873407592773437500e+02 1.972412109375000000e+00 0.000000000000000000e+00
1.873188476562500000e+02 2.093750000000000000e+00 0.000000000000000000e+00
1.874990844726562500e+02 2.057250976562500000e+00 0.000000000000000000e+00
1.875693969726562500e+02 2.044860839843750000e+00 0.000000000000000000e+00
1.876442871093750000e+02 2.063110351562500000e+00 0.000000000000000000e+00
1.877789916992187500e+02 2.137084960937500000e+00 0.000000000000000000e+00
1.876565551757812500e+02 2.108276367187500000e+00 0.000000000000000000e+00
1.872648925781250000e+02 1.944030761718750000e+00 0.000000000000000000e+00
1.865929565429687500e+02 1.663574218750000000e+00 0.000000000000000000e+00
1.862689208984375000e+02 1.472839355468750000e+00 0.000000000000000000e+00
1.862189941406250000e+02 1.356689453125000000e+00 0.000000000000000000e+00
1.862685546875000000e+02 1.390563964843750000e+00 0.000000000000000000e+00
1.864060668945312500e+02 1.402038574218750000e+00 0.000000000000000000e+00
1.865695190429687500e+02 1.503723144531250000e+00 0.000000000000000000e+00
1.866080932617187500e+02 1.611633300781250000e+00 0.000000000000000000e+00
1.865762329101562500e+02 1.584472656250000000e+00 0.000000000000000000e+00
1.865711059570312500e+02 1.615417480468750000e+00 0.000000000000000000e+00
1.865963745117187500e+02 1.670715332031250000e+00 0.000000000000000000e+00
1.866162719726562500e+02 1.608459472656250000e+00 0.000000000000000000e+00
1.866348876953125000e+02 1.552001953125000000e+00 0.000000000000000000e+00
1.865960083007812500e+02 1.569274902343750000e+00 0.000000000000000000e+00
1.865560913085937500e+02 1.630310058593750000e+00 0.000000000000000000e+00
1.865246582031250000e+02 1.555847167968750000e+00 0.000000000000000000e+00
1.864354858398437500e+02 1.644836425781250000e+00 0.000000000000000000e+00
1.863754882812500000e+02 1.666931152343750000e+00 0.000000000000000000e+00
1.864269409179687500e+02 1.732238769531250000e+00 0.000000000000000000e+00
1.863112182617187500e+02 1.786132812500000000e+00 0.000000000000000000e+00
1.862770996093750000e+02 1.689025878906250000e+00 0.000000000000000000e+00
1.859301147460937500e+02 1.706848144531250000e+00 0.000000000000000000e+00
1.857504882812500000e+02 1.539123535156250000e+00 0.000000000000000000e+00
1.859578857421875000e+02 1.476379394531250000e+00 0.000000000000000000e+00
1.861154785156250000e+02 1.505493164062500000e+00 0.000000000000000000e+00
1.860420532226562500e+02 1.490661621093750000e+00 0.000000000000000000e+00
1.859711303710937500e+02 1.460205078125000000e+00 0.000000000000000000e+00
1.859973754882812500e+02 1.538085937500000000e+00 0.000000000000000000e+00
1.859478759765625000e+02 1.524658203125000000e+00 0.000000000000000000e+00
1.860408325195312500e+02 1.499267578125000000e+00 0.000000000000000000e+00
1.861270751953125000e+02 1.486877441406250000e+00 0.000000000000000000e+00
1.861849365234375000e+02 1.455444335937500000e+00 0.000000000000000000e+00
1.862196655273437500e+02 1.588256835937500000e+00 0.000000000000000000e+00
1.863364257812500000e+02 1.603881835937500000e+00 0.000000000000000000e+00
1.863073120117187500e+02 1.622741699218750000e+00 0.000000000000000000e+00
1.862595825195312500e+02 1.604614257812500000e+00 0.000000000000000000e+00
1.859598999023437500e+02 1.549133300781250000e+00 0.000000000000000000e+00
1.852607421875000000e+02 1.407653808593750000e+00 0.000000000000000000e+00
1.848099975585937500e+02 1.093566894531250000e+00 0.000000000000000000e+00
1.844343872070312500e+02 1.049865722656250000e+00 0.000000000000000000e+00
1.842992553710937500e+02 1.084655761718750000e+00 0.000000000000000000e+00
1.844573974609375000e+02 1.078247070312500000e+00 0.000000000000000000e+00
1.844982910156250000e+02 1.080749511718750000e+00 0.000000000000000000e+00
1.845733642578125000e+02 1.078735351562500000e+00 0.000000000000000000e+00
1.846475219726562500e+02 1.208801269531250000e+00 0.000000000000000000e+00
1.846137084960937500e+02 1.235595703125000000e+00 0.000000000000000000e+00
1.845701904296875000e+02 1.252990722656250000e+00 0.000000000000000000e+00
1.845944824218750000e+02 1.270690917968750000e+00 0.000000000000000000e+00
1.845770874023437500e+02 1.266540527343750000e+00 0.000000000000000000e+00
1.845988769531250000e+02 1.270202636718750000e+00 0.000000000000000000e+00
1.845309448242187500e+02 1.312683105468750000e+00 0.000000000000000000e+00
1.844459228515625000e+02 1.297546386718750000e+00 0.000000000000000000e+00
1.845588989257812500e+02 1.389038085937500000e+00 0.000000000000000000e+00
1.846420288085937500e+02 1.440063476562500000e+00 0.000000000000000000e+00
1.847176513671875000e+02 1.448303222656250000e+00 0.000000000000000000e+00
1.848129882812500000e+02 1.465820312500000000e+00 0.000000000000000000e+00
1.848145751953125000e+02 1.495361328125000000e+00 0.000000000000000000e+00
1.849005737304687500e+02 1.446899414062500000e+00 0.000000000000000000e+00
1.849837646484375000e+02 1.412048339843750000e+00 0.000000000000000000e+00
1.850692138671875000e+02 1.340881347656250000e+00 0.000000000000000000e+00
1.850661621093750000e+02 1.441101074218750000e+00 0.000000000000000000e+00
1.850944824218750000e+02 1.409667968750000000e+00 0.000000000000000000e+00
1.851954956054687500e+02 1.336303710937500000e+00 0.000000000000000000e+00
1.853969116210937500e+02 1.280212402343750000e+00 0.000000000000000000e+00
1.854204711914062500e+02 1.284362792968750000e+00 0.000000000000000000e+00
1.855626831054687500e+02 1.288024902343750000e+00 0.000000000000000000e+00
1.856943969726562500e+02 1.268920898437500000e+00 0.000000000000000000e+00
1.854807128906250000e+02 1.269409179687500000e+00 0.000000000000000000e+00
1.854143066406250000e+02 1.341552734375000000e+00 0.000000000000000000e+00
1.854344482421875000e+02 1.447570800781250000e+00 0.000000000000000000e+00
1.853114624023437500e+02 1.501586914062500000e+00 0.000000000000000000e+00
1.853098144531250000e+02 1.471435546875000000e+00 0.000000000000000000e+00
1.854694213867187500e+02 1.519226074218750000e+00 0.000000000000000000e+00
1.855995483398437500e+02 1.579040527343750000e+00 0.000000000000000000e+00
1.859080200195312500e+02 1.623229980468750000e+00 0.000000000000000000e+00
1.860468750000000000e+02 1.646240234375000000e+00 0.000000000000000000e+00
1.859976806640625000e+02 1.682189941406250000e+00 0.000000000000000000e+00
1.855197143554687500e+02 1.397705078125000000e+00 0.000000000000000000e+00
1.845693969726562500e+02 1.127502441406250000e+00 0.000000000000000000e+00
1.841057739257812500e+02 9.420776367187500000e-01 0.000000000000000000e+00
1.839099121093750000e+02 9.121093750000000000e-01 0.000000000000000000e+00
1.837754516601562500e+02 9.420166015625000000e-01 0.000000000000000000e+00
1.838455810546875000e+02 9.458007812500000000e-01 0.000000000000000000e+00
1.840246582031250000e+02 1.013854980468750000e+00 0.000000000000000000e+00
1.840804443359375000e+02 1.051879882812500000e+00 0.000000000000000000e+00
1.840714721679687500e+02 1.087402343750000000e+00 0.000000000000000000e+00
1.841837768554687500e+02 1.090454101562500000e+00 0.000000000000000000e+00
1.842727050781250000e+02 1.101074218750000000e+00 0.000000000000000000e+00
1.842969970703125000e+02 1.077941894531250000e+00 0.000000000000000000e+00
1.843119506835937500e+02 9.643554687500000000e-01 0.000000000000000000e+00
1.842832641601562500e+02 8.902587890625000000e-01 0.000000000000000000e+00
1.842648315429687500e+02 9.333496093750000000e-01 0.000000000000000000e+00
1.840544433593750000e+02 9.880981445312500000e-01 0.000000000000000000e+00
1.839779052734375000e+02 1.076538085937500000e+00 0.000000000000000000e+00
1.840220336914062500e+02 1.074157714843750000e+00 0.000000000000000000e+00
1.840794677734375000e+02 1.097473144531250000e+00 0.000000000000000000e+00
1.841417846679687500e+02 1.096496582031250000e+00 0.000000000000000000e+00
1.839591674804687500e+02 1.115844726562500000e+00 0.000000000000000000e+00
1.840111083984375000e+02 1.142883300781250000e+00 0.000000000000000000e+00
1.842004394531250000e+02 1.216064453125000000e+00 0.000000000000000000e+00
1.842673950195312500e+02 1.281982421875000000e+00 0.000000000000000000e+00
1.843321533203125000e+02 1.284057617187500000e+00 0.000000000000000000e+00
1.844628295898437500e+02 1.265319824218750000e+00 0.000000000000000000e+00
1.845644531250000000e+02 1.288146972656250000e+00 0.000000000000000000e+00
1.846997070312500000e+02 1.351745605468750000e+00 0.000000000000000000e+00
1.849431152343750000e+02 1.352111816406250000e+00 0.000000000000000000e+00
1.850392456054687500e+02 1.342407226562500000e+00 0.000000000000000000e+00
1.850025634765625000e+02 1.392639160156250000e+00 0.000000000000000000e+00
1.849905395507812500e+02 1.406738281250000000e+00 0.000000000000000000e+00
1.850209960937500000e+02 1.488464355468750000e+00 0.000000000000000000e+00
1.850701904296875000e+02 1.497497558593750000e+00 0.000000000000000000e+00
1.850404663085937500e+02 1.593811035156250000e+00 0.000000000000000000e+00
1.852416992187500000e+02 1.468200683593750000e+00 0.000000000000000000e+00
1.854429931640625000e+02 1.502624511718750000e+00 0.000000000000000000e+00
1.856436157226562500e+02 1.561218261718750000e+00 0.000000000000000000e+00
1.858152465820312500e+02 1.542175292968750000e+00 0.000000000000000000e+00
1.858358154296875000e+02 1.462646484375000000e+00 0.000000000000000000e+00
1.858148803710937500e+02 1.585632324218750000e+00 0.000000000000000000e+00
1.856642456054687500e+02 1.657226562500000000e+00 0.000000000000000000e+00
1.854255981445312500e+02 1.545166015625000000e+00 0.000000000000000000e+00
1.845803833007812500e+02 1.471191406250000000e+00 0.000000000000000000e+00
1.838577880859375000e+02 1.083435058593750000e+00 0.000000000000000000e+00
1.834136962890625000e+02 9.404296875000000000e-01 0.000000000000000000e+00
1.828647460937500000e+02 7.921142578125000000e-01 0.000000000000000000e+00
1.826573486328125000e+02 7.299804687500000000e-01 0.000000000000000000e+00
1.828050537109375000e+02 7.410278320312500000e-01 0.000000000000000000e+00
1.829918212890625000e+02 8.893432617187500000e-01 0.000000000000000000e+00
1.833385009765625000e+02 9.515380859375000000e-01 0.000000000000000000e+00
1.833941040039062500e+02 9.577026367187500000e-01 0.000000000000000000e+00
1.835202026367187500e+02 9.199218750000000000e-01 0.000000000000000000e+00
1.837450561523437500e+02 9.828491210937500000e-01 0.000000000000000000e+00
1.837105102539062500e+02 9.418945312500000000e-01 0.000000000000000000e+00
1.835761108398437500e+02 9.729003906250000000e-01 0.000000000000000000e+00
1.832593994140625000e+02 9.540405273437500000e-01 0.000000000000000000e+00
1.832095336914062500e+02 9.046630859375000000e-01 0.000000000000000000e+00
1.832136230468750000e+02 8.843994140625000000e-01 0.000000000000000000e+00
1.832979736328125000e+02 9.768676757812500000e-01 0.000000000000000000e+00
1.834418945312500000e+02 9.827270507812500000e-01 0.000000000000000000e+00
1.835532836914062500e+02 1.042480468750000000e+00 0.000000000000000000e+00
1.837666015625000000e+02 1.102172851562500000e+00 0.000000000000000000e+00
1.838281250000000000e+02 1.112060546875000000e+00 0.000000000000000000e+00
1.838613891601562500e+02 1.109741210937500000e+00 0.000000000000000000e+00
1.836394653320312500e+02 1.079956054687500000e+00 0.000000000000000000e+00
1.834927978515625000e+02 1.039184570312500000e+00 0.000000000000000000e+00
1.834953002929687500e+02 1.015869140625000000e+00 0.000000000000000000e+00
1.834655151367187500e+02 9.976196289062500000e-01 0.000000000000000000e+00
1.833969116210937500e+02 1.025878906250000000e+00 0.000000000000000000e+00
1.835171508789062500e+02 1.005859375000000000e+00 0.000000000000000000e+00
1.835781860351562500e+02 9.968261718750000000e-01 0.000000000000000000e+00
1.836148681640625000e+02 9.721069335937500000e-01 0.000000000000000000e+00
1.835606079101562500e+02 9.840087890625000000e-01 0.000000000000000000e+00
1.835354003906250000e+02 9.378662109375000000e-01 0.000000000000000000e+00
1.834390258789062500e+02 8.950805664062500000e-01 0.000000000000000000e+00
1.833695678710937500e+02 9.108276367187500000e-01 0.000000000000000000e+00
1.834338989257812500e+02 9.075317382812500000e-01 0.000000000000000000e+00
1.834946289062500000e+02 9.375000000000000000e-01 0.000000000000000000e+00
1.835289916992187500e+02 1.001770019531250000e+00 0.000000000000000000e+00
1.834787597656250000e+02 1.030944824218750000e+00 0.000000000000000000e+00
1.833955688476562500e+02 1.044921875000000000e+00 0.000000000000000000e+00
1.831445922851562500e+02 9.856567382812500000e-01 0.000000000000000000e+00
1.831527099609375000e+02 9.235839843750000000e-01 0.000000000000000000e+00
1.828399047851562500e+02 7.808227539062500000e-01 0.000000000000000000e+00
1.819332275390625000e+02 6.715087890625000000e-01 0.000000000000000000e+00
1.812197875976562500e+02 5.352783203125000000e-01 0.000000000000000000e+00
1.805092163085937500e+02 3.606567382812500000e-01 0.000000000000000000e+00
1.802562255859375000e+02 3.436889648437500000e-01 0.000000000000000000e+00
1.802097778320312500e+02 3.489990234375000000e-01 0.000000000000000000e+00
1.801927490234375000e+02 4.451293945312500000e-01 0.000000000000000000e+00
1.803013305664062500e+02 4.915161132812500000e-01 0.000000000000000000e+00
1.802602539062500000e+02 5.103149414062500000e-01 0.000000000000000000e+00
1.802665405273437500e+02 5.421752929687500000e-01 0.000000000000000000e+00
1.801912231445312500e+02 5.458374023437500000e-01 0.000000000000000000e+00
1.801889038085937500e+02 5.372924804687500000e-01 0.000000000000000000e+00
1.803103027343750000e+02 5.073242187500000000e-01 0.000000000000000000e+00
1.801859130859375000e+02 5.156250000000000000e-01 0.000000000000000000e+00
1.800451660156250000e+02 4.733276367187500000e-01 0.000000000000000000e+00
1.799796142578125000e+02 4.589843750000000000e-01 0.000000000000000000e+00
1.801290893554687500e+02 4.650878906250000000e-01 0.000000000000000000e+00
1.803372192382812500e+02 4.872436523437500000e-01 0.000000000000000000e+00
1.805266113281250000e+02 4.805908203125000000e-01 0.000000000000000000e+00
1.804968872070312500e+02 5.089721679687500000e-01 0.000000000000000000e+00
1.806513671875000000e+02 5.036010742187500000e-01 0.000000000000000000e+00
1.806793212890625000e+02 4.936523437500000000e-01 0.000000000000000000e+00
1.804882812500000000e+02 5.033569335937500000e-01 0.000000000000000000e+00
1.804836425781250000e+02 5.043334960937500000e-01 0.000000000000000000e+00
1.804892578125000000e+02 4.945678710937500000e-01 0.000000000000000000e+00
1.805800781250000000e+02 4.725952148437500000e-01 0.000000000000000000e+00
1.805694580078125000e+02 4.782104492187500000e-01 0.000000000000000000e+00
1.805372314453125000e+02 5.607910156250000000e-01 0.000000000000000000e+00
1.805507202148437500e+02 5.820312500000000000e-01 0.000000000000000000e+00
1.806883544921875000e+02 5.910644531250000000e-01 0.000000000000000000e+00
1.808341674804687500e+02 6.016235351562500000e-01 0.000000000000000000e+00
1.810394897460937500e+02 6.444702148437500000e-01 0.000000000000000000e+00
1.812846679687500000e+02 6.350097656250000000e-01 0.000000000000000000e+00
1.814649658203125000e+02 6.199951171875000000e-01 0.000000000000000000e+00
1.817992553710937500e+02 6.011352539062500000e-01 0.000000000000000000e+00
1.819699096679687500e+02 6.322631835937500000e-01 0.000000000000000000e+00
1.820244140625000000e+02 6.756591796875000000e-01 0.000000000000000000e+00
1.820685424804687500e+02 6.911621093750000000e-01 0.000000000000000000e+00
1.820048217773437500e+02 6.784057617187500000e-01 0.000000000000000000e+00
1.817077026367187500e+02 5.629272460937500000e-01 0.000000000000000000e+00
1.811022338867187500e+02 4.505004882812500000e-01 0.000000000000000000e+00
1.802536621093750000e+02 3.579711914062500000e-01 0.000000000000000000e+00
1.794590454101562500e+02 3.356933593750000000e-01 0.000000000000000000e+00
1.792192993164062500e+02 3.273315429687500000e-01 0.000000000000000000e+00
1.792584228515625000e+02 3.073120117187500000e-01 0.000000000000000000e+00
1.794097290039062500e+02 3.201293945312500000e-01 0.000000000000000000e+00
1.794408569335937500e+02 3.577880859375000000e-01 0.000000000000000000e+00
1.797500610351562500e+02 3.568725585937500000e-01 0.000000000000000000e+00
1.797977294921875000e+02 3.859863281250000000e-01 0.000000000000000000e+00
1.798841552734375000e+02 3.767089843750000000e-01 0.000000000000000000e+00
1.798655395507812500e+02 3.935546875000000000e-01 0.000000000000000000e+00
1.797457885742187500e+02 3.927001953125000000e-01 0.000000000000000000e+00
1.795568847656250000e+02 3.817749023437500000e-01 0.000000000000000000e+00
1.794886474609375000e+02 3.787231445312500000e-01 0.000000000000000000e+00
1.792766113281250000e+02 3.940429687500000000e-01 0.000000000000000000e+00
1.791407470703125000e+02 3.310546875000000000e-01 0.000000000000000000e+00
1.792362060546875000e+02 3.355102539062500000e-01 0.000000000000000000e+00
1.793171997070312500e+02 3.196411132812500000e-01 0.000000000000000000e+00
1.795556030273437500e+02 3.789672851562500000e-01 0.000000000000000000e+00
1.797522583007812500e+02 3.825073242187500000e-01 0.000000000000000000e+00
1.798693847656250000e+02 3.923950195312500000e-01 0.000000000000000000e+00
1.801163940429687500e+02 4.005737304687500000e-01 0.000000000000000000e+00
1.803707275390625000e+02 4.274902343750000000e-01 0.000000000000000000e+00
1.803255004882812500e+02 4.285888671875000000e-01 0.000000000000000000e+00
1.804765625000000000e+02 3.897094726562500000e-01 0.000000000000000000e+00
1.805721435546875000e+02 3.774414062500000000e-01 0.000000000000000000e+00
1.804829101562500000e+02 4.015502929687500000e-01 0.000000000000000000e+00
1.804386596679687500e+02 4.192504882812500000e-01 0.000000000000000000e+00
1.803908691406250000e+02 4.636840820312500000e-01 0.000000000000000000e+00
1.804198608398437500e+02 4.972534179687500000e-01 0.000000000000000000e+00
1.804118652343750000e+02 4.595336914062500000e-01 0.000000000000000000e+00
1.805654296875000000e+02 4.729003906250000000e-01 0.000000000000000000e+00
1.808612060546875000e+02 5.103759765625000000e-01 0.000000000000000000e+00
1.809744262695312500e+02 4.930419921875000000e-01 0.000000000000000000e+00
1.811058349609375000e+02 4.959716796875000000e-01 0.000000000000000000e+00
1.811605834960937500e+02 4.810180664062500000e-01 0.000000000000000000e+00
1.812322998046875000e+02 4.729003906250000000e-01 0.000000000000000000e+00
1.811375732421875000e+02 4.505615234375000000e-01 0.000000000000000000e+00
1.809327392578125000e+02 4.207153320312500000e-01 0.000000000000000000e+00
1.798461914062500000e+02 3.224487304687500000e-01 0.000000000000000000e+00
1.790878295898437500e+02 2.227783203125000000e-01 0.000000000000000000e+00
1.782962036132812500e+02 1.950683593750000000e-01 0.000000000000000000e+00
1.779629516601562500e+02 1.701660156250000000e-01 0.000000000000000000e+00
1.777320556640625000e+02 2.039184570312500000e-01 0.000000000000000000e+00
1.777158203125000000e+02 2.158813476562500000e-01 0.000000000000000000e+00
1.778884277343750000e+02 2.419433593750000000e-01 0.000000000000000000e+00
1.780369873046875000e+02 2.342529296875000000e-01 0.000000000000000000e+00
1.781461181640625000e+02 2.346801757812500000e-01 0.000000000000000000e+00
1.783787231445312500e+02 2.109985351562500000e-01 0.000000000000000000e+00
1.785377807617187500e+02 2.233276367187500000e-01 0.000000000000000000e+00
1.784370727539062500e+02 2.186279296875000000e-01 0.000000000000000000e+00
1.783542480468750000e+02 2.249755859375000000e-01 0.000000000000000000e+00
1.780345458984375000e+02 2.496337890625000000e-01 0.000000000000000000e+00
1.780255126953125000e+02 2.640380859375000000e-01 0.000000000000000000e+00
1.779967041015625000e+02 2.476196289062500000e-01 0.000000000000000000e+00
1.780690307617187500e+02 2.218017578125000000e-01 0.000000000000000000e+00
1.779797973632812500e+02 2.578735351562500000e-01 0.000000000000000000e+00
1.780640869140625000e+02 2.864379882812500000e-01 0.000000000000000000e+00
1.782448120117187500e+02 2.811279296875000000e-01 0.000000000000000000e+00
1.783723754882812500e+02 3.076782226562500000e-01 0.000000000000000000e+00
1.785013427734375000e+02 2.974853515625000000e-01 0.000000000000000000e+00
1.786597290039062500e+02 2.977905273437500000e-01 0.000000000000000000e+00
1.786542968750000000e+02 3.001708984375000000e-01 0.000000000000000000e+00
1.788889160156250000e+02 2.763671875000000000e-01 0.000000000000000000e+00
1.790374755859375000e+02 2.895507812500000000e-01 0.000000000000000000e+00
1.791181640625000000e+02 3.169555664062500000e-01 0.000000000000000000e+00
1.790344848632812500e+02 3.068847656250000000e-01 0.000000000000000000e+00
1.788555297851562500e+02 3.263549804687500000e-01 0.000000000000000000e+00
1.787778320312500000e+02 3.468017578125000000e-01 0.000000000000000000e+00
1.787650146484375000e+02 3.632202148437500000e-01 0.000000000000000000e+00
1.787817382812500000e+02 3.105468750000000000e-01 0.000000000000000000e+00
1.788465576171875000e+02 3.418579101562500000e-01 0.000000000000000000e+00
1.788829345703125000e+02 3.093261718750000000e-01 0.000000000000000000e+00
1.789323120117187500e+02 2.948608398437500000e-01 0.000000000000000000e+00
1.790841064453125000e+02 2.921752929687500000e-01 0.000000000000000000e+00
1.791962890625000000e+02 3.317871093750000000e-01 0.000000000000000000e+00
1.794414672851562500e+02 3.152465820312500000e-01 0.000000000000000000e+00
1.794781494140625000e+02 3.027954101562500000e-01 0.000000000000000000e+00
1.792125244140625000e+02 2.534179687500000000e-01 0.000000000000000000e+00
1.784191284179687500e+02 1.795043945312500000e-01 0.000000000000000000e+00
1.775971069335937500e+02 1.443481445312500000e-01 0.000000000000000000e+00
1.770280761718750000e+02 1.325683593750000000e-01 0.000000000000000000e+00
1.767274169921875000e+02 1.389770507812500000e-01 0.000000000000000000e+00
1.765560302734375000e+02 1.127319335937500000e-01 0.000000000000000000e+00
1.765944213867187500e+02 1.063842773437500000e-01 0.000000000000000000e+00
1.768610229492187500e+02 1.525878906250000000e-01 0.000000000000000000e+00
1.768402099609375000e+02 1.674194335937500000e-01 0.000000000000000000e+00
1.768558959960937500e+02 1.716308593750000000e-01 0.000000000000000000e+00
1.767380981445312500e+02 1.861572265625000000e-01 0.000000000000000000e+00
1.766085815429687500e+02 2.446899414062500000e-01 0.000000000000000000e+00
1.765904541015625000e+02 2.158813476562500000e-01 0.000000000000000000e+00
1.765876464843750000e+02 1.714477539062500000e-01 0.000000000000000000e+00
1.766750488281250000e+02 1.452636718750000000e-01 0.000000000000000000e+00
1.767170410156250000e+02 1.331787109375000000e-01 0.000000000000000000e+00
1.769107055664062500e+02 1.348876953125000000e-01 0.000000000000000000e+00
1.769285278320312500e+02 1.236572265625000000e-01 0.000000000000000000e+00
1.772219238281250000e+02 1.154174804687500000e-01 0.000000000000000000e+00
1.773015136718750000e+02 1.465454101562500000e-01 0.000000000000000000e+00
1.774754638671875000e+02 1.595458984375000000e-01 0.000000000000000000e+00
1.777119140625000000e+02 1.818237304687500000e-01 0.000000000000000000e+00
1.777654418945312500e+02 1.878662109375000000e-01 0.000000000000000000e+00
1.778403320312500000e+02 2.232666015625000000e-01 0.000000000000000000e+00
1.779801025390625000e+02 2.308349609375000000e-01 0.000000000000000000e+00
1.778992309570312500e+02 2.226562500000000000e-01 0.000000000000000000e+00
1.778928833007812500e+02 2.153930664062500000e-01 0.000000000000000000e+00
1.779041748046875000e+02 2.550659179687500000e-01 0.000000000000000000e+00
1.780433959960937500e+02 2.179565429687500000e-01 0.000000000000000000e+00
1.779253540039062500e+02 2.301635742187500000e-01 0.000000000000000000e+00
1.780407104492187500e+02 2.034912109375000000e-01 0.000000000000000000e+00
1.784262084960937500e+02 2.227783203125000000e-01 0.000000000000000000e+00
1.785598754882812500e+02 2.398071289062500000e-01 0.000000000000000000e+00
1.784207763671875000e+02 2.642822265625000000e-01 0.000000000000000000e+00
1.784459838867187500e+02 2.857666015625000000e-01 0.000000000000000000e+00
1.783452148437500000e+02 2.778930664062500000e-01 0.000000000000000000e+00
1.782576293945312500e+02 3.051147460937500000e-01 0.000000000000000000e+00
1.783777465820312500e+02 2.904663085937500000e-01 0.000000000000000000e+00
1.785452270507812500e+02 2.530517578125000000e-01 0.000000000000000000e+00
1.785075683593750000e+02 2.435302734375000000e-01 0.000000000000000000e+00
1.782067260742187500e+02 1.556396484375000000e-01 0.000000000000000000e+00
1.773082275390625000e+02 1.150512695312500000e-01 0.000000000000000000e+00
1.767687988281250000e+02 8.197021484375000000e-02 0.000000000000000000e+00
1.760906372070312500e+02 7.366943359375000000e-02 0.000000000000000000e+00
1.757361450195312500e+02 6.408691406250000000e-02 0.000000000000000000e+00
1.757076416015625000e+02 9.149169921875000000e-02 0.000000000000000000e+00
1.757104492187500000e+02 9.625244140625000000e-02 0.000000000000000000e+00
1.756799316406250000e+02 7.775878906250000000e-02 0.000000000000000000e+00
1.757658081054687500e+02 7.629394531250000000e-02 0.000000000000000000e+00
1.757841186523437500e+02 8.251953125000000000e-02 0.000000000000000000e+00
1.757581176757812500e+02 8.782958984375000000e-02 0.000000000000000000e+00
1.757714843750000000e+02 9.851074218750000000e-02 0.000000000000000000e+00
1.757404785156250000e+02 1.034545898437500000e-01 0.000000000000000000e+00
1.756883544921875000e+02 8.392333984375000000e-02 0.000000000000000000e+00
1.756355590820312500e+02 8.062744140625000000e-02 0.000000000000000000e+00
1.756069946289062500e+02 7.501220703125000000e-02 0.000000000000000000e+00
1.754390258789062500e+02 7.824707031250000000e-02 0.000000000000000000e+00
1.755065307617187500e+02 6.793212890625000000e-02 0.000000000000000000e+00
1.755125122070312500e+02 8.178710937500000000e-02 0.000000000000000000e+00
1.755974121093750000e+02 9.838867187500000000e-02 0.000000000000000000e+00
1.757343139648437500e+02 1.241455078125000000e-01 0.000000000000000000e+00
1.757290039062500000e+02 1.207885742187500000e-01 0.000000000000000000e+00
1.757426757812500000e+02 1.600341796875000000e-01 0.000000000000000000e+00
1.757923583984375000e+02 1.470947265625000000e-01 0.000000000000000000e+00
1.757919921875000000e+02 1.534423828125000000e-01 0.000000000000000000e+00
1.757407836914062500e+02 1.475830078125000000e-01 0.000000000000000000e+00
1.757904052734375000e+02 1.262207031250000000e-01 0.000000000000000000e+00
1.758954467773437500e+02 1.087036132812500000e-01 0.000000000000000000e+00
1.759129028320312500e+02 1.129150390625000000e-01 0.000000000000000000e+00
1.758932495117187500e+02 1.356811523437500000e-01 0.000000000000000000e+00
1.759994506835937500e+02 1.265258789062500000e-01 0.000000000000000000e+00
1.760603027343750000e+02 1.263427734375000000e-01 0.000000000000000000e+00
1.761051635742187500e+02 1.333007812500000000e-01 0.000000000000000000e+00
1.762219848632812500e+02 1.378784179687500000e-01 0.000000000000000000e+00
1.763046875000000000e+02 1.521606445312500000e-01 0.000000000000000000e+00
1.764644775390625000e+02 1.735839843750000000e-01 0.000000000000000000e+00
1.766699218750000000e+02 1.665649414062500000e-01 0.000000000000000000e+00
1.766152343750000000e+02 1.704101562500000000e-01 0.000000000000000000e+00
1.764227905273437500e+02 1.505126953125000000e-01 0.000000000000000000e+00
1.758617553710937500e+02 1.012573242187500000e-01 0.000000000000000000e+00
1.750134277343750000e+02 3.369140625000000000e-02 0.000000000000000000e+00
1.747156982421875000e+02 2.185058593750000000e-02 0.000000000000000000e+00
1.746062622070312500e+02 2.465820312500000000e-02 0.000000000000000000e+00
1.741251220703125000e+02 3.552246093750000000e-02 0.000000000000000000e+00
1.741513671875000000e+02 3.631591796875000000e-02 0.000000000000000000e+00
1.742036743164062500e+02 6.274414062500000000e-02 0.000000000000000000e+00
1.743258056640625000e+02 4.412841796875000000e-02 0.000000000000000000e+00
1.743848876953125000e+02 4.370117187500000000e-02 0.000000000000000000e+00
1.743681030273437500e+02 3.985595703125000000e-02 0.000000000000000000e+00
1.744567871093750000e+02 5.578613281250000000e-02 0.000000000000000000e+00
1.744729614257812500e+02 4.858398437500000000e-02 0.000000000000000000e+00
1.744642944335937500e+02 7.708740234375000000e-02 0.000000000000000000e+00
1.744779052734375000e+02 4.827880859375000000e-02 0.000000000000000000e+00
1.743281250000000000e+02 5.340576171875000000e-02 0.000000000000000000e+00
1.744311523437500000e+02 5.548095703125000000e-02 0.000000000000000000e+00
1.744851074218750000e+02 5.877685546875000000e-02 0.000000000000000000e+00
1.748117675781250000e+02 4.736328125000000000e-02 0.000000000000000000e+00
1.747639160156250000e+02 5.963134765625000000e-02 0.000000000000000000e+00
1.748093261718750000e+02 6.457519531250000000e-02 0.000000000000000000e+00
1.748454589843750000e+02 4.437255859375000000e-02 0.000000000000000000e+00
1.748664550781250000e+02 6.311035156250000000e-02 0.000000000000000000e+00
1.749228515625000000e+02 4.687500000000000000e-02 0.000000000000000000e+00
1.748900146484375000e+02 6.237792968750000000e-02 0.000000000000000000e+00
1.749752197265625000e+02 6.091308593750000000e-02 0.000000000000000000e+00
1.749978027343750000e+02 6.427001953125000000e-02 0.000000000000000000e+00
1.750710449218750000e+02 7.910156250000000000e-02 0.000000000000000000e+00
1.751981811523437500e+02 8.428955078125000000e-02 0.000000000000000000e+00
1.752125244140625000e+02 7.043457031250000000e-02 0.000000000000000000e+00
1.751815185546875000e+02 1.039428710937500000e-01 0.000000000000000000e+00
1.753670654296875000e+02 1.119995117187500000e-01 0.000000000000000000e+00
1.753369750976562500e+02 9.564208984375000000e-02 0.000000000000000000e+00
1.753074340820312500e+02 1.100463867187500000e-01 0.000000000000000000e+00
1.752648925781250000e+02 1.171875000000000000e-01 0.000000000000000000e+00
1.753803710937500000e+02 1.062622070312500000e-01 0.000000000000000000e+00
1.754548339843750000e+02 9.747314453125000000e-02 0.000000000000000000e+00
1.755552368164062500e+02 1.014404296875000000e-01 0.000000000000000000e+00
1.755000610351562500e+02 9.503173828125000000e-02 0.000000000000000000e+00
1.751480102539062500e+02 7.556152343750000000e-02 0.000000000000000000e+00
1.743794555664062500e+02 5.145263671875000000e-02 0.000000000000000000e+00
1.735192871093750000e+02 2.514648437500000000e-02 0.000000000000000000e+00
1.731895141601562500e+02 1.391601562500000000e-02 0.000000000000000000e+00
1.730524902343750000e+02 1.440429687500000000e-02 0.000000000000000000e+00
1.730802001953125000e+02 1.300048828125000000e-02 0.000000000000000000e+00
1.730798950195312500e+02 1.617431640625000000e-02 0.000000000000000000e+00
1.731077880859375000e+02 1.721191406250000000e-02 0.000000000000000000e+00
1.731542968750000000e+02 2.148437500000000000e-02 0.000000000000000000e+00
1.731542358398437500e+02 2.178955078125000000e-02 0.000000000000000000e+00
1.732511596679687500e+02 1.928710937500000000e-02 0.000000000000000000e+00
1.731835327148437500e+02 2.459716796875000000e-02 0.000000000000000000e+00
1.729308471679687500e+02 1.934814453125000000e-02 0.000000000000000000e+00
1.728679199218750000e+02 2.038574218750000000e-02 0.000000000000000000e+00
1.727753906250000000e+02 2.258300781250000000e-02 0.000000000000000000e+00
1.726681518554687500e+02 2.209472656250000000e-02 0.000000000000000000e+00
1.726363525390625000e+02 2.081298828125000000e-02 0.000000000000000000e+00
1.727318725585937500e+02 2.093505859375000000e-02 0.000000000000000000e+00
1.728465576171875000e+02 2.246093750000000000e-02 0.000000000000000000e+00
1.729631347656250000e+02 2.508544921875000000e-02 0.000000000000000000e+00
1.730784301757812500e+02 2.374267578125000000e-02 0.000000000000000000e+00
1.730944824218750000e+02 2.545166015625000000e-02 0.000000000000000000e+00
1.731903076171875000e+02 2.661132812500000000e-02 0.000000000000000000e+00
1.733230590820312500e+02 2.508544921875000000e-02 0.000000000000000000e+00
1.734342041015625000e+02 3.411865234375000000e-02 0.000000000000000000e+00
1.734807739257812500e+02 3.002929687500000000e-02 0.000000000000000000e+00
1.735505371093750000e+02 3.247070312500000000e-02 0.000000000000000000e+00
1.736612548828125000e+02 3.289794921875000000e-02 0.000000000000000000e+00
1.737064819335937500e+02 2.142333984375000000e-02 0.000000000000000000e+00
1.737354736328125000e+02 3.210449218750000000e-02 0.000000000000000000e+00
1.736093750000000000e+02 5.596923828125000000e-02 0.000000000000000000e+00
1.736748657226562500e+02 4.760742187500000000e-02 0.000000000000000000e+00
1.738095092773437500e+02 4.156494140625000000e-02 0.000000000000000000e+00
1.739788208007812500e+02 4.705810546875000000e-02 0.000000000000000000e+00
1.744150390625000000e+02 5.004882812500000000e-02 0.000000000000000000e+00
1.742064819335937500e+02 6.237792968750000000e-02 0.000000000000000000e+00
1.742208862304687500e+02 6.628417968750000000e-02 0.000000000000000000e+00
1.743710937500000000e+02 7.952880859375000000e-02 0.000000000000000000e+00
1.744917602539062500e+02 8.679199218750000000e-02 0.000000000000000000e+00
1.743770141601562500e+02 7.116699218750000000e-02 0.000000000000000000e+00
1.740914916992187500e+02 6.298828125000000000e-02 0.000000000000000000e+00
1.733876953125000000e+02 2.838134765625000000e-02 0.000000000000000000e+00
1.724305419921875000e+02 6.286621093750000000e-03 0.000000000000000000e+00
1.718837890625000000e+02 1.354980468750000000e-02 0.000000000000000000e+00
1.717275390625000000e+02 3.173828125000000000e-03 0.000000000000000000e+00
1.715849609375000000e+02 5.554199218750000000e-03 0.000000000000000000e+00
1.713305053710937500e+02 4.272460937500000000e-03 0.000000000000000000e+00
1.712673339843750000e+02 2.990722656250000000e-03 0.000000000000000000e+00
1.711738891601562500e+02 5.493164062500000000e-04 0.000000000000000000e+00
1.713038940429687500e+02 2.990722656250000000e-03 0.000000000000000000e+00
1.713621215820312500e+02 2.502441406250000000e-03 0.000000000000000000e+00
1.714287719726562500e+02 2.990722656250000000e-03 0.000000000000000000e+00
1.714679565429687500e+02 3.906250000000000000e-03 0.000000000000000000e+00
1.712985839843750000e+02 6.164550781250000000e-03 0.000000000000000000e+00
1.711793212890625000e+02 7.141113281250000000e-03 0.000000000000000000e+00
1.711992187500000000e+02 0.000000000000000000e+00 0.000000000000000000e+00
1.712186889648437500e+02 2.990722656250000000e-03 0.000000000000000000e+00
1.711339111328125000e+02 2.136230468750000000e-03 0.000000000000000000e+00
1.711570434570312500e+02 1.586914062500000000e-03 0.000000000000000000e+00
1.712115478515625000e+02 3.234863281250000000e-03 0.000000000000000000e+00
1.712634277343750000e+02 4.150390625000000000e-03 0.000000000000000000e+00
1.715875854492187500e+02 1.513671875000000000e-02 0.000000000000000000e+00
1.717396240234375000e+02 1.721191406250000000e-02 0.000000000000000000e+00
1.717638549804687500e+02 1.702880859375000000e-02 0.000000000000000000e+00
1.718367919921875000e+02 5.737304687500000000e-03 0.000000000000000000e+00
1.718952636718750000e+02 3.662109375000000000e-04 0.000000000000000000e+00
1.718088989257812500e+02 6.225585937500000000e-03 0.000000000000000000e+00
1.718862915039062500e+02 4.333496093750000000e-03 0.000000000000000000e+00
1.719265747070312500e+02 2.075195312500000000e-03 0.000000000000000000e+00
1.719151000976562500e+02 5.187988281250000000e-03 0.000000000000000000e+00
1.720344848632812500e+02 1.281738281250000000e-02 0.000000000000000000e+00
1.720789184570312500e+02 2.868652343750000000e-03 0.000000000000000000e+00
1.721211547851562500e+02 8.789062500000000000e-03 0.000000000000000000e+00
1.720565795898437500e+02 1.202392578125000000e-02 0.000000000000000000e+00
1.721027221679687500e+02 5.432128906250000000e-03 0.000000000000000000e+00
1.721138305664062500e+02 2.569580078125000000e-02 0.000000000000000000e+00
1.721757812500000000e+02 1.977539062500000000e-02 0.000000000000000000e+00
1.724316406250000000e+02 1.538085937500000000e-02 0.000000000000000000e+00
1.724344482421875000e+02 1.037597656250000000e-02 0.000000000000000000e+00
1.724948730468750000e+02 1.147460937500000000e-02 0.000000000000000000e+00
1.722684326171875000e+02 1.147460937500000000e-02 0.000000000000000000e+00
1.717066650390625000e+02 1.318359375000000000e-02 0.000000000000000000e+00
1.711760253906250000e+02 4.028320312500000000e-03 0.000000000000000000e+00
1.706284790039062500e+02 3.234863281250000000e-03 0.000000000000000000e+00
1.702960205078125000e+02 0.000000000000000000e+00 0.000000000000000000e+00
1.702922363281250000e+02 0.000000000000000000e+00 0.000000000000000000e+00
1.703233032226562500e+02 0.000000000000000000e+00 0.000000000000000000e+00
1.703815917968750000e+02 2.868652343750000000e-03 0.000000000000000000e+00
1.703652954101562500e+02 2.502441406250000000e-03 0.000000000000000000e+00
1.703717651367187500e+02 5.798339843750000000e-03 0.000000000000000000e+00
1.705731811523437500e+02 2.197265625000000000e-03 0.000000000000000000e+00
1.709025878906250000e+02 6.958007812500000000e-03 0.000000000000000000e+00
1.706649780273437500e+02 3.906250000000000000e-03 0.000000000000000000e+00
1.703451538085937500e+02 1.831054687500000000e-03 0.000000000000000000e+00
1.709093627929687500e+02 2.929687500000000000e-03 0.000000000000000000e+00
1.710682373046875000e+02 4.455566406250000000e-03 0.000000000000000000e+00
1.709210205078125000e+02 3.845214843750000000e-03 0.000000000000000000e+00
1.708334960937500000e+02 0.000000000000000000e+00 0.000000000000000000e+00
1.710137329101562500e+02 2.197265625000000000e-03 0.000000000000000000e+00
1.713395385742187500e+02 0.000000000000000000e+00 0.000000000000000000e+00
1.717653198242187500e+02 2.563476562500000000e-03 0.000000000000000000e+00
1.714990234375000000e+02 1.831054687500000000e-03 0.000000000000000000e+00
1.713703613281250000e+02 6.103515625000000000e-04 0.000000000000000000e+00
1.714684448242187500e+02 7.324218750000000000e-03 0.000000000000000000e+00
1.716577148437500000e+02 1.336669921875000000e-02 0.000000000000000000e+00
1.717743530273437500e+02 1.068115234375000000e-02 0.000000000000000000e+00
1.718739013671875000e+02 1.275634765625000000e-02 0.000000000000000000e+00
1.719750976562500000e+02 1.477050781250000000e-02 0.000000000000000000e+00
1.722571411132812500e+02 1.898193359375000000e-02 0.000000000000000000e+00
1.724916381835937500e+02 2.197265625000000000e-02 0.000000000000000000e+00
1.726867065429687500e+02 2.130126953125000000e-02 0.000000000000000000e+00
1.727313842773437500e+02 2.606201171875000000e-02 0.000000000000000000e+00
1.728504638671875000e+02 2.471923828125000000e-02 0.000000000000000000e+00
1.729082641601562500e+02 2.819824218750000000e-02 0.000000000000000000e+00
1.729813232421875000e+02 3.515625000000000000e-02 0.000000000000000000e+00
1.728912353515625000e+02 2.648925781250000000e-02 0.000000000000000000e+00
1.727816162109375000e+02 2.197265625000000000e-02 0.000000000000000000e+00
1.721504516601562500e+02 1.348876953125000000e-02 0.000000000000000000e+00
1.714838256835937500e+02 1.898193359375000000e-02 0.000000000000000000e+00
1.708279418945312500e+02 7.934570312500000000e-03 0.000000000000000000e+00
1.706104736328125000e+02 0.000000000000000000e+00 0.000000000000000000e+00
1.705505371093750000e+02 9.765625000000000000e-04 0.000000000000000000e+00
1.706235351562500000e+02 3.662109375000000000e-04 0.000000000000000000e+00
1.707825927734375000e+02 3.540039062500000000e-03 0.000000000000000000e+00
1.708513183593750000e+02 9.033203125000000000e-03 0.000000000000000000e+00
1.708866577148437500e+02 2.685546875000000000e-03 0.000000000000000000e+00
1.710932617187500000e+02 6.530761718750000000e-03 0.000000000000000000e+00
1.712353515625000000e+02 1.043701171875000000e-02 0.000000000000000000e+00
1.712487182617187500e+02 1.007080078125000000e-02 0.000000000000000000e+00
1.713135986328125000e+02 1.055908203125000000e-02 0.000000000000000000e+00
1.712969360351562500e+02 1.013183593750000000e-02 0.000000000000000000e+00
1.711027221679687500e+02 3.173828125000000000e-03 0.000000000000000000e+00
1.709093017578125000e+02 5.981445312500000000e-03 0.000000000000000000e+00
1.710576171875000000e+02 8.544921875000000000e-03 0.000000000000000000e+00
1.711361083984375000e+02 1.281738281250000000e-02 0.000000000000000000e+00
1.712766113281250000e+02 1.245117187500000000e-02 0.000000000000000000e+00
1.714311523437500000e+02 1.385498046875000000e-02 0.000000000000000000e+00
1.715108642578125000e+02 1.977539062500000000e-02 0.000000000000000000e+00
1.716459960937500000e+02 1.080322265625000000e-02 0.000000000000000000e+00
1.716302490234375000e+02 5.615234375000000000e-03 0.000000000000000000e+00
1.717247314453125000e+02 8.361816406250000000e-03 0.000000000000000000e+00
1.719871215820312500e+02 1.000976562500000000e-02 0.000000000000000000e+00
1.720278320312500000e+02 1.245117187500000000e-02 0.000000000000000000e+00
1.721135253906250000e+02 1.074218750000000000e-02 0.000000000000000000e+00
1.723018798828125000e+02 1.074218750000000000e-02 0.000000000000000000e+00
1.724376220703125000e+02 6.835937500000000000e-03 0.000000000000000000e+00
1.723012084960937500e+02 5.493164062500000000e-03 0.000000000000000000e+00
1.722066650390625000e+02 6.225585937500000000e-03 0.000000000000000000e+00
1.722312622070312500e+02 6.469726562500000000e-03 0.000000000000000000e+00
1.725020141601562500e+02 6.225585937500000000e-03 0.000000000000000000e+00
1.727276611328125000e+02 1.800537109375000000e-02 0.000000000000000000e+00
1.728298339843750000e+02 2.606201171875000000e-02 0.000000000000000000e+00
1.729044799804687500e+02 2.923583984375000000e-02 0.000000000000000000e+00
1.728309936523437500e+02 2.496337890625000000e-02 0.000000000000000000e+00
1.720814819335937500e+02 2.209472656250000000e-02 0.000000000000000000e+00
1.715582885742187500e+02 5.065917968750000000e-03 0.000000000000000000e+00
1.709271850585937500e+02 2.014160156250000000e-03 0.000000000000000000e+00
1.706084594726562500e+02 2.136230468750000000e-03 0.000000000000000000e+00
1.704110717773437500e+02 3.662109375000000000e-04 0.000000000000000000e+00
1.703501586914062500e+02 3.662109375000000000e-04 0.000000000000000000e+00
1.703134155273437500e+02 6.713867187500000000e-04 0.000000000000000000e+00
1.701816406250000000e+02 6.713867187500000000e-04 0.000000000000000000e+00
1.702567138671875000e+02 1.464843750000000000e-03 0.000000000000000000e+00
1.701928100585937500e+02 2.014160156250000000e-03 0.000000000000000000e+00
1.701134643554687500e+02 1.770019531250000000e-03 0.000000000000000000e+00
1.699478759765625000e+02 1.403808593750000000e-03 0.000000000000000000e+00
1.700121459960937500e+02 1.464843750000000000e-03 0.000000000000000000e+00
1.699073486328125000e+02 2.746582031250000000e-03 0.000000000000000000e+00
1.697763061523437500e+02 1.403808593750000000e-03 0.000000000000000000e+00
1.695708618164062500e+02 2.624511718750000000e-03 0.000000000000000000e+00
1.696569213867187500e+02 1.953125000000000000e-03 0.000000000000000000e+00
1.699836425781250000e+02 2.807617187500000000e-03 0.000000000000000000e+00
1.700692138671875000e+02 1.953125000000000000e-03 0.000000000000000000e+00
1.702490844726562500e+02 2.014160156250000000e-03 0.000000000000000000e+00
1.705020751953125000e+02 3.051757812500000000e-03 0.000000000000000000e+00
1.703532714843750000e+02 4.455566406250000000e-03 0.000000000000000000e+00
1.704453735351562500e+02 5.981445312500000000e-03 0.000000000000000000e+00
1.707602539062500000e+02 4.272460937500000000e-03 0.000000000000000000e+00
1.708977661132812500e+02 3.173828125000000000e-03 0.000000000000000000e+00
1.708580322265625000e+02 2.441406250000000000e-03 0.000000000000000000e+00
1.708036499023437500e+02 2.441406250000000000e-03 0.000000000000000000e+00
1.710070190429687500e+02 5.126953125000000000e-03 0.000000000000000000e+00
1.711953125000000000e+02 5.859375000000000000e-03 0.000000000000000000e+00
1.713121948242187500e+02 1.611328125000000000e-02 0.000000000000000000e+00
1.715102539062500000e+02 1.123046875000000000e-02 0.000000000000000000e+00
1.714903564453125000e+02 1.135253906250000000e-02 0.000000000000000000e+00
1.715999145507812500e+02 8.728027343750000000e-03 0.000000000000000000e+00
1.719118041992187500e+02 4.455566406250000000e-03 0.000000000000000000e+00
1.720921020507812500e+02 1.092529296875000000e-02 0.000000000000000000e+00
1.722833251953125000e+02 1.666259765625000000e-02 0.000000000000000000e+00
1.721596069335937500e+02 1.757812500000000000e-02 0.000000000000000000e+00
1.723321533203125000e+02 2.209472656250000000e-02 0.000000000000000000e+00
1.724610595703125000e+02 2.447509765625000000e-02 0.000000000000000000e+00
1.723273315429687500e+02 1.562500000000000000e-02 0.000000000000000000e+00
1.718858032226562500e+02 6.042480468750000000e-03 0.000000000000000000e+00
1.708478393554687500e+02 5.187988281250000000e-03 0.000000000000000000e+00
1.703378295898437500e+02 1.098632812500000000e-03 0.000000000000000000e+00
1.697934570312500000e+02 0.000000000000000000e+00 0.000000000000000000e+00
1.697377929687500000e+02 0.000000000000000000e+00 0.000000000000000000e+00
1.697744140625000000e+02 0.000000000000000000e+00 0.000000000000000000e+00
1.698194580078125000e+02 1.464843750000000000e-03 0.000000000000000000e+00
1.697503662109375000e+02 1.220703125000000000e-03 0.000000000000000000e+00
1.698181152343750000e+02 1.586914062500000000e-03 0.000000000000000000e+00
1.699376220703125000e+02 0.000000000000000000e+00 0.000000000000000000e+00
1.700823364257812500e+02 0.000000000000000000e+00 0.000000000000000000e+00
1.699600219726562500e+02 0.000000000000000000e+00 0.000000000000000000e+00
1.698071289062500000e+02 9.155273437500000000e-04 0.000000000000000000e+00
1.696820678710937500e+02 2.746582031250000000e-03 0.000000000000000000e+00
1.696282958984375000e+02 3.784179687500000000e-03 0.000000000000000000e+00
1.696212158203125000e+02 4.394531250000000000e-03 0.000000000000000000e+00
1.696530761718750000e+02 1.159667968750000000e-03 0.000000000000000000e+00
1.696681518554687500e+02 2.807617187500000000e-03 0.000000000000000000e+00
1.701182250976562500e+02 3.601074218750000000e-03 0.000000000000000000e+00
1.705847167968750000e+02 3.051757812500000000e-03 0.000000000000000000e+00
1.714122314453125000e+02 8.850097656250000000e-03 0.000000000000000000e+00
1.711566162109375000e+02 1.953125000000000000e-03 0.000000000000000000e+00
1.710651245117187500e+02 1.220703125000000000e-02 0.000000000000000000e+00
1.710660400390625000e+02 1.281738281250000000e-02 0.000000000000000000e+00
1.712678833007812500e+02 1.239013671875000000e-02 0.000000000000000000e+00
1.712687988281250000e+02 1.336669921875000000e-02 0.000000000000000000e+00
1.714443969726562500e+02 1.062011718750000000e-02 0.000000000000000000e+00
1.715773315429687500e+02 1.757812500000000000e-02 0.000000000000000000e+00
1.717324218750000000e+02 1.757812500000000000e-02 0.000000000000000000e+00
1.720581665039062500e+02 2.166748046875000000e-02 0.000000000000000000e+00
1.721112670898437500e+02 2.325439453125000000e-02 0.000000000000000000e+00
1.721984863281250000e+02 2.447509765625000000e-02 0.000000000000000000e+00
1.726996459960937500e+02 2.178955078125000000e-02 0.000000000000000000e+00
1.729477539062500000e+02 2.911376953125000000e-02 0.000000000000000000e+00
1.732156982421875000e+02 3.582763671875000000e-02 0.000000000000000000e+00
1.732502441406250000e+02 3.076171875000000000e-02 0.000000000000000000e+00
1.735066528320312500e+02 1.165771484375000000e-02 0.000000000000000000e+00
1.737543945312500000e+02 2.105712890625000000e-02 0.000000000000000000e+00
1.734083251953125000e+02 2.172851562500000000e-02 0.000000000000000000e+00
1.729242553710937500e+02 1.342773437500000000e-02 0.000000000000000000e+00
1.719873657226562500e+02 2.563476562500000000e-03 0.000000000000000000e+00
1.712595825195312500e+02 9.155273437500000000e-03 0.000000000000000000e+00
1.707728881835937500e+02 7.202148437500000000e-03 0.000000000000000000e+00
1.707406616210937500e+02 5.249023437500000000e-03 0.000000000000000000e+00
1.707684326171875000e+02 6.347656250000000000e-03 0.000000000000000000e+00
1.707517700195312500e+02 2.075195312500000000e-03 0.000000000000000000e+00
1.708768310546875000e+02 2.197265625000000000e-03 0.000000000000000000e+00
1.707889404296875000e+02 2.380371093750000000e-03 0.000000000000000000e+00
1.708085327148437500e+02 2.136230468750000000e-03 0.000000000000000000e+00
1.707399291992187500e+02 5.432128906250000000e-03 0.000000000000000000e+00
1.706336669921875000e+02 7.080078125000000000e-03 0.000000000000000000e+00
1.706043090820312500e+02 3.906250000000000000e-03 0.000000000000000000e+00
1.706623535156250000e+02 7.202148437500000000e-03 0.000000000000000000e+00
1.707958374023437500e+02 1.000976562500000000e-02 0.000000000000000000e+00
1.707174072265625000e+02 5.310058593750000000e-03 0.000000000000000000e+00
1.707373657226562500e+02 7.141113281250000000e-03 0.000000000000000000e+00
1.708786010742187500e+02 1.007080078125000000e-02 0.000000000000000000e+00
1.712174072265625000e+02 7.385253906250000000e-03 0.000000000000000000e+00
1.712709350585937500e+02 1.293945312500000000e-02 0.000000000000000000e+00
1.713398437500000000e+02 1.147460937500000000e-02 0.000000000000000000e+00
1.713799438476562500e+02 1.025390625000000000e-02 0.000000000000000000e+00
1.714078979492187500e+02 1.361083984375000000e-02 0.000000000000000000e+00
1.716618041992187500e+02 1.788330078125000000e-02 0.000000000000000000e+00
1.718132324218750000e+02 1.196289062500000000e-02 0.000000000000000000e+00
1.720302734375000000e+02 9.765625000000000000e-03 0.000000000000000000e+00
1.721412353515625000e+02 5.004882812500000000e-03 0.000000000000000000e+00
1.722796630859375000e+02 4.394531250000000000e-03 0.000000000000000000e+00
1.721682128906250000e+02 5.981445312500000000e-03 0.000000000000000000e+00
1.722913208007812500e+02 1.727294921875000000e-02 0.000000000000000000e+00
1.723377075195312500e+02 9.826660156250000000e-03 0.000000000000000000e+00
1.724356079101562500e+02 8.789062500000000000e-03 0.000000000000000000e+00
1.726147460937500000e+02 6.530761718750000000e-03 0.000000000000000000e+00
1.726909179687500000e+02 1.983642578125000000e-02 0.000000000000000000e+00
1.728338623046875000e+02 2.343750000000000000e-02 0.000000000000000000e+00
1.728338012695312500e+02 2.740478515625000000e-02 0.000000000000000000e+00
1.728695678710937500e+02 3.222656250000000000e-02 0.000000000000000000e+00
1.730813598632812500e+02 4.144287109375000000e-02 0.000000000000000000e+00
1.731657714843750000e+02 3.546142578125000000e-02 0.000000000000000000e+00
1.730975341796875000e+02 3.411865234375000000e-02 0.000000000000000000e+00
1.727735595703125000e+02 1.977539062500000000e-02 0.000000000000000000e+00
1.716872558593750000e+02 4.577636718750000000e-03 0.000000000000000000e+00
1.712501220703125000e+02 5.737304687500000000e-03 0.000000000000000000e+00
1.705715332031250000e+02 2.502441406250000000e-03 0.000000000000000000e+00
1.702473144531250000e+02 2.685546875000000000e-03 0.000000000000000000e+00
1.702221679687500000e+02 2.014160156250000000e-03 0.000000000000000000e+00
1.703709716796875000e+02 3.601074218750000000e-03 0.000000000000000000e+00
1.704921264648437500e+02 5.737304687500000000e-03 0.000000000000000000e+00
1.705832519531250000e+02 4.760742187500000000e-03 0.000000000000000000e+00
1.703711547851562500e+02 3.662109375000000000e-03 0.000000000000000000e+00
1.702705078125000000e+02 3.295898437500000000e-03 0.000000000000000000e+00
1.703032226562500000e+02 3.173828125000000000e-03 0.000000000000000000e+00
1.702776489257812500e+02 3.356933593750000000e-03 0.000000000000000000e+00
1.701074218750000000e+02 5.737304687500000000e-03 0.000000000000000000e+00
1.701165161132812500e+02 2.563476562500000000e-03 0.000000000000000000e+00
1.703491210937500000e+02 6.713867187500000000e-04 0.000000000000000000e+00
1.704293823242187500e+02 2.319335937500000000e-03 0.000000000000000000e+00
1.703873291015625000e+02 2.319335937500000000e-03 0.000000000000000000e+00
1.704709472656250000e+02 4.211425781250000000e-03 0.000000000000000000e+00
1.705891723632812500e+02 4.150390625000000000e-03 0.000000000000000000e+00
1.706224975585937500e+02 4.150390625000000000e-03 0.000000000000000000e+00
1.706633300781250000e+02 1.281738281250000000e-03 0.000000000000000000e+00
1.706258544921875000e+02 1.953125000000000000e-03 0.000000000000000000e+00
1.707392578125000000e+02 2.136230468750000000e-03 0.000000000000000000e+00
1.708577270507812500e+02 3.784179687500000000e-03 0.000000000000000000e+00
1.710269165039062500e+02 4.455566406250000000e-03 0.000000000000000000e+00
1.710382690429687500e+02 3.723144531250000000e-03 0.000000000000000000e+00
1.711228027343750000e+02 3.967285156250000000e-03 0.000000000000000000e+00
1.712094726562500000e+02 3.479003906250000000e-03 0.000000000000000000e+00
1.712875366210937500e+02 2.624511718750000000e-03 0.000000000000000000e+00
1.715337524414062500e+02 2.624511718750000000e-03 0.000000000000000000e+00
1.717479248046875000e+02 1.464843750000000000e-02 0.000000000000000000e+00
1.719336547851562500e+02 1.605224609375000000e-02 0.000000000000000000e+00
1.720238037109375000e+02 1.849365234375000000e-02 0.000000000000000000e+00
1.723516235351562500e+02 1.098632812500000000e-02 0.000000000000000000e+00
1.723913574218750000e+02 2.252197265625000000e-02 0.000000000000000000e+00
1.726440429687500000e+02 2.532958984375000000e-02 0.000000000000000000e+00
1.728818359375000000e+02 3.216552734375000000e-02 0.000000000000000000e+00
1.729845581054687500e+02 3.259277343750000000e-02 0.000000000000000000e+00
1.731199951171875000e+02 2.496337890625000000e-02 0.000000000000000000e+00
1.730840454101562500e+02 2.392578125000000000e-02 0.000000000000000000e+00
1.728812866210937500e+02 1.843261718750000000e-02 0.000000000000000000e+00
1.720890502929687500e+02 3.295898437500000000e-03 0.000000000000000000e+00
1.709855346679687500e+02 1.953125000000000000e-03 0.000000000000000000e+00
1.704675292968750000e+02 0.000000000000000000e+00 0.000000000000000000e+00
1.700650024414062500e+02 4.882812500000000000e-04 0.000000000000000000e+00
1.700081787109375000e+02 3.051757812500000000e-04 0.000000000000000000e+00
1.702395629882812500e+02 0.000000000000000000e+00 0.000000000000000000e+00
1.702198486328125000e+02 0.000000000000000000e+00 0.000000000000000000e+00
1.701607055664062500e+02 1.953125000000000000e-03 0.000000000000000000e+00
1.702045898437500000e+02 3.723144531250000000e-03 0.000000000000000000e+00
1.701994628906250000e+02 4.577636718750000000e-03 0.000000000000000000e+00
1.703578491210937500e+02 4.638671875000000000e-03 0.000000000000000000e+00
1.705003051757812500e+02 5.737304687500000000e-03 0.000000000000000000e+00
1.705234375000000000e+02 3.784179687500000000e-03 0.000000000000000000e+00
1.704904785156250000e+02 2.502441406250000000e-03 0.000000000000000000e+00
1.705371704101562500e+02 1.220703125000000000e-04 0.000000000000000000e+00
1.707376098632812500e+02 7.385253906250000000e-03 0.000000000000000000e+00
1.708342285156250000e+02 9.033203125000000000e-03 0.000000000000000000e+00
1.709821777343750000e+02 1.165771484375000000e-02 0.000000000000000000e+00
1.713424072265625000e+02 1.171875000000000000e-02 0.000000000000000000e+00
1.717478637695312500e+02 1.647949218750000000e-02 0.000000000000000000e+00
1.717686767578125000e+02 8.911132812500000000e-03 0.000000000000000000e+00
1.720679931640625000e+02 4.394531250000000000e-03 0.000000000000000000e+00
1.721998901367187500e+02 8.239746093750000000e-03 0.000000000000000000e+00
1.726098022460937500e+02 1.751708984375000000e-02 0.000000000000000000e+00
1.726726074218750000e+02 1.354980468750000000e-02 0.000000000000000000e+00
1.726299438476562500e+02 1.239013671875000000e-02 0.000000000000000000e+00
1.727717285156250000e+02 1.458740234375000000e-02 0.000000000000000000e+00
1.730231933593750000e+02 2.856445312500000000e-02 0.000000000000000000e+00
1.731244506835937500e+02 2.825927734375000000e-02 0.000000000000000000e+00
1.732271118164062500e+02 3.265380859375000000e-02 0.000000000000000000e+00
1.732904663085937500e+02 2.838134765625000000e-02 0.000000000000000000e+00
1.734765014648437500e+02 3.234863281250000000e-02 0.000000000000000000e+00
1.736541137695312500e+02 3.826904296875000000e-02 0.000000000000000000e+00
1.738264160156250000e+02 4.321289062500000000e-02 0.000000000000000000e+00
1.738557739257812500e+02 4.699707031250000000e-02 0.000000000000000000e+00
1.740609741210937500e+02 4.833984375000000000e-02 0.000000000000000000e+00
1.742614135742187500e+02 4.766845703125000000e-02 0.000000000000000000e+00
1.744653930664062500e+02 4.711914062500000000e-02 0.000000000000000000e+00
1.740492553710937500e+02 1.727294921875000000e-02 0.000000000000000000e+00
1.731450805664062500e+02 1.953125000000000000e-03 0.000000000000000000e+00
1.720203857421875000e+02 1.525878906250000000e-03 0.000000000000000000e+00
1.713119506835937500e+02 4.882812500000000000e-03 0.000000000000000000e+00
1.710794067382812500e+02 2.807617187500000000e-03 0.000000000000000000e+00
1.709808959960937500e+02 2.746582031250000000e-03 0.000000000000000000e+00
1.710542602539062500e+02 7.141113281250000000e-03 0.000000000000000000e+00
1.711989746093750000e+02 4.943847656250000000e-03 0.000000000000000000e+00
1.712056274414062500e+02 4.943847656250000000e-03 0.000000000000000000e+00
1.711567993164062500e+02 1.037597656250000000e-02 0.000000000000000000e+00
1.712093505859375000e+02 1.422119140625000000e-02 0.000000000000000000e+00
1.711837768554687500e+02 1.361083984375000000e-02 0.000000000000000000e+00
1.712124633789062500e+02 1.593017578125000000e-02 0.000000000000000000e+00
1.713092041015625000e+02 5.187988281250000000e-03 0.000000000000000000e+00
1.713988037109375000e+02 5.187988281250000000e-03 0.000000000000000000e+00
1.713939208984375000e+02 6.530761718750000000e-03 0.000000000000000000e+00
1.714597167968750000e+02 6.225585937500000000e-03 0.000000000000000000e+00
1.715562744140625000e+02 1.214599609375000000e-02 0.000000000000000000e+00
1.716340942382812500e+02 6.347656250000000000e-03 0.000000000000000000e+00
1.718941650390625000e+02 5.126953125000000000e-03 0.000000000000000000e+00
1.721101684570312500e+02 7.568359375000000000e-03 0.000000000000000000e+00
1.723062744140625000e+02 1.330566406250000000e-02 0.000000000000000000e+00
1.724012451171875000e+02 2.923583984375000000e-02 0.000000000000000000e+00
1.725704956054687500e+02 1.336669921875000000e-02 0.000000000000000000e+00
1.728326416015625000e+02 1.129150390625000000e-02 0.000000000000000000e+00
1.730000000000000000e+02 1.391601562500000000e-02 0.000000000000000000e+00
1.731068725585937500e+02 1.806640625000000000e-02 0.000000000000000000e+00
1.731790161132812500e+02 2.618408203125000000e-02 0.000000000000000000e+00
1.733506469726562500e+02 2.807617187500000000e-02 0.000000000000000000e+00
1.733756103515625000e+02 2.862548828125000000e-02 0.000000000000000000e+00
1.733548583984375000e+02 2.667236328125000000e-02 0.000000000000000000e+00
1.734588012695312500e+02 3.973388671875000000e-02 0.000000000000000000e+00
1.735321655273437500e+02 3.765869140625000000e-02 0.000000000000000000e+00
1.733602294921875000e+02 3.869628906250000000e-02 0.000000000000000000e+00
1.734813842773437500e+02 3.967285156250000000e-02 0.000000000000000000e+00
1.736929931640625000e+02 3.430175781250000000e-02 0.000000000000000000e+00
1.737502441406250000e+02 3.356933593750000000e-02 0.000000000000000000e+00
1.736737060546875000e+02 3.100585937500000000e-02 0.000000000000000000e+00
1.737200317382812500e+02 3.125000000000000000e-02 0.000000000000000000e+00
1.737255859375000000e+02 2.380371093750000000e-02 0.000000000000000000e+00
1.730167846679687500e+02 1.892089843750000000e-02 0.000000000000000000e+00
1.719991455078125000e+02 4.272460937500000000e-03 0.000000000000000000e+00
1.713741455078125000e+02 4.394531250000000000e-03 0.000000000000000000e+00
1.709668579101562500e+02 2.929687500000000000e-03 0.000000000000000000e+00
1.709879150390625000e+02 5.859375000000000000e-03 0.000000000000000000e+00
1.710750732421875000e+02 8.422851562500000000e-03 0.000000000000000000e+00
1.713878784179687500e+02 1.770019531250000000e-03 0.000000000000000000e+00
1.715288085937500000e+02 2.258300781250000000e-03 0.000000000000000000e+00
1.715894165039062500e+02 1.092529296875000000e-02 0.000000000000000000e+00
1.717143554687500000e+02 1.098632812500000000e-02 0.000000000000000000e+00
1.717802734375000000e+02 1.458740234375000000e-02 0.000000000000000000e+00
1.718535766601562500e+02 1.208496093750000000e-02 0.000000000000000000e+00
1.718366088867187500e+02 1.922607421875000000e-02 0.000000000000000000e+00
1.718477172851562500e+02 1.367187500000000000e-02 0.000000000000000000e+00
1.718822021484375000e+02 1.342773437500000000e-02 0.000000000000000000e+00
1.718973388671875000e+02 4.028320312500000000e-03 0.000000000000000000e+00
1.719904174804687500e+02 4.638671875000000000e-03 0.000000000000000000e+00
1.722510375976562500e+02 1.477050781250000000e-02 0.000000000000000000e+00
1.723538208007812500e+02 1.818847656250000000e-02 0.000000000000000000e+00
1.724417724609375000e+02 1.226806640625000000e-02 0.000000000000000000e+00
1.725069580078125000e+02 1.635742187500000000e-02 0.000000000000000000e+00
1.726318359375000000e+02 2.514648437500000000e-02 0.000000000000000000e+00
1.728450927734375000e+02 3.295898437500000000e-02 0.000000000000000000e+00
1.729889526367187500e+02 4.364013671875000000e-02 0.000000000000000000e+00
1.731682128906250000e+02 3.295898437500000000e-02 0.000000000000000000e+00
1.732155151367187500e+02 4.010009765625000000e-02 0.000000000000000000e+00
1.732723388671875000e+02 3.430175781250000000e-02 0.000000000000000000e+00
1.733388061523437500e+02 3.784179687500000000e-02 0.000000000000000000e+00
1.735339355468750000e+02 3.717041015625000000e-02 0.000000000000000000e+00
1.737747192382812500e+02 3.698730468750000000e-02 0.000000000000000000e+00
1.740043945312500000e+02 3.741455078125000000e-02 0.000000000000000000e+00
1.740132446289062500e+02 2.459716796875000000e-02 0.000000000000000000e+00
1.741432495117187500e+02 3.521728515625000000e-02 0.000000000000000000e+00
1.742493896484375000e+02 3.295898437500000000e-02 0.000000000000000000e+00
1.742380981445312500e+02 3.521728515625000000e-02 0.000000000000000000e+00
1.742265014648437500e+02 3.082275390625000000e-02 0.000000000000000000e+00
1.743986206054687500e+02 3.717041015625000000e-02 0.000000000000000000e+00
1.743845825195312500e+02 4.858398437500000000e-02 0.000000000000000000e+00
1.741975708007812500e+02 4.364013671875000000e-02 0.000000000000000000e+00
1.738995971679687500e+02 3.607177734375000000e-02 0.000000000000000000e+00
1.731309204101562500e+02 2.575683593750000000e-02 0.000000000000000000e+00
1.723526000976562500e+02 6.469726562500000000e-03 0.000000000000000000e+00
1.715762939453125000e+02 4.211425781250000000e-03 0.000000000000000000e+00
1.711820068359375000e+02 0.000000000000000000e+00 0.000000000000000000e+00
1.712244873046875000e+02 1.403808593750000000e-03 0.000000000000000000e+00
1.713497314453125000e+02 1.403808593750000000e-03 0.000000000000000000e+00
1.712920532226562500e+02 5.554199218750000000e-03 0.000000000000000000e+00
1.713334960937500000e+02 4.272460937500000000e-03 0.000000000000000000e+00
1.715475463867187500e+02 9.948730468750000000e-03 0.000000000000000000e+00
1.715973510742187500e+02 1.031494140625000000e-02 0.000000000000000000e+00
1.716315917968750000e+02 7.690429687500000000e-03 0.000000000000000000e+00
1.717065429687500000e+02 7.690429687500000000e-03 0.000000000000000000e+00
1.717860717773437500e+02 7.873535156250000000e-03 0.000000000000000000e+00
1.716680908203125000e+02 9.399414062500000000e-03 0.000000000000000000e+00
1.715585327148437500e+02 6.103515625000000000e-03 0.000000000000000000e+00
1.715977172851562500e+02 8.117675781250000000e-03 0.000000000000000000e+00
1.717659912109375000e+02 1.110839843750000000e-02 0.000000000000000000e+00
1.720860595703125000e+02 1.293945312500000000e-02 0.000000000000000000e+00
1.722951049804687500e+02 1.226806640625000000e-02 0.000000000000000000e+00
1.725224609375000000e+02 1.129150390625000000e-02 0.000000000000000000e+00
1.727794189453125000e+02 1.831054687500000000e-02 0.000000000000000000e+00
1.733866577148437500e+02 2.899169921875000000e-02 0.000000000000000000e+00
1.733991088867187500e+02 2.795410156250000000e-02 0.000000000000000000e+00
1.732391967773437500e+02 2.996826171875000000e-02 0.000000000000000000e+00
1.731371459960937500e+02 2.917480468750000000e-02 0.000000000000000000e+00
1.731182250976562500e+02 3.686523437500000000e-02 0.000000000000000000e+00
1.732236938476562500e+02 3.692626953125000000e-02 0.000000000000000000e+00
1.733050537109375000e+02 3.991699218750000000e-02 0.000000000000000000e+00
1.733112792968750000e+02 3.668212890625000000e-02 0.000000000000000000e+00
1.733687133789062500e+02 3.820800781250000000e-02 0.000000000000000000e+00
1.734078979492187500e+02 3.491210937500000000e-02 0.000000000000000000e+00
1.733292236328125000e+02 3.399658203125000000e-02 0.000000000000000000e+00
1.734691772460937500e+02 4.418945312500000000e-02 0.000000000000000000e+00
1.736529541015625000e+02 4.022216796875000000e-02 0.000000000000000000e+00
1.737885131835937500e+02 4.498291015625000000e-02 0.000000000000000000e+00
1.737774047851562500e+02 3.625488281250000000e-02 0.000000000000000000e+00
1.739317016601562500e+02 3.833007812500000000e-02 0.000000000000000000e+00
1.738136596679687500e+02 2.368164062500000000e-02 0.000000000000000000e+00
1.731437377929687500e+02 3.192138671875000000e-02 0.000000000000000000e+00
1.724861450195312500e+02 2.111816406250000000e-02 0.000000000000000000e+00
1.719924926757812500e+02 7.568359375000000000e-03 0.000000000000000000e+00
1.717787475585937500e+02 1.770019531250000000e-03 0.000000000000000000e+00
1.716862792968750000e+02 3.601074218750000000e-03 0.000000000000000000e+00
1.716088867187500000e+02 1.348876953125000000e-02 0.000000000000000000e+00
1.717910156250000000e+02 9.521484375000000000e-03 0.000000000000000000e+00
1.717545776367187500e+02 1.226806640625000000e-02 0.000000000000000000e+00
1.718217163085937500e+02 1.690673828125000000e-02 0.000000000000000000e+00
1.717243652343750000e+02 1.385498046875000000e-02 0.000000000000000000e+00
1.719132080078125000e+02 2.154541015625000000e-02 0.000000000000000000e+00
1.719588623046875000e+02 7.629394531250000000e-03 0.000000000000000000e+00
1.721270751953125000e+02 8.850097656250000000e-03 0.000000000000000000e+00
1.722303466796875000e+02 1.721191406250000000e-02 0.000000000000000000e+00
1.723670043945312500e+02 1.544189453125000000e-02 0.000000000000000000e+00
1.723374023437500000e+02 1.922607421875000000e-02 0.000000000000000000e+00
1.723930053710937500e+02 1.885986328125000000e-02 0.000000000000000000e+00
1.724184570312500000e+02 2.050781250000000000e-02 0.000000000000000000e+00
1.726321411132812500e+02 2.722167968750000000e-02 0.000000000000000000e+00
1.728406982421875000e+02 2.813720703125000000e-02 0.000000000000000000e+00
1.728408203125000000e+02 3.002929687500000000e-02 0.000000000000000000e+00
1.728303222656250000e+02 4.034423828125000000e-02 0.000000000000000000e+00
1.728513793945312500e+02 2.563476562500000000e-02 0.000000000000000000e+00
1.730672607421875000e+02 3.289794921875000000e-02 0.000000000000000000e+00
1.733363037109375000e+02 3.936767578125000000e-02 0.000000000000000000e+00
1.734602661132812500e+02 4.974365234375000000e-02 0.000000000000000000e+00
1.734948120117187500e+02 3.454589843750000000e-02 0.000000000000000000e+00
1.736622314453125000e+02 2.795410156250000000e-02 0.000000000000000000e+00
1.737863769531250000e+02 3.442382812500000000e-02 0.000000000000000000e+00
1.739244995117187500e+02 4.663085937500000000e-02 0.000000000000000000e+00
1.740564575195312500e+02 5.010986328125000000e-02 0.000000000000000000e+00
1.742591552734375000e+02 4.687500000000000000e-02 0.000000000000000000e+00
1.743551635742187500e+02 4.821777343750000000e-02 0.000000000000000000e+00
1.744487915039062500e+02 4.107666015625000000e-02 0.000000000000000000e+00
1.746320800781250000e+02 4.394531250000000000e-02 0.000000000000000000e+00
1.747820434570312500e+02 5.535888671875000000e-02 0.000000000000000000e+00
1.746522216796875000e+02 5.706787109375000000e-02 0.000000000000000000e+00
1.737407226562500000e+02 5.334472656250000000e-02 0.000000000000000000e+00
1.728911132812500000e+02 4.248046875000000000e-02 0.000000000000000000e+00
1.723239746093750000e+02 7.080078125000000000e-03 0.000000000000000000e+00
1.716917724609375000e+02 5.310058593750000000e-03 0.000000000000000000e+00
1.712628784179687500e+02 4.028320312500000000e-03 0.000000000000000000e+00
1.713282470703125000e+02 3.601074218750000000e-03 0.000000000000000000e+00
1.718579101562500000e+02 1.953125000000000000e-03 0.000000000000000000e+00
1.718438110351562500e+02 4.211425781250000000e-03 0.000000000000000000e+00
1.718090209960937500e+02 1.147460937500000000e-02 0.000000000000000000e+00
1.716823730468750000e+02 1.684570312500000000e-02 0.000000000000000000e+00
1.718049926757812500e+02 1.293945312500000000e-02 0.000000000000000000e+00
1.718094482421875000e+02 9.094238281250000000e-03 0.000000000000000000e+00
1.717504272460937500e+02 1.385498046875000000e-02 0.000000000000000000e+00
1.715872192382812500e+02 7.995605468750000000e-03 0.000000000000000000e+00
1.716513061523437500e+02 8.239746093750000000e-03 0.000000000000000000e+00
1.717277832031250000e+02 1.477050781250000000e-02 0.000000000000000000e+00
1.718258666992187500e+02 1.324462890625000000e-02 0.000000000000000000e+00
1.718485107421875000e+02 1.251220703125000000e-02 0.000000000000000000e+00
1.718161010742187500e+02 1.470947265625000000e-02 0.000000000000000000e+00
1.719561767578125000e+02 2.124023437500000000e-02 0.000000000000000000e+00
1.720458984375000000e+02 2.075195312500000000e-02 0.000000000000000000e+00
1.720583496093750000e+02 2.105712890625000000e-02 0.000000000000000000e+00
1.720988769531250000e+02 3.271484375000000000e-02 0.000000000000000000e+00
1.722046508789062500e+02 2.899169921875000000e-02 0.000000000000000000e+00
1.723298950195312500e+02 2.685546875000000000e-02 0.000000000000000000e+00
1.725393066406250000e+02 2.252197265625000000e-02 0.000000000000000000e+00
1.726173095703125000e+02 3.027343750000000000e-02 0.000000000000000000e+00
1.728634643554687500e+02 2.471923828125000000e-02 0.000000000000000000e+00
1.730960083007812500e+02 2.600097656250000000e-02 0.000000000000000000e+00
1.732919311523437500e+02 2.770996093750000000e-02 0.000000000000000000e+00
1.734436645507812500e+02 3.881835937500000000e-02 0.000000000000000000e+00
1.735716552734375000e+02 3.283691406250000000e-02 0.000000000000000000e+00
1.736642456054687500e+02 3.649902343750000000e-02 0.000000000000000000e+00
1.736375122070312500e+02 4.156494140625000000e-02 0.000000000000000000e+00
1.737202148437500000e+02 4.052734375000000000e-02 0.000000000000000000e+00
1.738933715820312500e+02 3.729248046875000000e-02 0.000000000000000000e+00
1.738286132812500000e+02 4.742431640625000000e-02 0.000000000000000000e+00
1.738906250000000000e+02 4.357910156250000000e-02 0.000000000000000000e+00
1.739355468750000000e+02 4.553222656250000000e-02 0.000000000000000000e+00
1.734945068359375000e+02 3.442382812500000000e-02 0.000000000000000000e+00
1.727410278320312500e+02 2.819824218750000000e-02 0.000000000000000000e+00
1.717201538085937500e+02 1.043701171875000000e-02 0.000000000000000000e+00
1.714790039062500000e+02 2.990722656250000000e-03 0.000000000000000000e+00
1.710325927734375000e+02 2.441406250000000000e-04 0.000000000000000000e+00
1.707056884765625000e+02 1.342773437500000000e-03 0.000000000000000000e+00
1.706994018554687500e+02 8.544921875000000000e-03 0.000000000000000000e+00
1.707590942382812500e+02 8.300781250000000000e-03 0.000000000000000000e+00
1.707761230468750000e+02 8.117675781250000000e-03 0.000000000000000000e+00
1.708495483398437500e+02 8.300781250000000000e-03 0.000000000000000000e+00
1.709954223632812500e+02 8.789062500000000000e-03 0.000000000000000000e+00
1.711578369140625000e+02 7.934570312500000000e-03 0.000000000000000000e+00
1.711793823242187500e+02 9.643554687500000000e-03 0.000000000000000000e+00
1.710950927734375000e+02 7.934570312500000000e-03 0.000000000000000000e+00
1.708948364257812500e+02 7.812500000000000000e-03 0.000000000000000000e+00
1.710809936523437500e+02 8.117675781250000000e-03 0.000000000000000000e+00
1.710734252929687500e+02 1.055908203125000000e-02 0.000000000000000000e+00
1.711816406250000000e+02 1.171875000000000000e-02 0.000000000000000000e+00
1.711853027343750000e+02 1.171875000000000000e-02 0.000000000000000000e+00
1.714278564453125000e+02 6.713867187500000000e-03 0.000000000000000000e+00
1.715499877929687500e+02 1.525878906250000000e-02 0.000000000000000000e+00
1.716191406250000000e+02 1.245117187500000000e-02 0.000000000000000000e+00
1.716264648437500000e+02 9.277343750000000000e-03 0.000000000000000000e+00
1.715471801757812500e+02 1.489257812500000000e-02 0.000000000000000000e+00
1.716129760742187500e+02 1.287841796875000000e-02 0.000000000000000000e+00
