1.459380493164062500e+02
1.458698730468750000e+02
1.458698730468750000e+02
1.452265625000000000e+02
1.443407592773437500e+02
1.439191284179687500e+02
1.434073486328125000e+02
1.430541381835937500e+02
1.426483154296875000e+02
1.424215698242187500e+02
1.422112426757812500e+02
1.420532226562500000e+02
1.421619262695312500e+02
1.421901855468750000e+02
1.422096557617187500e+02
1.422503051757812500e+02
1.421541748046875000e+02
1.422703857421875000e+02
1.423504638671875000e+02
1.424708862304687500e+02
1.425250244140625000e+02
1.426915283203125000e+02
1.426802978515625000e+02
1.426751708984375000e+02
1.427174682617187500e+02
1.427511596679687500e+02
1.426722412109375000e+02
1.426663208007812500e+02
1.426868896484375000e+02
1.427028198242187500e+02
1.427327270507812500e+02
1.427326049804687500e+02
1.427065429687500000e+02
1.425327148437500000e+02
1.424469604492187500e+02
1.423944702148437500e+02
1.422901000976562500e+02
1.422048339843750000e+02
1.422976684570312500e+02
1.422145996093750000e+02
1.421619262695312500e+02
1.422124633789062500e+02
1.421900024414062500e+02
1.421130371093750000e+02
1.421523437500000000e+02
1.421201171875000000e+02
1.420978393554687500e+02
1.420547485351562500e+02
1.420018920898437500e+02
1.419993286132812500e+02
1.420335083007812500e+02
1.420377197265625000e+02
1.420930786132812500e+02
1.420723876953125000e+02
1.419938964843750000e+02
1.418881835937500000e+02
1.418762817382812500e+02
1.419138183593750000e+02
1.419342041015625000e+02
1.418158569335937500e+02
1.422322387695312500e+02
1.421322021484375000e+02
1.421524658203125000e+02
1.422142333984375000e+02
1.421356811523437500e+02
1.421701049804687500e+02
1.421281738281250000e+02
1.421607666015625000e+02
1.420644531250000000e+02
1.419588623046875000e+02
1.418959960937500000e+02
1.418521118164062500e+02
1.418116455078125000e+02
1.418812866210937500e+02
1.419373168945312500e+02
1.419718017578125000e+02
1.420556640625000000e+02
1.420377197265625000e+02
1.420551757812500000e+02
1.419562988281250000e+02
1.419007568359375000e+02
1.417783813476562500e+02
1.417127685546875000e+02
1.418068237304687500e+02
1.418517456054687500e+02
1.418866577148437500e+02
1.419232177734375000e+02
1.419060668945312500e+02
1.419462280273437500e+02
1.418636474609375000e+02
1.418359375000000000e+02
1.418528442382812500e+02
1.419379882812500000e+02
1.420548095703125000e+02
1.420847778320312500e+02
1.421615600585937500e+02
1.420533447265625000e+02
1.420246582031250000e+02
1.420404663085937500e+02
1.420012207031250000e+02
1.420762329101562500e+02
1.421036376953125000e+02
1.421484985351562500e+02
1.421232299804687500e+02
1.420604248046875000e+02
1.420739746093750000e+02
1.420726928710937500e+02
1.420762329101562500e+02
1.420122070312500000e+02
1.420435791015625000e+02
1.419876708984375000e+02
1.420249023437500000e+02
1.420782470703125000e+02
1.421145019531250000e+02
1.421397094726562500e+02
1.419883422851562500e+02
1.419771118164062500e+02
1.419682006835937500e+02
1.419366455078125000e+02
1.419403686523437500e+02
1.421857910156250000e+02
1.420506591796875000e+02
1.420716552734375000e+02
1.421596069335937500e+02
1.422102050781250000e+02
1.421930541992187500e+02
1.422875976562500000e+02
1.423610229492187500e+02
1.424534912109375000e+02
1.426954956054687500e+02
1.427344360351562500e+02
1.428130493164062500e+02
1.428866577148437500e+02
1.428629760742187500e+02
1.427991943359375000e+02
1.427428588867187500e+02
1.426962890625000000e+02
1.427636718750000000e+02
1.427210693359375000e+02
1.426868286132812500e+02
1.426418457031250000e+02
1.424799194335937500e+02
1.421203002929687500e+02
1.420766601562500000e+02
1.419600830078125000e+02
1.418935546875000000e+02
1.418034667968750000e+02
1.418609619140625000e+02
1.418178710937500000e+02
1.417888793945312500e+02
1.419220581054687500e+02
1.419677124023437500e+02
1.420430908203125000e+02
1.420142211914062500e+02
1.420004272460937500e+02
1.420551757812500000e+02
1.420487670898437500e+02
1.421295776367187500e+02
1.422539672851562500e+02
1.423355102539062500e+02
1.423513793945312500e+02
1.423519897460937500e+02
1.422933959960937500e+02
1.422523803710937500e+02
1.422650756835937500e+02
1.422229614257812500e+02
1.421602172851562500e+02
1.421753540039062500e+02
1.422565917968750000e+02
1.423176269531250000e+02
1.423491821289062500e+02
1.424515380859375000e+02
1.424813842773437500e+02
1.426048583984375000e+02
1.426790771484375000e+02
1.427695922851562500e+02
1.427604370117187500e+02
1.428132324218750000e+02
1.427932739257812500e+02
1.427633056640625000e+02
1.427676391601562500e+02
1.427634277343750000e+02
1.428142700195312500e+02
1.428403930664062500e+02
1.428150634765625000e+02
1.429082031250000000e+02
1.429019775390625000e+02
1.427908935546875000e+02
1.427153320312500000e+02
1.426981201171875000e+02
1.426231689453125000e+02
1.426187744140625000e+02
1.425977172851562500e+02
1.426320800781250000e+02
1.425974121093750000e+02
1.425840454101562500e+02
1.427152709960937500e+02
1.427188110351562500e+02
1.427824707031250000e+02
1.427695922851562500e+02
1.427815551757812500e+02
1.427625122070312500e+02
1.427587280273437500e+02
1.428044433593750000e+02
1.427160034179687500e+02
1.428194580078125000e+02
1.428280639648437500e+02
1.429142456054687500e+02
1.429629516601562500e+02
1.430031127929687500e+02
1.429415893554687500e+02
1.429367675781250000e+02
1.429678344726562500e+02
1.429157104492187500e+02
1.429281005859375000e+02
1.428980712890625000e+02
1.429066162109375000e+02
1.428027343750000000e+02
1.428166503906250000e+02
1.427778320312500000e+02
1.428191528320312500e+02
1.427783813476562500e+02
1.428065795898437500e+02
1.428110961914062500e+02
1.428255615234375000e+02
1.428259887695312500e+02
1.428358764648437500e+02
1.428259277343750000e+02
1.429034423828125000e+02
1.428109130859375000e+02
1.427969360351562500e+02
1.428455810546875000e+02
1.428776855468750000e+02
1.428977661132812500e+02
1.429868774414062500e+02
1.429378051757812500e+02
1.429804687500000000e+02
1.429706420898437500e+02
1.430434570312500000e+02
1.430418701171875000e+02
1.433726196289062500e+02
1.433063354492187500e+02
1.432321166992187500e+02
1.431937866210937500e+02
1.431719970703125000e+02
1.431705322265625000e+02
1.431383056640625000e+02
1.431921997070312500e+02
1.432732543945312500e+02
1.433588256835937500e+02
1.433985595703125000e+02
1.434241333007812500e+02
1.433730468750000000e+02
1.433863525390625000e+02
1.433789672851562500e+02
1.433765869140625000e+02
1.433969726562500000e+02
1.434085083007812500e+02
1.433770751953125000e+02
1.434326782226562500e+02
1.434013671875000000e+02
1.433399047851562500e+02
1.432930908203125000e+02
1.431630249023437500e+02
1.431210937500000000e+02
1.430866699218750000e+02
1.429461669921875000e+02
1.428756103515625000e+02
1.428182373046875000e+02
1.428125000000000000e+02
1.428248901367187500e+02
1.427657470703125000e+02
1.429294433593750000e+02
1.429885864257812500e+02
1.429618530273437500e+02
1.430103759765625000e+02
1.430627441406250000e+02
1.431381835937500000e+02
1.431498413085937500e+02
1.431443481445312500e+02
1.431754150390625000e+02
1.432064208984375000e+02
1.432893066406250000e+02
1.433234252929687500e+02
1.434511718750000000e+02
1.436002807617187500e+02
1.436098632812500000e+02
1.435930786132812500e+02
1.435607299804687500e+02
1.435972900390625000e+02
1.436404418945312500e+02
1.436866455078125000e+02
1.436798095703125000e+02
1.437402954101562500e+02
1.437037353515625000e+02
1.436178588867187500e+02
1.435009765625000000e+02
1.434620361328125000e+02
1.434526367187500000e+02
1.434746093750000000e+02
1.435823364257812500e+02
1.435290527343750000e+02
1.434874877929687500e+02
1.434468994140625000e+02
1.435072021484375000e+02
1.434576416015625000e+02
1.435621337890625000e+02
1.435535888671875000e+02
1.435605468750000000e+02
1.435324096679687500e+02
1.435985107421875000e+02
1.434788818359375000e+02
1.434913330078125000e+02
1.434943847656250000e+02
1.435154418945312500e+02
1.435177001953125000e+02
1.435048217773437500e+02
1.434909057617187500e+02
1.435532836914062500e+02
1.435474243164062500e+02
1.434952392578125000e+02
1.434867553710937500e+02
1.435192260742187500e+02
1.434995117187500000e+02
1.435494384765625000e+02
1.436041870117187500e+02
1.436634521484375000e+02
1.436918945312500000e+02
1.437011108398437500e+02
1.436843261718750000e+02
1.437027587890625000e+02
1.437228393554687500e+02
1.435810546875000000e+02
1.435790405273437500e+02
1.435711059570312500e+02
1.435117187500000000e+02
1.434991455078125000e+02
1.433804931640625000e+02
1.433959960937500000e+02
1.434185791015625000e+02
1.434351806640625000e+02
1.434400634765625000e+02
1.436016845703125000e+02
1.436020507812500000e+02
1.436129150390625000e+02
1.436892089843750000e+02
1.436512451171875000e+02
1.435910034179687500e+02
1.436076049804687500e+02
1.435613403320312500e+02
1.435087280273437500e+02
1.435504760742187500e+02
1.435433959960937500e+02
1.435377807617187500e+02
1.435947875976562500e+02
1.435509643554687500e+02
1.435776367187500000e+02
1.437306518554687500e+02
1.437091064453125000e+02
1.436668701171875000e+02
1.442598266601562500e+02
1.443080444335937500e+02
1.442650146484375000e+02
1.442475585937500000e+02
1.442460937500000000e+02
1.442627563476562500e+02
1.442384033203125000e+02
1.443045654296875000e+02
1.443965454101562500e+02
1.443627319335937500e+02
1.444190063476562500e+02
1.444334106445312500e+02
1.444581298828125000e+02
1.444395141601562500e+02
1.445170288085937500e+02
1.443865356445312500e+02
1.443870849609375000e+02
1.443111572265625000e+02
1.442648315429687500e+02
1.442387084960937500e+02
1.442708740234375000e+02
1.442650756835937500e+02
1.442253417968750000e+02
1.441585083007812500e+02
1.440943603515625000e+02
1.440631713867187500e+02
1.440827026367187500e+02
1.440335083007812500e+02
1.440216674804687500e+02
1.440040893554687500e+02
1.439076538085937500e+02
1.438719482421875000e+02
1.439266967773437500e+02
1.439412231445312500e+02
1.440034179687500000e+02
1.440822753906250000e+02
1.441246948242187500e+02
1.441410522460937500e+02
1.441588745117187500e+02
1.441450805664062500e+02
1.442113037109375000e+02
1.441093750000000000e+02
1.440981445312500000e+02
1.441176147460937500e+02
1.441682739257812500e+02
1.442474975585937500e+02
1.442454223632812500e+02
1.442445678710937500e+02
1.443107299804687500e+02
1.444135131835937500e+02
1.444118041992187500e+02
1.444621582031250000e+02
1.445106201171875000e+02
1.445336303710937500e+02
1.445553588867187500e+02
1.445348510742187500e+02
1.443895874023437500e+02
1.441895141601562500e+02
1.441902465820312500e+02
1.442589111328125000e+02
1.443068237304687500e+02
1.441452026367187500e+02
1.441459350585937500e+02
1.441398925781250000e+02
1.441473999023437500e+02
1.441451416015625000e+02
1.441613769531250000e+02
1.441745605468750000e+02
1.441398315429687500e+02
1.441181640625000000e+02
1.440273437500000000e+02
1.440086669921875000e+02
1.440505371093750000e+02
1.440711059570312500e+02
1.441481323242187500e+02
1.441549072265625000e+02
1.441217651367187500e+02
1.441460571289062500e+02
1.441262817382812500e+02
1.440829467773437500e+02
1.441781005859375000e+02
1.441788940429687500e+02
1.442814331054687500e+02
1.443454589843750000e+02
1.443360595703125000e+02
1.443902587890625000e+02
1.443697509765625000e+02
1.443218383789062500e+02
1.441540527343750000e+02
1.441629028320312500e+02
1.440750732421875000e+02
1.440873413085937500e+02
1.441983642578125000e+02
1.441361694335937500e+02
1.441164550781250000e+02
1.440767822265625000e+02
1.438663330078125000e+02
1.437921752929687500e+02
1.437390136718750000e+02
1.438198852539062500e+02
1.438178100585937500e+02
1.437910766601562500e+02
1.438137817382812500e+02
1.438638305664062500e+02
1.438394775390625000e+02
1.438353881835937500e+02
1.437474975585937500e+02
1.438175048828125000e+02
1.437756958007812500e+02
1.437425537109375000e+02
1.438483276367187500e+02
1.437971191406250000e+02
1.437276000976562500e+02
1.438024902343750000e+02
1.437987060546875000e+02
1.438580932617187500e+02
1.439527587890625000e+02
1.438822631835937500e+02
1.437967529296875000e+02
1.437680664062500000e+02
1.439969482421875000e+02
1.439001464843750000e+02
1.439251098632812500e+02
1.439608764648437500e+02
1.439154052734375000e+02
1.439650268554687500e+02
1.440139160156250000e+02
1.439855957031250000e+02
1.440090332031250000e+02
1.440393676757812500e+02
1.440186157226562500e+02
1.439163208007812500e+02
1.439529418945312500e+02
1.438160400390625000e+02
1.437857666015625000e+02
1.437147827148437500e+02
1.437453613281250000e+02
1.438206787109375000e+02
1.438450927734375000e+02
1.438401489257812500e+02
1.439158935546875000e+02
1.439054565429687500e+02
1.438717651367187500e+02
1.438768920898437500e+02
1.438287963867187500e+02
1.437567138671875000e+02
1.436729125976562500e+02
1.436558227539062500e+02
1.436943359375000000e+02
1.437181396484375000e+02
1.437576293945312500e+02
1.437076416015625000e+02
1.437802734375000000e+02
1.438005371093750000e+02
1.438262329101562500e+02
1.438286743164062500e+02
1.438762207031250000e+02
1.439645996093750000e+02
1.439259033203125000e+02
1.439401245117187500e+02
1.439557495117187500e+02
1.440983276367187500e+02
1.441311035156250000e+02
1.441575317382812500e+02
1.441979980468750000e+02
1.440924072265625000e+02
1.440900878906250000e+02
1.440770263671875000e+02
1.438377685546875000e+02
1.437589111328125000e+02
1.436663818359375000e+02
1.435967407226562500e+02
1.435173339843750000e+02
1.435681762695312500e+02
1.435689697265625000e+02
1.435639038085937500e+02
1.436033935546875000e+02
1.437681274414062500e+02
1.438324584960937500e+02
1.438245849609375000e+02
1.441000976562500000e+02
1.439283447265625000e+02
1.438920288085937500e+02
1.438356933593750000e+02
1.437027587890625000e+02
1.436892700195312500e+02
1.437286376953125000e+02
1.437160644531250000e+02
1.437788696289062500e+02
1.437233886718750000e+02
1.438100585937500000e+02
1.437868041992187500e+02
1.437621459960937500e+02
1.438299560546875000e+02
1.437839965820312500e+02
1.437594604492187500e+02
1.437942504882812500e+02
1.438184814453125000e+02
1.439125976562500000e+02
1.440631103515625000e+02
1.440749511718750000e+02
1.440958251953125000e+02
1.441188354492187500e+02
1.439318237304687500e+02
1.439276733398437500e+02
1.439140625000000000e+02
1.438241577148437500e+02
1.437136230468750000e+02
1.436637573242187500e+02
1.437075195312500000e+02
1.437297973632812500e+02
1.437467651367187500e+02
1.437792358398437500e+02
1.437150878906250000e+02
1.438067626953125000e+02
1.437631225585937500e+02
1.436943359375000000e+02
1.435900268554687500e+02
1.436203002929687500e+02
1.435579833984375000e+02
1.435626831054687500e+02
1.435717163085937500e+02
1.436062011718750000e+02
1.436462402343750000e+02
1.436155395507812500e+02
1.436282348632812500e+02
1.436358032226562500e+02
1.437287597656250000e+02
1.437278442382812500e+02
1.437307739257812500e+02
1.437698974609375000e+02
1.438035278320312500e+02
1.438331909179687500e+02
1.437810058593750000e+02
1.437713623046875000e+02
1.437860717773437500e+02
1.438220214843750000e+02
1.438423461914062500e+02
1.436417846679687500e+02
1.435646362304687500e+02
1.434006958007812500e+02
1.432708740234375000e+02
1.432997436523437500e+02
1.433818969726562500e+02
1.433793945312500000e+02
1.433115844726562500e+02
1.433123779296875000e+02
1.433516235351562500e+02
1.432304687500000000e+02
1.431065673828125000e+02
1.431032714843750000e+02
1.430437622070312500e+02
1.431126708984375000e+02
1.430538330078125000e+02
1.430012207031250000e+02
1.429913330078125000e+02
1.429999389648437500e+02
1.430036621093750000e+02
1.429490356445312500e+02
1.429264526367187500e+02
1.428246459960937500e+02
1.429071655273437500e+02
1.429783325195312500e+02
1.430263061523437500e+02
1.429143066406250000e+02
1.429662475585937500e+02
1.429364624023437500e+02
1.429649658203125000e+02
1.430144042968750000e+02
1.430560913085937500e+02
1.430062866210937500e+02
1.429801025390625000e+02
1.429877929687500000e+02
1.429573364257812500e+02
1.428543701171875000e+02
1.428139648437500000e+02
1.427181396484375000e+02
1.426231079101562500e+02
1.425338745117187500e+02
1.425952758789062500e+02
1.425297241210937500e+02
1.425042724609375000e+02
1.424809570312500000e+02
1.424843139648437500e+02
1.424984741210937500e+02
1.424950561523437500e+02
1.424652709960937500e+02
1.425226440429687500e+02
1.425121459960937500e+02
1.424835815429687500e+02
1.424808959960937500e+02
1.424787597656250000e+02
1.425427246093750000e+02
1.425629882812500000e+02
1.426536254882812500e+02
1.426591186523437500e+02
1.426853637695312500e+02
1.426220703125000000e+02
1.426257934570312500e+02
1.425089721679687500e+02
1.427564086914062500e+02
1.426281738281250000e+02
1.425488891601562500e+02
1.426622924804687500e+02
1.426639404296875000e+02
1.427004394531250000e+02
1.427623291015625000e+02
1.427270507812500000e+02
1.428471069335937500e+02
1.428494262695312500e+02
1.426880493164062500e+02
1.426598510742187500e+02
1.426565551757812500e+02
1.427434692382812500e+02
1.427359619140625000e+02
1.426702880859375000e+02
1.425641479492187500e+02
1.425663452148437500e+02
1.425580444335937500e+02
1.425003051757812500e+02
1.425230712890625000e+02
1.424642944335937500e+02
1.424500732421875000e+02
1.424486083984375000e+02
1.423963012695312500e+02
1.424260864257812500e+02
1.423543701171875000e+02
1.424469604492187500e+02
1.425553588867187500e+02
1.425887451171875000e+02
1.426985473632812500e+02
1.428260498046875000e+02
1.428784179687500000e+02
1.429086914062500000e+02
1.429620971679687500e+02
1.429223632812500000e+02
1.429346313476562500e+02
1.429423217773437500e+02
1.430105590820312500e+02
1.429795532226562500e+02
1.430227050781250000e+02
1.430932006835937500e+02
1.431861572265625000e+02
1.432482299804687500e+02
1.432840576171875000e+02
1.433027343750000000e+02
1.433109130859375000e+02
1.432097167968750000e+02
1.430347290039062500e+02
1.428249511718750000e+02
1.428664550781250000e+02
1.428663330078125000e+02
1.428696899414062500e+02
1.428825073242187500e+02
1.429444580078125000e+02
1.429354248046875000e+02
1.429255371093750000e+02
1.430405883789062500e+02
1.430458984375000000e+02
1.429519653320312500e+02
1.428440551757812500e+02
1.428395996093750000e+02
1.427761230468750000e+02
1.428165283203125000e+02
1.428058471679687500e+02
1.428249511718750000e+02
1.428165893554687500e+02
1.427957763671875000e+02
1.428823242187500000e+02
1.428705444335937500e+02
1.428361206054687500e+02
1.428183593750000000e+02
1.428884887695312500e+02
1.429332275390625000e+02
1.430140991210937500e+02
1.430578002929687500e+02
1.430925903320312500e+02
1.431543579101562500e+02
1.431152343750000000e+02
1.431591186523437500e+02
1.431762695312500000e+02
1.431107788085937500e+02
1.431255493164062500e+02
1.431397094726562500e+02
1.430543212890625000e+02
1.430570678710937500e+02
1.430726928710937500e+02
1.430173339843750000e+02
1.429291381835937500e+02
1.426845703125000000e+02
1.426962890625000000e+02
1.425345458984375000e+02
1.425376586914062500e+02
1.424682006835937500e+02
1.426056518554687500e+02
1.426593017578125000e+02
1.426660156250000000e+02
1.425001831054687500e+02
1.425198364257812500e+02
1.422845458984375000e+02
1.422752075195312500e+02
1.422236938476562500e+02
1.421611938476562500e+02
1.421395874023437500e+02
1.421993408203125000e+02
1.421990356445312500e+02
1.423653564453125000e+02
1.422354736328125000e+02
1.422498779296875000e+02
1.422877197265625000e+02
1.421625366210937500e+02
1.421651611328125000e+02
1.422144165039062500e+02
1.422810058593750000e+02
1.422773437500000000e+02
1.422868041992187500e+02
1.423843383789062500e+02
1.423915405273437500e+02
1.423813476562500000e+02
1.424769287109375000e+02
1.426795043945312500e+02
1.425562744140625000e+02
1.424946289062500000e+02
1.424292602539062500e+02
1.423908081054687500e+02
1.424111328125000000e+02
1.423003540039062500e+02
1.421981201171875000e+02
1.422330932617187500e+02
1.422325439453125000e+02
1.422432861328125000e+02
1.422744140625000000e+02
1.422851562500000000e+02
1.423267211914062500e+02
1.423873291015625000e+02
1.423661499023437500e+02
1.423804931640625000e+02
1.423680419921875000e+02
1.422861938476562500e+02
1.422258300781250000e+02
1.422443847656250000e+02
1.423656616210937500e+02
1.424009399414062500e+02
1.424421386718750000e+02
1.425055541992187500e+02
1.425186157226562500e+02
1.426342163085937500e+02
1.427012329101562500e+02
1.427609863281250000e+02
1.427433471679687500e+02
1.427624511718750000e+02
1.428106689453125000e+02
1.427886962890625000e+02
1.426821289062500000e+02
1.426757202148437500e+02
1.425960083007812500e+02
1.426538696289062500e+02
1.426721191406250000e+02
1.426956176757812500e+02
1.428012084960937500e+02
1.428595581054687500e+02
1.427856445312500000e+02
1.427221679687500000e+02
1.425811157226562500e+02
1.423442993164062500e+02
1.423642578125000000e+02
1.423262329101562500e+02
1.423631591796875000e+02
1.424302368164062500e+02
1.424931640625000000e+02
1.424991455078125000e+02
1.426130981445312500e+02
1.424215698242187500e+02
1.422593994140625000e+02
1.423418579101562500e+02
1.423494262695312500e+02
1.422667846679687500e+02
1.423041992187500000e+02
1.423181762695312500e+02
1.424112548828125000e+02
1.425990600585937500e+02
1.425439453125000000e+02
1.425826416015625000e+02
1.425146484375000000e+02
1.425678710937500000e+02
1.425533447265625000e+02
1.425144042968750000e+02
1.426115112304687500e+02
1.427310791015625000e+02
1.427998657226562500e+02
1.429675292968750000e+02
1.429378662109375000e+02
1.429662475585937500e+02
1.430977783203125000e+02
1.431200561523437500e+02
1.431699218750000000e+02
1.431874389648437500e+02
1.431371459960937500e+02
1.432462158203125000e+02
1.432454223632812500e+02
1.430050048828125000e+02
1.428226928710937500e+02
1.427393188476562500e+02
1.426647338867187500e+02
1.426427001953125000e+02
1.426267089843750000e+02
1.427326660156250000e+02
1.427566528320312500e+02
1.427122192382812500e+02
1.426979370117187500e+02
1.427097167968750000e+02
1.427104492187500000e+02
1.426799926757812500e+02
1.426230468750000000e+02
1.426578979492187500e+02
1.427758789062500000e+02
1.428136596679687500e+02
1.426998291015625000e+02
1.426597290039062500e+02
1.425982055664062500e+02
1.426622314453125000e+02
1.426013183593750000e+02
1.426337280273437500e+02
1.427086181640625000e+02
1.427600097656250000e+02
1.428356323242187500e+02
1.428165893554687500e+02
1.427559204101562500e+02
1.427412719726562500e+02
1.426972656250000000e+02
1.427288208007812500e+02
1.426700439453125000e+02
1.425983886718750000e+02
1.424896240234375000e+02
1.425344238281250000e+02
1.424570922851562500e+02
1.424236450195312500e+02
1.424510498046875000e+02
1.423948364257812500e+02
1.423760375976562500e+02
1.423016357421875000e+02
1.421497802734375000e+02
1.421159667968750000e+02
1.420399780273437500e+02
1.420553588867187500e+02
1.420368652343750000e+02
1.420111083984375000e+02
1.420533447265625000e+02
1.420816650390625000e+02
1.420389404296875000e+02
1.420440063476562500e+02
1.419053955078125000e+02
1.419182128906250000e+02
1.419023437500000000e+02
1.419164428710937500e+02
1.419798583984375000e+02
1.419786376953125000e+02
1.419813842773437500e+02
1.420297241210937500e+02
1.421403198242187500e+02
1.422064819335937500e+02
1.421612548828125000e+02
1.420940551757812500e+02
1.421627197265625000e+02
1.421608276367187500e+02
1.422329101562500000e+02
1.422387695312500000e+02
1.421912231445312500e+02
1.421475830078125000e+02
1.420738525390625000e+02
1.420114746093750000e+02
1.420474243164062500e+02
1.420357666015625000e+02
1.421361083984375000e+02
1.421778564453125000e+02
1.421905517578125000e+02
1.421802978515625000e+02
1.419643554687500000e+02
1.416832275390625000e+02
1.416088867187500000e+02
1.415452880859375000e+02
1.416820068359375000e+02
1.416829833984375000e+02
1.416793212890625000e+02
1.416896972656250000e+02
1.417324829101562500e+02
1.417693481445312500e+02
1.417553100585937500e+02
1.417733154296875000e+02
1.417540283203125000e+02
1.418220214843750000e+02
1.418057861328125000e+02
1.417303466796875000e+02
1.417766723632812500e+02
1.418017578125000000e+02
1.418898315429687500e+02
1.418621215820312500e+02
1.418888549804687500e+02
1.419397583007812500e+02
1.419312133789062500e+02
1.421063842773437500e+02
1.419926147460937500e+02
1.420475463867187500e+02
1.420661010742187500e+02
1.421240844726562500e+02
1.421973876953125000e+02
1.421445312500000000e+02
1.420312500000000000e+02
1.419978027343750000e+02
1.421235351562500000e+02
1.419923095703125000e+02
1.419616088867187500e+02
1.418764648437500000e+02
1.417844238281250000e+02
1.418052368164062500e+02
1.417394409179687500e+02
1.418137817382812500e+02
1.417578125000000000e+02
1.417655029296875000e+02
1.417690429687500000e+02
1.418173217773437500e+02
1.418127441406250000e+02
1.417868652343750000e+02
1.416769409179687500e+02
1.417037353515625000e+02
1.417339477539062500e+02
1.417045288085937500e+02
1.417219848632812500e+02
1.417337646484375000e+02
1.417788085937500000e+02
1.417881469726562500e+02
1.418255615234375000e+02
1.418771362304687500e+02
1.419526977539062500e+02
1.419972534179687500e+02
1.419481201171875000e+02
1.419398803710937500e+02
1.420109863281250000e+02
1.420083618164062500e+02
1.420072631835937500e+02
1.420022583007812500e+02
1.419702148437500000e+02
1.420572509765625000e+02
1.420786743164062500e+02
1.421160888671875000e+02
1.421517944335937500e+02
1.421620483398437500e+02
1.422516479492187500e+02
1.422294311523437500e+02
1.422213134765625000e+02
1.421010131835937500e+02
1.421397705078125000e+02
1.419582519531250000e+02
1.417453002929687500e+02
1.416955566406250000e+02
1.416913452148437500e+02
1.416893920898437500e+02
1.417310180664062500e+02
1.418084716796875000e+02
1.417876586914062500e+02
1.418805541992187500e+02
1.417835693359375000e+02
1.416141357421875000e+02
1.415189819335937500e+02
1.416103515625000000e+02
1.415180664062500000e+02
1.416217651367187500e+02
1.415735473632812500e+02
1.415224609375000000e+02
1.415003051757812500e+02
1.414585571289062500e+02
1.414354248046875000e+02
1.413671264648437500e+02
1.413178100585937500e+02
1.413103027343750000e+02
1.413335571289062500e+02
1.413922119140625000e+02
1.413994750976562500e+02
1.415589599609375000e+02
1.415723876953125000e+02
1.415752563476562500e+02
1.416071777343750000e+02
1.415572509765625000e+02
1.415972290039062500e+02
1.415653076171875000e+02
1.415050659179687500e+02
1.414860229492187500e+02
1.413962402343750000e+02
1.412586669921875000e+02
1.410097656250000000e+02
1.408157348632812500e+02
1.407755737304687500e+02
1.408092041015625000e+02
1.408119506835937500e+02
1.408076782226562500e+02
1.408226318359375000e+02
1.408402099609375000e+02
1.408584594726562500e+02
1.408293457031250000e+02
1.409503784179687500e+02
1.409350585937500000e+02
1.409075927734375000e+02
1.408350219726562500e+02
1.408446655273437500e+02
1.408642578125000000e+02
1.408839111328125000e+02
1.409177856445312500e+02
1.409721069335937500e+02
1.409839477539062500e+02
1.410019531250000000e+02
1.409821166992187500e+02
1.410482177734375000e+02
1.410225219726562500e+02
1.410884399414062500e+02
1.411201782226562500e+02
1.410989379882812500e+02
1.411691284179687500e+02
1.411370849609375000e+02
1.411000976562500000e+02
1.411536865234375000e+02
1.415760498046875000e+02
1.415909423828125000e+02
1.415394897460937500e+02
1.414915771484375000e+02
1.415390625000000000e+02
1.416466674804687500e+02
1.416531372070312500e+02
1.414603881835937500e+02
1.414230346679687500e+02
1.413717651367187500e+02
1.411513061523437500e+02
1.410531616210937500e+02
1.412604370117187500e+02
1.413755493164062500e+02
1.413793945312500000e+02
1.414672241210937500e+02
1.415057373046875000e+02
1.415635986328125000e+02
1.415177001953125000e+02
1.415491943359375000e+02
1.414712524414062500e+02
1.414554443359375000e+02
1.414129638671875000e+02
1.413930664062500000e+02
1.414335937500000000e+02
1.414146118164062500e+02
1.414158325195312500e+02
1.414414672851562500e+02
1.416130371093750000e+02
1.416451416015625000e+02
1.417055664062500000e+02
1.417849121093750000e+02
1.418676757812500000e+02
1.418697509765625000e+02
1.418623046875000000e+02
1.417846069335937500e+02
1.417813720703125000e+02
1.417402343750000000e+02
1.418400878906250000e+02
1.418421630859375000e+02
1.418933105468750000e+02
1.418760375976562500e+02
1.420045776367187500e+02
1.420021362304687500e+02
1.421366577148437500e+02
1.422542724609375000e+02
1.422988281250000000e+02
1.422006225585937500e+02
1.421586303710937500e+02
1.421348266601562500e+02
1.420307006835937500e+02
1.420222778320312500e+02
1.421626586914062500e+02
1.421848754882812500e+02
1.422726440429687500e+02
1.422802124023437500e+02
1.421702880859375000e+02
1.421827392578125000e+02
1.421962890625000000e+02
1.421685791015625000e+02
1.421045532226562500e+02
1.421326904296875000e+02
1.421254882812500000e+02
1.421343994140625000e+02
1.421471557617187500e+02
1.422460937500000000e+02
1.422037963867187500e+02
1.422901000976562500e+02
1.422322387695312500e+02
1.422187500000000000e+02
1.422172241210937500e+02
1.422794189453125000e+02
1.422669677734375000e+02
1.421856689453125000e+02
1.422295532226562500e+02
1.422014770507812500e+02
1.422325439453125000e+02
1.422112426757812500e+02
1.421953735351562500e+02
1.422393798828125000e+02
1.421859741210937500e+02
1.421798706054687500e+02
1.421508789062500000e+02
1.420971069335937500e+02
1.420814819335937500e+02
1.420568237304687500e+02
1.420103759765625000e+02
1.420462646484375000e+02
1.420764160156250000e+02
1.420615234375000000e+02
1.419331054687500000e+02
1.418487548828125000e+02
1.417603759765625000e+02
1.417899780273437500e+02
1.418484497070312500e+02
1.417677001953125000e+02
1.416369628906250000e+02
1.415998535156250000e+02
1.416040649414062500e+02
1.415925292968750000e+02
1.416423950195312500e+02
1.416683349609375000e+02
1.417362670898437500e+02
1.416936035156250000e+02
1.417492065429687500e+02
1.417340087890625000e+02
1.417081298828125000e+02
1.416943969726562500e+02
1.416836547851562500e+02
1.417010498046875000e+02
1.416190795898437500e+02
1.416614379882812500e+02
1.417719726562500000e+02
1.418453979492187500e+02
1.418989257812500000e+02
1.419437255859375000e+02
1.419848022460937500e+02
1.420250854492187500e+02
