1.028354492187500000e+02 1.085620117187500000e+02 8.337664794921875000e+01
1.037001342773437500e+02 1.095103759765625000e+02 8.419610595703125000e+01
1.038837890625000000e+02 1.096946411132812500e+02 8.438269042968750000e+01
1.037383422851562500e+02 1.096064453125000000e+02 8.427008056640625000e+01
1.037061767578125000e+02 1.098171386718750000e+02 8.426849365234375000e+01
1.028091430664062500e+02 1.102520751953125000e+02 8.407238769531250000e+01
1.022037963867187500e+02 1.108104248046875000e+02 8.339611816406250000e+01
1.020196533203125000e+02 1.108999633789062500e+02 8.289880371093750000e+01
1.019754028320312500e+02 1.111361694335937500e+02 8.305572509765625000e+01
1.018944091796875000e+02 1.113402709960937500e+02 8.365863037109375000e+01
1.020921630859375000e+02 1.115808715820312500e+02 8.416265869140625000e+01
1.020278320312500000e+02 1.116017456054687500e+02 8.428222656250000000e+01
1.018651733398437500e+02 1.114055175781250000e+02 8.422698974609375000e+01
1.018048706054687500e+02 1.112244262695312500e+02 8.362554931640625000e+01
1.018361816406250000e+02 1.112718505859375000e+02 8.266790771484375000e+01
1.018242797851562500e+02 1.111118164062500000e+02 8.246435546875000000e+01
1.019800415039062500e+02 1.112868652343750000e+02 8.251483154296875000e+01
1.020794677734375000e+02 1.112626953125000000e+02 8.249316406250000000e+01
1.021438598632812500e+02 1.113072509765625000e+02 8.281768798828125000e+01
1.020104370117187500e+02 1.113057861328125000e+02 8.301855468750000000e+01
1.020308837890625000e+02 1.113120117187500000e+02 8.324273681640625000e+01
1.019911499023437500e+02 1.113287353515625000e+02 8.338537597656250000e+01
1.019498901367187500e+02 1.113266601562500000e+02 8.338598632812500000e+01
1.019237060546875000e+02 1.112523193359375000e+02 8.334106445312500000e+01
1.016146240234375000e+02 1.112312011718750000e+02 8.328936767578125000e+01
1.014990234375000000e+02 1.112336425781250000e+02 8.325329589843750000e+01
1.015839233398437500e+02 1.113841552734375000e+02 8.344531250000000000e+01
1.015991210937500000e+02 1.115402832031250000e+02 8.338201904296875000e+01
1.018462524414062500e+02 1.114870605468750000e+02 8.318554687500000000e+01
1.019561767578125000e+02 1.115576782226562500e+02 8.326831054687500000e+01
1.021284790039062500e+02 1.117112426757812500e+02 8.331958007812500000e+01
1.023548583984375000e+02 1.119034423828125000e+02 8.343395996093750000e+01
1.022152099609375000e+02 1.118062133789062500e+02 8.317419433593750000e+01
1.017304687500000000e+02 1.119147949218750000e+02 8.369439697265625000e+01
1.013259887695312500e+02 1.122716674804687500e+02 8.409301757812500000e+01
1.010691528320312500e+02 1.122044067382812500e+02 8.437963867187500000e+01
1.009761962890625000e+02 1.123551025390625000e+02 8.458782958984375000e+01
1.012609863281250000e+02 1.126397705078125000e+02 8.493731689453125000e+01
1.016423950195312500e+02 1.129645996093750000e+02 8.479980468750000000e+01
1.016602783203125000e+02 1.129725341796875000e+02 8.443939208984375000e+01
1.020276489257812500e+02 1.128511352539062500e+02 8.448858642578125000e+01
1.019935913085937500e+02 1.128635253906250000e+02 8.415783691406250000e+01
1.021502075195312500e+02 1.130531005859375000e+02 8.417767333984375000e+01
1.021673583984375000e+02 1.128740844726562500e+02 8.432891845703125000e+01
1.021445922851562500e+02 1.128176269531250000e+02 8.434588623046875000e+01
1.019745483398437500e+02 1.126766357421875000e+02 8.424597167968750000e+01
1.020610351562500000e+02 1.125842895507812500e+02 8.430780029296875000e+01
1.022902221679687500e+02 1.128467407226562500e+02 8.465631103515625000e+01
1.025534667968750000e+02 1.129502563476562500e+02 8.485656738281250000e+01
1.028344726562500000e+02 1.128950805664062500e+02 8.475585937500000000e+01
1.029432983398437500e+02 1.129020996093750000e+02 8.497125244140625000e+01
1.027927246093750000e+02 1.127679443359375000e+02 8.485101318359375000e+01
1.026867675781250000e+02 1.125434570312500000e+02 8.476220703125000000e+01
1.026849975585937500e+02 1.124709472656250000e+02 8.462866210937500000e+01
1.029116210937500000e+02 1.126702880859375000e+02 8.478747558593750000e+01
1.029074707031250000e+02 1.127010498046875000e+02 8.455279541015625000e+01
1.028197631835937500e+02 1.125797729492187500e+02 8.442285156250000000e+01
1.027465820312500000e+02 1.124692993164062500e+02 8.440045166015625000e+01
1.021852416992187500e+02 1.124793090820312500e+02 8.466223144531250000e+01
1.018530273437500000e+02 1.126321411132812500e+02 8.464868164062500000e+01
1.015166015625000000e+02 1.127832031250000000e+02 8.499151611328125000e+01
1.017499389648437500e+02 1.129393310546875000e+02 8.511505126953125000e+01
1.017397460937500000e+02 1.129276733398437500e+02 8.518267822265625000e+01
1.018746948242187500e+02 1.127668457031250000e+02 8.497021484375000000e+01
1.019703369140625000e+02 1.127793579101562500e+02 8.465252685546875000e+01
1.019984741210937500e+02 1.127707519531250000e+02 8.454486083984375000e+01
1.021444702148437500e+02 1.125822143554687500e+02 8.435266113281250000e+01
1.023366088867187500e+02 1.127816772460937500e+02 8.433837890625000000e+01
1.022030029296875000e+02 1.127875976562500000e+02 8.361041259765625000e+01
1.021109619140625000e+02 1.127890625000000000e+02 8.346795654296875000e+01
1.021761474609375000e+02 1.128762817382812500e+02 8.341308593750000000e+01
1.022359619140625000e+02 1.129921264648437500e+02 8.345318603515625000e+01
1.019983520507812500e+02 1.130032958984375000e+02 8.331072998046875000e+01
1.022077636718750000e+02 1.131440429687500000e+02 8.377709960937500000e+01
1.021937255859375000e+02 1.130462646484375000e+02 8.410046386718750000e+01
1.022228393554687500e+02 1.130690307617187500e+02 8.428417968750000000e+01
1.023670654296875000e+02 1.131839599609375000e+02 8.462933349609375000e+01
1.025374755859375000e+02 1.132930908203125000e+02 8.494317626953125000e+01
1.020880126953125000e+02 1.132420654296875000e+02 8.538537597656250000e+01
1.018797607421875000e+02 1.131548461914062500e+02 8.549206542968750000e+01
1.015798950195312500e+02 1.130741577148437500e+02 8.578424072265625000e+01
1.016444091796875000e+02 1.131663208007812500e+02 8.597100830078125000e+01
1.015053710937500000e+02 1.132150878906250000e+02 8.614453125000000000e+01
1.019364013671875000e+02 1.132734985351562500e+02 8.600036621093750000e+01
1.021298217773437500e+02 1.132410278320312500e+02 8.572338867187500000e+01
1.025484008789062500e+02 1.134332275390625000e+02 8.576477050781250000e+01
1.030834960937500000e+02 1.139163208007812500e+02 8.598413085937500000e+01
1.034389038085937500e+02 1.141556396484375000e+02 8.628320312500000000e+01
1.033761596679687500e+02 1.142941284179687500e+02 8.606365966796875000e+01
1.033059082031250000e+02 1.143424072265625000e+02 8.575659179687500000e+01
1.031226806640625000e+02 1.142686157226562500e+02 8.567254638671875000e+01
1.029360351562500000e+02 1.141875610351562500e+02 8.541088867187500000e+01
1.029190673828125000e+02 1.142105102539062500e+02 8.532928466796875000e+01
1.035930786132812500e+02 1.141827392578125000e+02 8.555603027343750000e+01
1.041962890625000000e+02 1.138717041015625000e+02 8.548681640625000000e+01
1.042243652343750000e+02 1.138605346679687500e+02 8.550531005859375000e+01
1.047930297851562500e+02 1.137113037109375000e+02 8.532263183593750000e+01
1.049055175781250000e+02 1.137739257812500000e+02 8.548022460937500000e+01
1.037936401367187500e+02 1.140220336914062500e+02 8.562243652343750000e+01
1.033418579101562500e+02 1.140446166992187500e+02 8.587884521484375000e+01
1.031591796875000000e+02 1.140199584960937500e+02 8.610961914062500000e+01
1.029977416992187500e+02 1.141140747070312500e+02 8.618603515625000000e+01
1.027960815429687500e+02 1.140609130859375000e+02 8.609008789062500000e+01
1.030692138671875000e+02 1.140396118164062500e+02 8.624865722656250000e+01
1.034617919921875000e+02 1.141347045898437500e+02 8.634576416015625000e+01
1.035783691406250000e+02 1.140775756835937500e+02 8.641674804687500000e+01
1.035509643554687500e+02 1.139574584960937500e+02 8.644549560546875000e+01
1.034885253906250000e+02 1.139936523437500000e+02 8.625018310546875000e+01
1.036303100585937500e+02 1.137978515625000000e+02 8.593572998046875000e+01
1.038526000976562500e+02 1.139282836914062500e+02 8.567425537109375000e+01
1.037293701171875000e+02 1.138386230468750000e+02 8.552880859375000000e+01
1.041044311523437500e+02 1.137734375000000000e+02 8.564385986328125000e+01
1.042890625000000000e+02 1.139015502929687500e+02 8.542810058593750000e+01
1.045956420898437500e+02 1.139672241210937500e+02 8.577484130859375000e+01
1.048323974609375000e+02 1.137332763671875000e+02 8.604998779296875000e+01
1.050806274414062500e+02 1.139234008789062500e+02 8.608789062500000000e+01
1.050458374023437500e+02 1.137998046875000000e+02 8.598211669921875000e+01
1.048342895507812500e+02 1.137360229492187500e+02 8.596307373046875000e+01
1.047028808593750000e+02 1.137281494140625000e+02 8.631762695312500000e+01
1.044396972656250000e+02 1.136840209960937500e+02 8.638165283203125000e+01
1.040525512695312500e+02 1.137612915039062500e+02 8.651226806640625000e+01
1.039384155273437500e+02 1.138097534179687500e+02 8.671789550781250000e+01
1.038405761718750000e+02 1.138651733398437500e+02 8.661639404296875000e+01
1.036363525390625000e+02 1.138325805664062500e+02 8.643304443359375000e+01
1.037815551757812500e+02 1.141370239257812500e+02 8.672747802734375000e+01
1.035956420898437500e+02 1.141466064453125000e+02 8.619274902343750000e+01
1.034650878906250000e+02 1.140793457031250000e+02 8.602209472656250000e+01
1.033026123046875000e+02 1.139233398437500000e+02 8.570861816406250000e+01
1.034702758789062500e+02 1.137717895507812500e+02 8.584606933593750000e+01
1.037226562500000000e+02 1.136931762695312500e+02 8.570959472656250000e+01
1.038109741210937500e+02 1.136840209960937500e+02 8.578161621093750000e+01
1.040545654296875000e+02 1.138968505859375000e+02 8.600231933593750000e+01
1.042606201171875000e+02 1.138625488281250000e+02 8.617755126953125000e+01
1.044002075195312500e+02 1.139502563476562500e+02 8.638867187500000000e+01
1.046004028320312500e+02 1.137858276367187500e+02 8.638818359375000000e+01
1.046038208007812500e+02 1.138356933593750000e+02 8.654974365234375000e+01
1.045407104492187500e+02 1.138077392578125000e+02 8.657501220703125000e+01
1.042291870117187500e+02 1.138128662109375000e+02 8.643713378906250000e+01
1.040498657226562500e+02 1.135294189453125000e+02 8.604663085937500000e+01
1.039760742187500000e+02 1.134276123046875000e+02 8.569183349609375000e+01
1.039608764648437500e+02 1.132778320312500000e+02 8.533239746093750000e+01
1.039537963867187500e+02 1.132748413085937500e+02 8.503619384765625000e+01
1.041161499023437500e+02 1.132119140625000000e+02 8.517675781250000000e+01
1.029616699218750000e+02 1.134576416015625000e+02 8.549987792968750000e+01
1.022025756835937500e+02 1.132634887695312500e+02 8.553668212890625000e+01
1.019662475585937500e+02 1.132877807617187500e+02 8.627813720703125000e+01
1.016375732421875000e+02 1.130266113281250000e+02 8.612042236328125000e+01
1.014803466796875000e+02 1.130065917968750000e+02 8.602362060546875000e+01
1.014932861328125000e+02 1.128872070312500000e+02 8.567230224609375000e+01
1.018939208984375000e+02 1.131616210937500000e+02 8.514202880859375000e+01
1.019956054687500000e+02 1.131005859375000000e+02 8.478161621093750000e+01
1.022889404296875000e+02 1.133185424804687500e+02 8.480108642578125000e+01
1.023748779296875000e+02 1.133501586914062500e+02 8.480444335937500000e+01
1.027178344726562500e+02 1.134282836914062500e+02 8.544445800781250000e+01
1.028152465820312500e+02 1.132324218750000000e+02 8.538537597656250000e+01
1.029759521484375000e+02 1.134111938476562500e+02 8.601916503906250000e+01
1.028560791015625000e+02 1.132545776367187500e+02 8.613671875000000000e+01
1.030531616210937500e+02 1.132258300781250000e+02 8.628509521484375000e+01
1.033516845703125000e+02 1.134166870117187500e+02 8.660125732421875000e+01
1.032255249023437500e+02 1.132913818359375000e+02 8.675036621093750000e+01
1.033038330078125000e+02 1.131065673828125000e+02 8.662658691406250000e+01
1.032446289062500000e+02 1.131000366210937500e+02 8.686437988281250000e+01
1.035199584960937500e+02 1.132673950195312500e+02 8.694891357421875000e+01
1.039783325195312500e+02 1.135634765625000000e+02 8.704113769531250000e+01
1.043846435546875000e+02 1.134646606445312500e+02 8.637957763671875000e+01
1.044823608398437500e+02 1.133215332031250000e+02 8.622076416015625000e+01
1.043329467773437500e+02 1.131256713867187500e+02 8.604260253906250000e+01
1.041600341796875000e+02 1.129888916015625000e+02 8.593927001953125000e+01
1.042438354492187500e+02 1.131315307617187500e+02 8.594561767578125000e+01
1.043887329101562500e+02 1.132599487304687500e+02 8.602465820312500000e+01
1.043963623046875000e+02 1.133561401367187500e+02 8.623895263671875000e+01
1.046545410156250000e+02 1.135895996093750000e+02 8.657672119140625000e+01
1.044552612304687500e+02 1.134022827148437500e+02 8.637774658203125000e+01
1.039494018554687500e+02 1.133399047851562500e+02 8.591375732421875000e+01
1.036379394531250000e+02 1.131549072265625000e+02 8.559527587890625000e+01
1.034647827148437500e+02 1.132673950195312500e+02 8.550659179687500000e+01
1.035563964843750000e+02 1.131834106445312500e+02 8.556939697265625000e+01
1.033829345703125000e+02 1.130935058593750000e+02 8.533898925781250000e+01
1.029403686523437500e+02 1.130913085937500000e+02 8.539074707031250000e+01
1.028037109375000000e+02 1.133347167968750000e+02 8.566754150390625000e+01
1.025213623046875000e+02 1.134498291015625000e+02 8.552600097656250000e+01
1.025840454101562500e+02 1.136083374023437500e+02 8.594531250000000000e+01
1.024871215820312500e+02 1.134735107421875000e+02 8.577929687500000000e+01
1.023699951171875000e+02 1.134972534179687500e+02 8.534661865234375000e+01
1.021803588867187500e+02 1.135462036132812500e+02 8.549957275390625000e+01
1.021022338867187500e+02 1.136533813476562500e+02 8.535491943359375000e+01
1.019135131835937500e+02 1.135476684570312500e+02 8.535638427734375000e+01
1.020719604492187500e+02 1.137356567382812500e+02 8.555737304687500000e+01
1.021377563476562500e+02 1.137632446289062500e+02 8.570007324218750000e+01
1.022945556640625000e+02 1.139190673828125000e+02 8.605615234375000000e+01
1.021482543945312500e+02 1.138842773437500000e+02 8.616241455078125000e+01
1.021387939453125000e+02 1.139747314453125000e+02 8.633935546875000000e+01
1.022013549804687500e+02 1.139288940429687500e+02 8.623516845703125000e+01
1.023855590820312500e+02 1.139931640625000000e+02 8.654620361328125000e+01
1.023521728515625000e+02 1.138400878906250000e+02 8.640191650390625000e+01
1.025698852539062500e+02 1.139032592773437500e+02 8.662463378906250000e+01
1.026046142578125000e+02 1.139491577148437500e+02 8.686102294921875000e+01
1.025052490234375000e+02 1.139568481445312500e+02 8.670727539062500000e+01
1.022850341796875000e+02 1.137245483398437500e+02 8.602111816406250000e+01
1.023490600585937500e+02 1.138831176757812500e+02 8.583300781250000000e+01
1.022023315429687500e+02 1.138287963867187500e+02 8.534197998046875000e+01
1.024011840820312500e+02 1.140903320312500000e+02 8.532012939453125000e+01
1.024552612304687500e+02 1.141412353515625000e+02 8.535101318359375000e+01
1.029600219726562500e+02 1.142720336914062500e+02 8.541094970703125000e+01
1.034552001953125000e+02 1.138134155273437500e+02 8.523028564453125000e+01
1.037296752929687500e+02 1.137055053710937500e+02 8.507482910156250000e+01
1.038637084960937500e+02 1.135758666992187500e+02 8.500793457031250000e+01
1.041728515625000000e+02 1.138582153320312500e+02 8.515466308593750000e+01
1.042467041015625000e+02 1.138130493164062500e+02 8.557562255859375000e+01
1.044609985351562500e+02 1.139597778320312500e+02 8.657092285156250000e+01
1.041093139648437500e+02 1.139721679687500000e+02 8.661260986328125000e+01
1.043706665039062500e+02 1.139146728515625000e+02 8.681701660156250000e+01
1.040203247070312500e+02 1.136697998046875000e+02 8.653375244140625000e+01
1.032614746093750000e+02 1.139197387695312500e+02 8.639697265625000000e+01
1.027084960937500000e+02 1.139280395507812500e+02 8.611779785156250000e+01
1.024662475585937500e+02 1.139035644531250000e+02 8.596740722656250000e+01
1.023780517578125000e+02 1.139035644531250000e+02 8.579626464843750000e+01
1.025187377929687500e+02 1.140415649414062500e+02 8.589874267578125000e+01
1.023946533203125000e+02 1.138923950195312500e+02 8.567169189453125000e+01
1.023548583984375000e+02 1.138134155273437500e+02 8.527996826171875000e+01
1.021129150390625000e+02 1.136334838867187500e+02 8.502465820312500000e+01
1.020629272460937500e+02 1.135590820312500000e+02 8.490338134765625000e+01
1.020650634765625000e+02 1.135173950195312500e+02 8.476770019531250000e+01
1.020798950195312500e+02 1.136730346679687500e+02 8.525073242187500000e+01
1.018275146484375000e+02 1.134845581054687500e+02 8.526696777343750000e+01
1.020466308593750000e+02 1.138348388671875000e+02 8.561773681640625000e+01
1.019708251953125000e+02 1.138439331054687500e+02 8.565313720703125000e+01
1.020067138671875000e+02 1.138917236328125000e+02 8.567504882812500000e+01
1.018855590820312500e+02 1.139065551757812500e+02 8.537371826171875000e+01
1.020509643554687500e+02 1.140528564453125000e+02 8.568408203125000000e+01
1.019906005859375000e+02 1.140000610351562500e+02 8.552801513671875000e+01
1.019154663085937500e+02 1.140099487304687500e+02 8.531872558593750000e+01
1.017141113281250000e+02 1.138477172851562500e+02 8.496234130859375000e+01
1.020670166015625000e+02 1.139774169921875000e+02 8.551892089843750000e+01
1.021893920898437500e+02 1.140612792968750000e+02 8.588446044921875000e+01
1.025034790039062500e+02 1.142860107421875000e+02 8.637799072265625000e+01
1.022413940429687500e+02 1.139619140625000000e+02 8.619641113281250000e+01
1.022199096679687500e+02 1.139708251953125000e+02 8.623077392578125000e+01
1.021823730468750000e+02 1.138770141601562500e+02 8.594189453125000000e+01
1.026017456054687500e+02 1.141700439453125000e+02 8.607312011718750000e+01
1.026342163085937500e+02 1.141507568359375000e+02 8.583856201171875000e+01
1.030145874023437500e+02 1.143959960937500000e+02 8.589074707031250000e+01
1.028203125000000000e+02 1.141305541992187500e+02 8.588092041015625000e+01
1.027193603515625000e+02 1.139309692382812500e+02 8.612280273437500000e+01
1.026559448242187500e+02 1.138008422851562500e+02 8.608447265625000000e+01
1.029462280273437500e+02 1.140778808593750000e+02 8.639642333984375000e+01
1.028477172851562500e+02 1.140061035156250000e+02 8.637194824218750000e+01
1.028662719726562500e+02 1.140427246093750000e+02 8.625360107421875000e+01
1.028798828125000000e+02 1.139956054687500000e+02 8.633038330078125000e+01
1.027286987304687500e+02 1.139700927734375000e+02 8.647644042968750000e+01
1.024631958007812500e+02 1.138526611328125000e+02 8.637103271484375000e+01
1.023738403320312500e+02 1.137806396484375000e+02 8.617211914062500000e+01
1.021962890625000000e+02 1.136466674804687500e+02 8.621423339843750000e+01
1.023956298828125000e+02 1.139049072265625000e+02 8.628137207031250000e+01
1.022449951171875000e+02 1.137144775390625000e+02 8.608410644531250000e+01
1.023258666992187500e+02 1.137160644531250000e+02 8.624127197265625000e+01
1.022357177734375000e+02 1.136376342773437500e+02 8.602227783203125000e+01
1.022509765625000000e+02 1.136712646484375000e+02 8.612786865234375000e+01
1.021149902343750000e+02 1.135841674804687500e+02 8.634045410156250000e+01
1.020714721679687500e+02 1.137359619140625000e+02 8.663311767578125000e+01
1.018016357421875000e+02 1.134282226562500000e+02 8.634417724609375000e+01
1.016868896484375000e+02 1.133726196289062500e+02 8.641302490234375000e+01
1.014252929687500000e+02 1.131709594726562500e+02 8.631463623046875000e+01
1.016712646484375000e+02 1.132723999023437500e+02 8.599389648437500000e+01
1.019243774414062500e+02 1.134951171875000000e+02 8.579937744140625000e+01
1.022728271484375000e+02 1.138446655273437500e+02 8.565447998046875000e+01
1.022340087890625000e+02 1.137301635742187500e+02 8.547088623046875000e+01
1.023273925781250000e+02 1.138630981445312500e+02 8.535302734375000000e+01
1.021445922851562500e+02 1.137997436523437500e+02 8.533062744140625000e+01
1.021680297851562500e+02 1.137994995117187500e+02 8.552044677734375000e+01
1.019158325195312500e+02 1.136559448242187500e+02 8.573632812500000000e+01
1.019951782226562500e+02 1.138089599609375000e+02 8.613287353515625000e+01
1.019210815429687500e+02 1.137224731445312500e+02 8.589324951171875000e+01
1.018334960937500000e+02 1.137586059570312500e+02 8.549151611328125000e+01
1.016076049804687500e+02 1.135864257812500000e+02 8.528918457031250000e+01
1.014937744140625000e+02 1.135151367187500000e+02 8.522882080078125000e+01
1.015510253906250000e+02 1.136350097656250000e+02 8.542956542968750000e+01
1.018046264648437500e+02 1.139473266601562500e+02 8.566534423828125000e+01
1.021126098632812500e+02 1.139964599609375000e+02 8.566485595703125000e+01
1.023814086914062500e+02 1.141268920898437500e+02 8.597424316406250000e+01
1.022286987304687500e+02 1.139351806640625000e+02 8.578613281250000000e+01
1.020533447265625000e+02 1.137440185546875000e+02 8.548004150390625000e+01
1.020013427734375000e+02 1.133913574218750000e+02 8.530505371093750000e+01
1.017714843750000000e+02 1.133968505859375000e+02 8.547656250000000000e+01
1.017512817382812500e+02 1.135244140625000000e+02 8.570068359375000000e+01
1.019223022460937500e+02 1.138242187500000000e+02 8.624694824218750000e+01
1.017117309570312500e+02 1.137254638671875000e+02 8.613153076171875000e+01
1.015091552734375000e+02 1.136740722656250000e+02 8.600048828125000000e+01
1.011423339843750000e+02 1.134379272460937500e+02 8.582318115234375000e+01
1.008695678710937500e+02 1.132431640625000000e+02 8.576507568359375000e+01
1.007595825195312500e+02 1.130824584960937500e+02 8.568035888671875000e+01
1.005378417968750000e+02 1.128653564453125000e+02 8.536730957031250000e+01
1.000139770507812500e+02 1.123635253906250000e+02 8.486267089843750000e+01
1.000117187500000000e+02 1.121613769531250000e+02 8.474310302734375000e+01
9.897338867187500000e+01 1.108825073242187500e+02 8.357794189453125000e+01
9.907995605468750000e+01 1.107111206054687500e+02 8.345867919921875000e+01
9.896295166015625000e+01 1.104627685546875000e+02 8.328851318359375000e+01
9.887524414062500000e+01 1.105011596679687500e+02 8.320074462890625000e+01
9.937353515625000000e+01 1.105933837890625000e+02 8.295336914062500000e+01
9.977307128906250000e+01 1.106118774414062500e+02 8.261383056640625000e+01
1.002640991210937500e+02 1.104524536132812500e+02 8.212170410156250000e+01
1.004771728515625000e+02 1.107243652343750000e+02 8.232183837890625000e+01
1.006993408203125000e+02 1.109065551757812500e+02 8.270886230468750000e+01
1.017685546875000000e+02 1.114414672851562500e+02 8.345776367187500000e+01
1.023680419921875000e+02 1.116450805664062500e+02 8.392156982421875000e+01
1.028608398437500000e+02 1.120463256835937500e+02 8.436010742187500000e+01
1.030206298828125000e+02 1.120941162109375000e+02 8.442211914062500000e+01
1.029271850585937500e+02 1.120134277343750000e+02 8.442718505859375000e+01
1.026660766601562500e+02 1.115848999023437500e+02 8.427502441406250000e+01
1.024729614257812500e+02 1.111631469726562500e+02 8.421875000000000000e+01
1.023012084960937500e+02 1.108819580078125000e+02 8.432238769531250000e+01
1.023635253906250000e+02 1.108320312500000000e+02 8.433709716796875000e+01
1.022870483398437500e+02 1.108588867187500000e+02 8.440283203125000000e+01
1.025843505859375000e+02 1.115057373046875000e+02 8.399511718750000000e+01
1.030333251953125000e+02 1.127558593750000000e+02 8.469128417968750000e+01
1.040749511718750000e+02 1.142179565429687500e+02 8.582495117187500000e+01
1.043884887695312500e+02 1.146497802734375000e+02 8.613610839843750000e+01
1.045507812500000000e+02 1.149912109375000000e+02 8.629882812500000000e+01
1.042714843750000000e+02 1.146713867187500000e+02 8.594512939453125000e+01
1.041980590820312500e+02 1.145945434570312500e+02 8.573663330078125000e+01
1.041311035156250000e+02 1.144038696289062500e+02 8.559033203125000000e+01
1.041282958984375000e+02 1.142983398437500000e+02 8.549615478515625000e+01
1.039711303710937500e+02 1.140402221679687500e+02 8.537145996093750000e+01
1.032485961914062500e+02 1.138370971679687500e+02 8.510394287109375000e+01
1.027099609375000000e+02 1.136813964843750000e+02 8.504327392578125000e+01
1.027332153320312500e+02 1.139077758789062500e+02 8.541882324218750000e+01
1.029863281250000000e+02 1.142455444335937500e+02 8.593634033203125000e+01
1.030670166015625000e+02 1.145244750976562500e+02 8.612902832031250000e+01
1.031340332031250000e+02 1.144862060546875000e+02 8.634875488281250000e+01
1.033739013671875000e+02 1.147321777343750000e+02 8.680682373046875000e+01
1.033145141601562500e+02 1.146125488281250000e+02 8.693536376953125000e+01
1.034425659179687500e+02 1.146854858398437500e+02 8.704547119140625000e+01
1.036403198242187500e+02 1.148182983398437500e+02 8.740301513671875000e+01
1.034741821289062500e+02 1.149060668945312500e+02 8.678979492187500000e+01
1.034181518554687500e+02 1.151431884765625000e+02 8.669036865234375000e+01
1.037453002929687500e+02 1.155987548828125000e+02 8.667169189453125000e+01
1.037003784179687500e+02 1.158468017578125000e+02 8.672723388671875000e+01
1.037191772460937500e+02 1.159577636718750000e+02 8.665875244140625000e+01
1.037958984375000000e+02 1.159973144531250000e+02 8.719689941406250000e+01
1.039608764648437500e+02 1.159954223632812500e+02 8.793060302734375000e+01
1.040602416992187500e+02 1.160674438476562500e+02 8.825042724609375000e+01
1.040324096679687500e+02 1.159941406250000000e+02 8.840155029296875000e+01
1.041952514648437500e+02 1.160921020507812500e+02 8.864355468750000000e+01
1.046104125976562500e+02 1.163994140625000000e+02 8.834680175781250000e+01
1.049292602539062500e+02 1.168533935546875000e+02 8.839123535156250000e+01
1.053464965820312500e+02 1.174181518554687500e+02 8.853771972656250000e+01
1.056323242187500000e+02 1.177315673828125000e+02 8.887304687500000000e+01
1.058969116210937500e+02 1.179487304687500000e+02 8.916888427734375000e+01
1.058485717773437500e+02 1.178966674804687500e+02 8.925085449218750000e+01
1.060076293945312500e+02 1.180368041992187500e+02 8.968035888671875000e+01
1.058014526367187500e+02 1.178615112304687500e+02 8.970806884765625000e+01
1.056235351562500000e+02 1.176015014648437500e+02 8.967901611328125000e+01
1.053632202148437500e+02 1.172357788085937500e+02 8.955706787109375000e+01
1.046552124023437500e+02 1.165514526367187500e+02 8.803436279296875000e+01
1.038711547851562500e+02 1.160722656250000000e+02 8.712542724609375000e+01
1.033515014648437500e+02 1.155711669921875000e+02 8.659704589843750000e+01
1.030186157226562500e+02 1.154946289062500000e+02 8.623187255859375000e+01
1.029910888671875000e+02 1.156663208007812500e+02 8.620513916015625000e+01
1.033231201171875000e+02 1.159259643554687500e+02 8.698413085937500000e+01
1.038100585937500000e+02 1.164830322265625000e+02 8.808422851562500000e+01
1.039024047851562500e+02 1.161724243164062500e+02 8.862805175781250000e+01
1.041540527343750000e+02 1.164657592773437500e+02 8.878674316406250000e+01
1.043299560546875000e+02 1.166265869140625000e+02 8.908105468750000000e+01
1.040285034179687500e+02 1.166878662109375000e+02 8.894152832031250000e+01
1.039693603515625000e+02 1.168130493164062500e+02 8.897039794921875000e+01
1.037501220703125000e+02 1.167770385742187500e+02 8.860498046875000000e+01
1.035140380859375000e+02 1.167352905273437500e+02 8.843890380859375000e+01
1.035474243164062500e+02 1.167322387695312500e+02 8.840032958984375000e+01
1.035963745117187500e+02 1.167775878906250000e+02 8.788537597656250000e+01
1.035048217773437500e+02 1.167351074218750000e+02 8.736431884765625000e+01
1.033907470703125000e+02 1.166152954101562500e+02 8.706591796875000000e+01
1.032697143554687500e+02 1.165366821289062500e+02 8.702056884765625000e+01
1.032269897460937500e+02 1.164558105468750000e+02 8.678240966796875000e+01
1.034333496093750000e+02 1.163511352539062500e+02 8.690344238281250000e+01
1.036286621093750000e+02 1.162363891601562500e+02 8.710681152343750000e+01
1.035497436523437500e+02 1.160607299804687500e+02 8.706866455078125000e+01
1.034465942382812500e+02 1.158411865234375000e+02 8.699053955078125000e+01
1.033776245117187500e+02 1.157948608398437500e+02 8.688201904296875000e+01
1.032882690429687500e+02 1.156844482421875000e+02 8.700939941406250000e+01
1.034506225585937500e+02 1.159044189453125000e+02 8.760650634765625000e+01
1.036637573242187500e+02 1.160195922851562500e+02 8.829602050781250000e+01
1.036748046875000000e+02 1.161505126953125000e+02 8.854095458984375000e+01
1.037971801757812500e+02 1.162473144531250000e+02 8.844592285156250000e+01
1.034930419921875000e+02 1.161090087890625000e+02 8.768188476562500000e+01
1.033597412109375000e+02 1.160512084960937500e+02 8.712133789062500000e+01
1.031457519531250000e+02 1.160181884765625000e+02 8.681909179687500000e+01
1.029158325195312500e+02 1.159387207031250000e+02 8.643725585937500000e+01
1.031649169921875000e+02 1.160946655273437500e+02 8.653729248046875000e+01
1.038638916015625000e+02 1.162434082031250000e+02 8.697814941406250000e+01
1.042093505859375000e+02 1.163537597656250000e+02 8.754766845703125000e+01
1.041784057617187500e+02 1.161646118164062500e+02 8.759472656250000000e+01
1.041915283203125000e+02 1.160464477539062500e+02 8.753674316406250000e+01
1.041956176757812500e+02 1.160201416015625000e+02 8.764221191406250000e+01
1.040894165039062500e+02 1.159428100585937500e+02 8.761749267578125000e+01
1.042073364257812500e+02 1.161026611328125000e+02 8.806994628906250000e+01
1.041770019531250000e+02 1.160534667968750000e+02 8.825061035156250000e+01
1.042966308593750000e+02 1.161604003906250000e+02 8.830853271484375000e+01
1.042522583007812500e+02 1.161505737304687500e+02 8.837634277343750000e+01
1.040925903320312500e+02 1.160880737304687500e+02 8.821832275390625000e+01
1.037404785156250000e+02 1.160005493164062500e+02 8.744158935546875000e+01
1.037371826171875000e+02 1.158724975585937500e+02 8.751342773437500000e+01
1.037458496093750000e+02 1.159663696289062500e+02 8.772668457031250000e+01
1.038651123046875000e+02 1.160155639648437500e+02 8.774798583984375000e+01
1.036804199218750000e+02 1.160452270507812500e+02 8.757952880859375000e+01
1.034769897460937500e+02 1.159320068359375000e+02 8.734344482421875000e+01
1.033153076171875000e+02 1.159024047851562500e+02 8.707562255859375000e+01
1.032131347656250000e+02 1.157053833007812500e+02 8.689782714843750000e+01
1.032493286132812500e+02 1.157088012695312500e+02 8.692846679687500000e+01
1.031112060546875000e+02 1.158192749023437500e+02 8.766235351562500000e+01
1.031815185546875000e+02 1.159037475585937500e+02 8.809576416015625000e+01
1.030248413085937500e+02 1.158012695312500000e+02 8.811779785156250000e+01
1.027631225585937500e+02 1.156461791992187500e+02 8.818865966796875000e+01
1.028268432617187500e+02 1.157750244140625000e+02 8.844335937500000000e+01
1.035179443359375000e+02 1.159442138671875000e+02 8.829473876953125000e+01
1.040457763671875000e+02 1.160578613281250000e+02 8.826849365234375000e+01
1.043361206054687500e+02 1.160910644531250000e+02 8.836578369140625000e+01
1.046627807617187500e+02 1.161687622070312500e+02 8.852148437500000000e+01
1.047311401367187500e+02 1.162330322265625000e+02 8.824206542968750000e+01
1.046974487304687500e+02 1.161956787109375000e+02 8.791058349609375000e+01
1.044210815429687500e+02 1.160593872070312500e+02 8.761645507812500000e+01
1.042048339843750000e+02 1.157653198242187500e+02 8.715728759765625000e+01
1.040239868164062500e+02 1.156350097656250000e+02 8.699041748046875000e+01
1.039993286132812500e+02 1.158178100585937500e+02 8.703845214843750000e+01
1.039494628906250000e+02 1.157872314453125000e+02 8.705847167968750000e+01
1.042807006835937500e+02 1.159953002929687500e+02 8.749365234375000000e+01
1.042224121093750000e+02 1.159866333007812500e+02 8.714971923828125000e+01
1.040675659179687500e+02 1.157443237304687500e+02 8.718389892578125000e+01
1.039147338867187500e+02 1.155797729492187500e+02 8.707855224609375000e+01
1.039835205078125000e+02 1.155620727539062500e+02 8.722918701171875000e+01
1.039226684570312500e+02 1.156663208007812500e+02 8.739074707031250000e+01
1.039578247070312500e+02 1.158276977539062500e+02 8.751959228515625000e+01
1.040486450195312500e+02 1.158419189453125000e+02 8.778784179687500000e+01
1.042684936523437500e+02 1.160253295898437500e+02 8.788244628906250000e+01
1.040140991210937500e+02 1.159529418945312500e+02 8.726257324218750000e+01
1.039083251953125000e+02 1.158518066406250000e+02 8.711352539062500000e+01
1.036368408203125000e+02 1.156958618164062500e+02 8.662481689453125000e+01
1.036730346679687500e+02 1.157024536132812500e+02 8.667541503906250000e+01
1.036839599609375000e+02 1.157270507812500000e+02 8.651281738281250000e+01
1.037402343750000000e+02 1.157647094726562500e+02 8.683532714843750000e+01
1.035043945312500000e+02 1.156911621093750000e+02 8.670214843750000000e+01
1.035714111328125000e+02 1.157405395507812500e+02 8.689764404296875000e+01
1.033671875000000000e+02 1.155083007812500000e+02 8.672583007812500000e+01
1.032912597656250000e+02 1.154318847656250000e+02 8.660565185546875000e+01
1.034254760742187500e+02 1.155420532226562500e+02 8.687078857421875000e+01
1.037133789062500000e+02 1.157200927734375000e+02 8.695916748046875000e+01
1.039351806640625000e+02 1.158545532226562500e+02 8.690917968750000000e+01
1.038155517578125000e+02 1.157395019531250000e+02 8.682708740234375000e+01
1.037072143554687500e+02 1.155656127929687500e+02 8.673748779296875000e+01
1.037977294921875000e+02 1.155944213867187500e+02 8.701251220703125000e+01
1.037877197265625000e+02 1.155532226562500000e+02 8.707751464843750000e+01
1.040951538085937500e+02 1.157700195312500000e+02 8.738757324218750000e+01
1.041018066406250000e+02 1.157985229492187500e+02 8.748651123046875000e+01
1.042094116210937500e+02 1.158554077148437500e+02 8.754791259765625000e+01
1.038756103515625000e+02 1.156735229492187500e+02 8.761486816406250000e+01
1.037564086914062500e+02 1.157494506835937500e+02 8.746588134765625000e+01
1.035847167968750000e+02 1.155480346679687500e+02 8.752178955078125000e+01
1.034567871093750000e+02 1.154489746093750000e+02 8.727252197265625000e+01
1.031947021484375000e+02 1.153367309570312500e+02 8.719317626953125000e+01
1.032451782226562500e+02 1.152623901367187500e+02 8.691180419921875000e+01
1.036027221679687500e+02 1.155487670898437500e+02 8.667645263671875000e+01
1.038665161132812500e+02 1.158629150390625000e+02 8.656658935546875000e+01
1.038161621093750000e+02 1.157502441406250000e+02 8.632305908203125000e+01
1.039785766601562500e+02 1.157410278320312500e+02 8.630053710937500000e+01
1.033664550781250000e+02 1.155784912109375000e+02 8.694696044921875000e+01
1.030702514648437500e+02 1.154397583007812500e+02 8.731640625000000000e+01
1.028976440429687500e+02 1.153536376953125000e+02 8.764440917968750000e+01
1.028121948242187500e+02 1.154357910156250000e+02 8.764282226562500000e+01
1.026828002929687500e+02 1.154144287109375000e+02 8.784191894531250000e+01
1.028795776367187500e+02 1.156323242187500000e+02 8.746624755859375000e+01
1.029428100585937500e+02 1.156585083007812500e+02 8.702337646484375000e+01
1.031740112304687500e+02 1.158972778320312500e+02 8.694323730468750000e+01
1.031983032226562500e+02 1.157715454101562500e+02 8.657373046875000000e+01
1.031961059570312500e+02 1.157693481445312500e+02 8.657849121093750000e+01
1.033312988281250000e+02 1.156726074218750000e+02 8.685229492187500000e+01
1.036571655273437500e+02 1.157836914062500000e+02 8.703753662109375000e+01
1.038331909179687500e+02 1.157864379882812500e+02 8.719427490234375000e+01
1.039412231445312500e+02 1.158134765625000000e+02 8.735278320312500000e+01
1.038937988281250000e+02 1.157062988281250000e+02 8.724243164062500000e+01
1.036409912109375000e+02 1.156405029296875000e+02 8.716558837890625000e+01
1.034669189453125000e+02 1.156062011718750000e+02 8.702435302734375000e+01
1.033439941406250000e+02 1.156928710937500000e+02 8.742065429687500000e+01
1.033471069335937500e+02 1.156640014648437500e+02 8.715527343750000000e+01
1.034653930664062500e+02 1.157686157226562500e+02 8.732373046875000000e+01
1.033172607421875000e+02 1.155515747070312500e+02 8.734197998046875000e+01
1.033593750000000000e+02 1.156799316406250000e+02 8.746020507812500000e+01
1.033333740234375000e+02 1.156431274414062500e+02 8.751446533203125000e+01
1.032990722656250000e+02 1.157153320312500000e+02 8.749230957031250000e+01
1.032601318359375000e+02 1.156386718750000000e+02 8.741931152343750000e+01
1.035418090820312500e+02 1.157856445312500000e+02 8.728594970703125000e+01
1.034330444335937500e+02 1.156342163085937500e+02 8.666497802734375000e+01
1.037166748046875000e+02 1.157888183593750000e+02 8.684948730468750000e+01
1.036748657226562500e+02 1.156936645507812500e+02 8.662640380859375000e+01
1.036165161132812500e+02 1.155718994140625000e+02 8.650909423828125000e+01
1.036826171875000000e+02 1.154611206054687500e+02 8.639965820312500000e+01
1.039720458984375000e+02 1.154728393554687500e+02 8.659765625000000000e+01
1.040997924804687500e+02 1.155230712890625000e+02 8.678387451171875000e+01
1.043988037109375000e+02 1.156649169921875000e+02 8.705261230468750000e+01
1.044599609375000000e+02 1.155838623046875000e+02 8.680139160156250000e+01
1.047769165039062500e+02 1.158229370117187500e+02 8.701806640625000000e+01
1.047514038085937500e+02 1.155863647460937500e+02 8.696252441406250000e+01
1.047579345703125000e+02 1.156868286132812500e+02 8.691094970703125000e+01
1.047830810546875000e+02 1.156256103515625000e+02 8.686767578125000000e+01
1.048955688476562500e+02 1.156657104492187500e+02 8.695416259765625000e+01
1.046334228515625000e+02 1.156188354492187500e+02 8.667187500000000000e+01
1.045307617187500000e+02 1.157609863281250000e+02 8.672668457031250000e+01
1.044557495117187500e+02 1.155798950195312500e+02 8.652331542968750000e+01
1.047232666015625000e+02 1.157639770507812500e+02 8.692742919921875000e+01
1.045809936523437500e+02 1.155935668945312500e+02 8.666436767578125000e+01
1.043784179687500000e+02 1.156884155273437500e+02 8.661340332031250000e+01
1.040491333007812500e+02 1.155165405273437500e+02 8.651721191406250000e+01
1.039487915039062500e+02 1.154838256835937500e+02 8.647601318359375000e+01
1.039016113281250000e+02 1.153988647460937500e+02 8.623583984375000000e+01
1.039668579101562500e+02 1.154446411132812500e+02 8.623345947265625000e+01
1.044769897460937500e+02 1.153367919921875000e+02 8.628808593750000000e+01
1.049603271484375000e+02 1.153721923828125000e+02 8.608892822265625000e+01
1.051159667968750000e+02 1.152591552734375000e+02 8.596130371093750000e+01
1.052947998046875000e+02 1.152232055664062500e+02 8.604895019531250000e+01
1.051486206054687500e+02 1.149408569335937500e+02 8.577069091796875000e+01
1.049624633789062500e+02 1.151555786132812500e+02 8.607635498046875000e+01
1.046328125000000000e+02 1.151093750000000000e+02 8.608258056640625000e+01
1.047635498046875000e+02 1.152720947265625000e+02 8.618707275390625000e+01
1.044612426757812500e+02 1.151342163085937500e+02 8.609942626953125000e+01
1.046156616210937500e+02 1.153481445312500000e+02 8.634344482421875000e+01
1.044876708984375000e+02 1.151776123046875000e+02 8.667987060546875000e+01
1.045590820312500000e+02 1.154019775390625000e+02 8.700628662109375000e+01
1.044382934570312500e+02 1.152448120117187500e+02 8.692260742187500000e+01
1.045744628906250000e+02 1.153629760742187500e+02 8.722009277343750000e+01
1.044295654296875000e+02 1.152763671875000000e+02 8.738970947265625000e+01
1.044617309570312500e+02 1.152623291015625000e+02 8.755944824218750000e+01
1.042148437500000000e+02 1.151760864257812500e+02 8.751324462890625000e+01
1.041576538085937500e+02 1.150997314453125000e+02 8.772058105468750000e+01
1.039959716796875000e+02 1.150866088867187500e+02 8.801110839843750000e+01
1.041681518554687500e+02 1.153419799804687500e+02 8.809271240234375000e+01
1.037605590820312500e+02 1.152937622070312500e+02 8.731988525390625000e+01
1.038570556640625000e+02 1.156065673828125000e+02 8.687506103515625000e+01
1.034529418945312500e+02 1.154337158203125000e+02 8.627038574218750000e+01
1.033044433593750000e+02 1.153495483398437500e+02 8.598571777343750000e+01
1.031218872070312500e+02 1.151169433593750000e+02 8.573364257812500000e+01
1.034277954101562500e+02 1.152642822265625000e+02 8.604412841796875000e+01
1.036331787109375000e+02 1.153308105468750000e+02 8.642608642578125000e+01
1.041666259765625000e+02 1.155956420898437500e+02 8.672882080078125000e+01
1.041361083984375000e+02 1.154499511718750000e+02 8.671771240234375000e+01
1.042666015625000000e+02 1.156059570312500000e+02 8.687347412109375000e+01
1.039055786132812500e+02 1.154068603515625000e+02 8.672094726562500000e+01
1.039187011718750000e+02 1.155789184570312500e+02 8.699926757812500000e+01
1.036848144531250000e+02 1.154356689453125000e+02 8.683599853515625000e+01
1.038277587890625000e+02 1.156855468750000000e+02 8.696191406250000000e+01
1.036020507812500000e+02 1.155136108398437500e+02 8.675012207031250000e+01
1.037744750976562500e+02 1.156270751953125000e+02 8.740197753906250000e+01
1.038387451171875000e+02 1.154641113281250000e+02 8.741802978515625000e+01
1.041311645507812500e+02 1.153784790039062500e+02 8.795770263671875000e+01
1.040845336914062500e+02 1.152344970703125000e+02 8.803625488281250000e+01
1.042498168945312500e+02 1.152265625000000000e+02 8.811022949218750000e+01
1.038275756835937500e+02 1.150654907226562500e+02 8.709136962890625000e+01
1.037522583007812500e+02 1.151277465820312500e+02 8.648736572265625000e+01
1.036414794921875000e+02 1.150919189453125000e+02 8.633203125000000000e+01
1.036900024414062500e+02 1.151754150390625000e+02 8.622906494140625000e+01
1.034350585937500000e+02 1.151843872070312500e+02 8.582287597656250000e+01
1.038227539062500000e+02 1.154187011718750000e+02 8.654071044921875000e+01
1.040736694335937500e+02 1.152827148437500000e+02 8.657617187500000000e+01
1.042651977539062500e+02 1.156502685546875000e+02 8.686779785156250000e+01
1.042506103515625000e+02 1.155795288085937500e+02 8.681958007812500000e+01
1.045809326171875000e+02 1.156912231445312500e+02 8.709771728515625000e+01
1.043506469726562500e+02 1.155409545898437500e+02 8.676593017578125000e+01
1.043421020507812500e+02 1.154834594726562500e+02 8.650543212890625000e+01
1.041444091796875000e+02 1.153222045898437500e+02 8.617907714843750000e+01
1.041141967773437500e+02 1.152352294921875000e+02 8.579925537109375000e+01
1.038493041992187500e+02 1.150623168945312500e+02 8.562274169921875000e+01
1.042261352539062500e+02 1.152527465820312500e+02 8.576214599609375000e+01
1.043018188476562500e+02 1.151447753906250000e+02 8.584240722656250000e+01
1.047786865234375000e+02 1.154174804687500000e+02 8.626171875000000000e+01
1.048393554687500000e+02 1.153593139648437500e+02 8.598516845703125000e+01
1.051632080078125000e+02 1.154747924804687500e+02 8.622576904296875000e+01
1.047666015625000000e+02 1.153698730468750000e+02 8.572509765625000000e+01
1.047044067382812500e+02 1.153051147460937500e+02 8.556860351562500000e+01
1.044456176757812500e+02 1.151998291015625000e+02 8.554052734375000000e+01
1.047314453125000000e+02 1.154508056640625000e+02 8.562225341796875000e+01
1.044716186523437500e+02 1.153001098632812500e+02 8.552093505859375000e+01
1.046905517578125000e+02 1.154404296875000000e+02 8.559582519531250000e+01
1.047428588867187500e+02 1.153498535156250000e+02 8.560827636718750000e+01
1.051858520507812500e+02 1.154990844726562500e+02 8.597717285156250000e+01
1.052133789062500000e+02 1.152908325195312500e+02 8.588806152343750000e+01
1.052337646484375000e+02 1.152678222656250000e+02 8.592602539062500000e+01
1.048327026367187500e+02 1.151631469726562500e+02 8.617718505859375000e+01
1.043459472656250000e+02 1.153519897460937500e+02 8.675451660156250000e+01
1.039778442382812500e+02 1.151965332031250000e+02 8.681298828125000000e+01
1.040180664062500000e+02 1.152885131835937500e+02 8.707385253906250000e+01
1.038704833984375000e+02 1.153211669921875000e+02 8.726843261718750000e+01
1.038325195312500000e+02 1.152433471679687500e+02 8.721008300781250000e+01
1.036408081054687500e+02 1.151896972656250000e+02 8.709045410156250000e+01
1.036376342773437500e+02 1.151095581054687500e+02 8.695373535156250000e+01
1.036057128906250000e+02 1.151729125976562500e+02 8.704919433593750000e+01
1.035319213867187500e+02 1.151495971679687500e+02 8.701391601562500000e+01
1.035720825195312500e+02 1.151051025390625000e+02 8.699340820312500000e+01
1.038980712890625000e+02 1.153125000000000000e+02 8.744085693359375000e+01
1.039973754882812500e+02 1.153107910156250000e+02 8.760900878906250000e+01
1.040399780273437500e+02 1.153198852539062500e+02 8.779547119140625000e+01
1.041360473632812500e+02 1.154434204101562500e+02 8.810919189453125000e+01
1.042461547851562500e+02 1.155315551757812500e+02 8.741424560546875000e+01
1.043613891601562500e+02 1.153784179687500000e+02 8.673968505859375000e+01
1.047415161132812500e+02 1.153272705078125000e+02 8.659960937500000000e+01
1.048620605468750000e+02 1.152689208984375000e+02 8.659332275390625000e+01
1.048471069335937500e+02 1.152091674804687500e+02 8.632397460937500000e+01
1.047711181640625000e+02 1.150711059570312500e+02 8.608819580078125000e+01
1.046865844726562500e+02 1.150986938476562500e+02 8.591418457031250000e+01
1.046345825195312500e+02 1.149495239257812500e+02 8.577661132812500000e+01
1.049027709960937500e+02 1.152972412109375000e+02 8.606536865234375000e+01
1.048976440429687500e+02 1.153103027343750000e+02 8.593438720703125000e+01
1.049633178710937500e+02 1.154451293945312500e+02 8.629638671875000000e+01
1.047052612304687500e+02 1.153218994140625000e+02 8.612963867187500000e+01
1.046775512695312500e+02 1.153829345703125000e+02 8.613690185546875000e+01
1.045427246093750000e+02 1.152207031250000000e+02 8.603314208984375000e+01
1.045767211914062500e+02 1.152359008789062500e+02 8.606188964843750000e+01
1.044633178710937500e+02 1.152636108398437500e+02 8.620812988281250000e+01
1.042733764648437500e+02 1.152200317382812500e+02 8.622833251953125000e+01
1.042395019531250000e+02 1.152109375000000000e+02 8.629937744140625000e+01
1.043935546875000000e+02 1.152373046875000000e+02 8.654278564453125000e+01
1.044242553710937500e+02 1.153041381835937500e+02 8.669714355468750000e+01
1.039250488281250000e+02 1.153619995117187500e+02 8.659295654296875000e+01
1.035870971679687500e+02 1.151535644531250000e+02 8.611334228515625000e+01
1.033717651367187500e+02 1.151228027343750000e+02 8.594281005859375000e+01
1.032639770507812500e+02 1.150205688476562500e+02 8.585791015625000000e+01
1.032287597656250000e+02 1.150281372070312500e+02 8.590545654296875000e+01
1.035393066406250000e+02 1.151525268554687500e+02 8.615045166015625000e+01
1.038406982421875000e+02 1.152915649414062500e+02 8.651989746093750000e+01
1.037886962890625000e+02 1.152249145507812500e+02 8.652874755859375000e+01
1.036830444335937500e+02 1.151649169921875000e+02 8.648803710937500000e+01
1.035140380859375000e+02 1.150704345703125000e+02 8.649639892578125000e+01
1.040810546875000000e+02 1.151042480468750000e+02 8.633843994140625000e+01
1.043308105468750000e+02 1.151491088867187500e+02 8.602984619140625000e+01
1.044102172851562500e+02 1.151568603515625000e+02 8.579907226562500000e+01
1.045490722656250000e+02 1.150436401367187500e+02 8.550946044921875000e+01
1.046911010742187500e+02 1.149830932617187500e+02 8.539251708984375000e+01
1.044165649414062500e+02 1.150234375000000000e+02 8.608435058593750000e+01
1.043015136718750000e+02 1.151672363281250000e+02 8.648864746093750000e+01
1.044900512695312500e+02 1.151127319335937500e+02 8.706079101562500000e+01
1.043524780273437500e+02 1.150855102539062500e+02 8.727038574218750000e+01
1.040724487304687500e+02 1.150820922851562500e+02 8.725000000000000000e+01
1.038443603515625000e+02 1.149839477539062500e+02 8.617987060546875000e+01
1.035441894531250000e+02 1.148865356445312500e+02 8.591448974609375000e+01
1.034393310546875000e+02 1.148502197265625000e+02 8.552630615234375000e+01
1.033612670898437500e+02 1.148246459960937500e+02 8.537652587890625000e+01
1.034453735351562500e+02 1.150090942382812500e+02 8.536413574218750000e+01
1.037723999023437500e+02 1.151829223632812500e+02 8.576647949218750000e+01
1.035031738281250000e+02 1.149747314453125000e+02 8.570355224609375000e+01
1.036664428710937500e+02 1.149171752929687500e+02 8.571539306640625000e+01
1.035847778320312500e+02 1.148295898437500000e+02 8.563177490234375000e+01
1.037449340820312500e+02 1.149297485351562500e+02 8.599230957031250000e+01
1.039763793945312500e+02 1.150291137695312500e+02 8.598944091796875000e+01
1.040707397460937500e+02 1.150435791015625000e+02 8.602972412109375000e+01
1.042312011718750000e+02 1.149068603515625000e+02 8.605938720703125000e+01
1.043909301757812500e+02 1.151698608398437500e+02 8.632684326171875000e+01
1.042564697265625000e+02 1.150092773437500000e+02 8.618084716796875000e+01
1.044098510742187500e+02 1.148795776367187500e+02 8.602258300781250000e+01
1.046099853515625000e+02 1.147831420898437500e+02 8.576464843750000000e+01
1.047648925781250000e+02 1.147633666992187500e+02 8.569421386718750000e+01
1.047943115234375000e+02 1.145903320312500000e+02 8.556262207031250000e+01
1.045451660156250000e+02 1.145696411132812500e+02 8.520043945312500000e+01
1.044158325195312500e+02 1.144583740234375000e+02 8.494110107421875000e+01
1.045247802734375000e+02 1.144725952148437500e+02 8.510009765625000000e+01
1.046864624023437500e+02 1.145338745117187500e+02 8.491198730468750000e+01
1.048139648437500000e+02 1.145814819335937500e+02 8.501123046875000000e+01
1.047703857421875000e+02 1.144346923828125000e+02 8.558355712890625000e+01
1.047810058593750000e+02 1.145309448242187500e+02 8.599804687500000000e+01
1.048715820312500000e+02 1.145381469726562500e+02 8.673132324218750000e+01
1.046065063476562500e+02 1.144399414062500000e+02 8.678088378906250000e+01
1.046439819335937500e+02 1.144143066406250000e+02 8.684533691406250000e+01
1.045592041015625000e+02 1.144462890625000000e+02 8.650268554687500000e+01
1.043411254882812500e+02 1.145792236328125000e+02 8.610504150390625000e+01
1.040803833007812500e+02 1.147291259765625000e+02 8.596026611328125000e+01
1.041521606445312500e+02 1.148135986328125000e+02 8.605493164062500000e+01
1.040564575195312500e+02 1.148175048828125000e+02 8.597186279296875000e+01
1.041053466796875000e+02 1.148630981445312500e+02 8.582849121093750000e+01
1.041556396484375000e+02 1.148997802734375000e+02 8.545489501953125000e+01
1.040417480468750000e+02 1.148493041992187500e+02 8.515570068359375000e+01
1.038254394531250000e+02 1.147246093750000000e+02 8.488568115234375000e+01
1.036867675781250000e+02 1.145908813476562500e+02 8.475793457031250000e+01
1.041378173828125000e+02 1.147006835937500000e+02 8.533703613281250000e+01
1.046096191406250000e+02 1.148508911132812500e+02 8.604583740234375000e+01
1.049902343750000000e+02 1.149541015625000000e+02 8.628802490234375000e+01
1.050487670898437500e+02 1.149006958007812500e+02 8.640093994140625000e+01
1.051245727539062500e+02 1.147955322265625000e+02 8.643328857421875000e+01
1.054274902343750000e+02 1.149202880859375000e+02 8.659014892578125000e+01
1.052123413085937500e+02 1.150682373046875000e+02 8.724121093750000000e+01
1.050576171875000000e+02 1.151713256835937500e+02 8.715081787109375000e+01
1.049505004882812500e+02 1.153474731445312500e+02 8.754718017578125000e+01
1.046987304687500000e+02 1.151748046875000000e+02 8.740118408203125000e+01
1.047099609375000000e+02 1.152531127929687500e+02 8.762030029296875000e+01
1.048493652343750000e+02 1.152590332031250000e+02 8.710211181640625000e+01
1.049652099609375000e+02 1.152639770507812500e+02 8.670758056640625000e+01
1.048118896484375000e+02 1.151066894531250000e+02 8.619079589843750000e+01
1.047949829101562500e+02 1.150605468750000000e+02 8.596868896484375000e+01
1.047373657226562500e+02 1.149436645507812500e+02 8.580651855468750000e+01
1.046701660156250000e+02 1.148400878906250000e+02 8.579852294921875000e+01
1.045986938476562500e+02 1.147842407226562500e+02 8.565063476562500000e+01
1.046134033203125000e+02 1.148069458007812500e+02 8.560498046875000000e+01
1.044365844726562500e+02 1.147537841796875000e+02 8.547467041015625000e+01
1.045373535156250000e+02 1.149164428710937500e+02 8.566387939453125000e+01
1.044354858398437500e+02 1.148050537109375000e+02 8.579766845703125000e+01
1.044216308593750000e+02 1.148430175781250000e+02 8.603271484375000000e+01
1.041991577148437500e+02 1.148002319335937500e+02 8.594097900390625000e+01
1.043679809570312500e+02 1.150665283203125000e+02 8.617138671875000000e+01
1.043646850585937500e+02 1.150522460937500000e+02 8.630596923828125000e+01
1.047352905273437500e+02 1.148560791015625000e+02 8.589782714843750000e+01
1.051664428710937500e+02 1.147308959960937500e+02 8.570159912109375000e+01
1.054844360351562500e+02 1.150335083007812500e+02 8.555908203125000000e+01
1.055266723632812500e+02 1.149542846679687500e+02 8.528015136718750000e+01
1.059288330078125000e+02 1.152359619140625000e+02 8.534375000000000000e+01
1.053913574218750000e+02 1.150781860351562500e+02 8.537347412109375000e+01
1.050858764648437500e+02 1.150357666015625000e+02 8.554394531250000000e+01
1.045874633789062500e+02 1.149365844726562500e+02 8.544860839843750000e+01
1.045872802734375000e+02 1.151014404296875000e+02 8.557165527343750000e+01
1.048309936523437500e+02 1.150955200195312500e+02 8.559100341796875000e+01
1.050899047851562500e+02 1.152797851562500000e+02 8.581658935546875000e+01
1.049517822265625000e+02 1.151854858398437500e+02 8.574902343750000000e+01
1.050612792968750000e+02 1.150914916992187500e+02 8.563146972656250000e+01
1.049837646484375000e+02 1.148646240234375000e+02 8.571276855468750000e+01
1.049600219726562500e+02 1.148962402343750000e+02 8.553125000000000000e+01
1.051243896484375000e+02 1.148583984375000000e+02 8.539941406250000000e+01
1.054615478515625000e+02 1.151928100585937500e+02 8.541772460937500000e+01
1.054467773437500000e+02 1.150338745117187500e+02 8.566717529296875000e+01
1.056898803710937500e+02 1.153726806640625000e+02 8.578533935546875000e+01
1.055856323242187500e+02 1.151123657226562500e+02 8.558905029296875000e+01
1.053547363281250000e+02 1.150954589843750000e+02 8.533251953125000000e+01
1.051467285156250000e+02 1.149780273437500000e+02 8.516705322265625000e+01
1.052175903320312500e+02 1.152758789062500000e+02 8.503649902343750000e+01
1.051122436523437500e+02 1.150720214843750000e+02 8.500695800781250000e+01
1.052752075195312500e+02 1.151315307617187500e+02 8.492254638671875000e+01
1.051251831054687500e+02 1.150925292968750000e+02 8.515075683593750000e+01
1.052936401367187500e+02 1.150615234375000000e+02 8.534655761718750000e+01
1.051926269531250000e+02 1.149161376953125000e+02 8.530395507812500000e+01
1.050917968750000000e+02 1.147611694335937500e+02 8.509375000000000000e+01
1.050339965820312500e+02 1.146782226562500000e+02 8.537915039062500000e+01
1.051121215820312500e+02 1.148494262695312500e+02 8.589477539062500000e+01
1.047276611328125000e+02 1.146730346679687500e+02 8.588861083984375000e+01
1.046890258789062500e+02 1.148372192382812500e+02 8.613439941406250000e+01
1.045866088867187500e+02 1.147499389648437500e+02 8.605023193359375000e+01
1.049167480468750000e+02 1.150485839843750000e+02 8.645593261718750000e+01
1.048306274414062500e+02 1.149650268554687500e+02 8.605688476562500000e+01
1.050906372070312500e+02 1.151601562500000000e+02 8.609570312500000000e+01
1.052044677734375000e+02 1.151768798828125000e+02 8.591552734375000000e+01
1.054232177734375000e+02 1.155193481445312500e+02 8.606085205078125000e+01
1.053923950195312500e+02 1.153107299804687500e+02 8.579467773437500000e+01
1.053126220703125000e+02 1.152578735351562500e+02 8.587103271484375000e+01
1.052739868164062500e+02 1.150095825195312500e+02 8.584454345703125000e+01
1.054188842773437500e+02 1.151105957031250000e+02 8.588549804687500000e+01
1.054952392578125000e+02 1.149738159179687500e+02 8.604266357421875000e+01
1.055347900390625000e+02 1.150504150390625000e+02 8.613854980468750000e+01
1.054576416015625000e+02 1.148685302734375000e+02 8.620294189453125000e+01
1.056007690429687500e+02 1.149338378906250000e+02 8.628125000000000000e+01
1.054189453125000000e+02 1.147569580078125000e+02 8.611645507812500000e+01
1.055148315429687500e+02 1.147048950195312500e+02 8.621356201171875000e+01
1.054415283203125000e+02 1.146633300781250000e+02 8.609350585937500000e+01
1.054080200195312500e+02 1.148202514648437500e+02 8.609729003906250000e+01
1.052514648437500000e+02 1.147788696289062500e+02 8.613372802734375000e+01
1.054892578125000000e+02 1.150322875976562500e+02 8.635412597656250000e+01
1.052521362304687500e+02 1.149151611328125000e+02 8.625372314453125000e+01
1.052527465820312500e+02 1.149603271484375000e+02 8.637091064453125000e+01
1.048527221679687500e+02 1.148552856445312500e+02 8.626507568359375000e+01
1.048485717773437500e+02 1.150458984375000000e+02 8.648632812500000000e+01
1.046265869140625000e+02 1.148558959960937500e+02 8.646112060546875000e+01
1.046551513671875000e+02 1.148530883789062500e+02 8.648718261718750000e+01
1.045156860351562500e+02 1.147906494140625000e+02 8.649414062500000000e+01
1.050786132812500000e+02 1.148604736328125000e+02 8.605676269531250000e+01
1.052639160156250000e+02 1.147863159179687500e+02 8.569482421875000000e+01
1.053792724609375000e+02 1.147733764648437500e+02 8.552270507812500000e+01
1.052404174804687500e+02 1.146252441406250000e+02 8.537316894531250000e+01
1.055148315429687500e+02 1.148234252929687500e+02 8.542938232421875000e+01
1.054362182617187500e+02 1.147666015625000000e+02 8.538903808593750000e+01
1.056237792968750000e+02 1.149285888671875000e+02 8.542858886718750000e+01
1.053799438476562500e+02 1.148382568359375000e+02 8.521447753906250000e+01
1.052775878906250000e+02 1.147487792968750000e+02 8.525616455078125000e+01
1.052874145507812500e+02 1.148558959960937500e+02 8.542492675781250000e+01
1.056805419921875000e+02 1.151279296875000000e+02 8.580395507812500000e+01
1.056677856445312500e+02 1.149067993164062500e+02 8.582604980468750000e+01
1.058795776367187500e+02 1.151157226562500000e+02 8.608850097656250000e+01
1.056843872070312500e+02 1.149475708007812500e+02 8.591070556640625000e+01
1.055848388671875000e+02 1.149355468750000000e+02 8.587121582031250000e+01
1.057163696289062500e+02 1.147472534179687500e+02 8.579632568359375000e+01
1.058881835937500000e+02 1.148447265625000000e+02 8.614862060546875000e+01
1.058060913085937500e+02 1.143760375976562500e+02 8.654290771484375000e+01
1.061517944335937500e+02 1.146882324218750000e+02 8.683160400390625000e+01
1.062904663085937500e+02 1.148363037109375000e+02 8.680487060546875000e+01
1.061427001953125000e+02 1.149512329101562500e+02 8.663793945312500000e+01
1.059379272460937500e+02 1.146885986328125000e+02 8.631719970703125000e+01
1.058863525390625000e+02 1.146112670898437500e+02 8.610321044921875000e+01
1.057370605468750000e+02 1.145085449218750000e+02 8.601892089843750000e+01
1.059400024414062500e+02 1.147794799804687500e+02 8.588739013671875000e+01
1.061483154296875000e+02 1.145221557617187500e+02 8.548474121093750000e+01
1.065324707031250000e+02 1.149183349609375000e+02 8.560980224609375000e+01
1.067079467773437500e+02 1.147683715820312500e+02 8.542211914062500000e+01
1.067776489257812500e+02 1.148883056640625000e+02 8.543524169921875000e+01
1.067280883789062500e+02 1.147832031250000000e+02 8.519909667968750000e+01
1.067383422851562500e+02 1.147402954101562500e+02 8.561230468750000000e+01
1.062844238281250000e+02 1.147176513671875000e+02 8.584020996093750000e+01
1.061478881835937500e+02 1.146864013671875000e+02 8.604095458984375000e+01
1.060236206054687500e+02 1.147884521484375000e+02 8.615283203125000000e+01
1.059812622070312500e+02 1.147315673828125000e+02 8.602856445312500000e+01
1.055869140625000000e+02 1.147310791015625000e+02 8.583764648437500000e+01
1.054091796875000000e+02 1.146994018554687500e+02 8.583599853515625000e+01
1.050444946289062500e+02 1.146636352539062500e+02 8.571453857421875000e+01
1.050249023437500000e+02 1.147450561523437500e+02 8.568029785156250000e+01
1.048623046875000000e+02 1.147799682617187500e+02 8.553857421875000000e+01
1.051536254882812500e+02 1.149079589843750000e+02 8.564270019531250000e+01
1.050142211914062500e+02 1.148697509765625000e+02 8.557434082031250000e+01
1.049951782226562500e+02 1.148822631835937500e+02 8.561456298828125000e+01
1.048864135742187500e+02 1.147991333007812500e+02 8.555773925781250000e+01
1.051543579101562500e+02 1.151387939453125000e+02 8.582861328125000000e+01
1.055709838867187500e+02 1.150505371093750000e+02 8.577539062500000000e+01
1.057617797851562500e+02 1.152520141601562500e+02 8.583666992187500000e+01
1.056947631835937500e+02 1.152008056640625000e+02 8.576068115234375000e+01
1.057155761718750000e+02 1.150668945312500000e+02 8.581530761718750000e+01
1.056973266601562500e+02 1.149644165039062500e+02 8.569665527343750000e+01
1.054996948242187500e+02 1.149450683593750000e+02 8.570629882812500000e+01
1.052799072265625000e+02 1.149537353515625000e+02 8.561254882812500000e+01
1.050629882812500000e+02 1.150076293945312500e+02 8.559948730468750000e+01
1.048997802734375000e+02 1.149170532226562500e+02 8.555236816406250000e+01
1.049753417968750000e+02 1.151229858398437500e+02 8.562768554687500000e+01
1.046384887695312500e+02 1.150845947265625000e+02 8.566400146484375000e+01
1.044873046875000000e+02 1.151486206054687500e+02 8.560113525390625000e+01
1.042808227539062500e+02 1.150640869140625000e+02 8.555975341796875000e+01
1.043883056640625000e+02 1.151767578125000000e+02 8.573876953125000000e+01
1.042606811523437500e+02 1.150426025390625000e+02 8.558685302734375000e+01
1.048870849609375000e+02 1.150765991210937500e+02 8.595989990234375000e+01
1.057673339843750000e+02 1.148132324218750000e+02 8.671612548828125000e+01
1.059297485351562500e+02 1.147737426757812500e+02 8.676788330078125000e+01
1.059215087890625000e+02 1.146369628906250000e+02 8.665734863281250000e+01
1.060945434570312500e+02 1.147109375000000000e+02 8.707763671875000000e+01
1.059909667968750000e+02 1.145408935546875000e+02 8.730041503906250000e+01
1.061570434570312500e+02 1.144978027343750000e+02 8.736785888671875000e+01
1.061221313476562500e+02 1.144091186523437500e+02 8.747448730468750000e+01
1.061394653320312500e+02 1.144829711914062500e+02 8.741143798828125000e+01
1.061838378906250000e+02 1.145021362304687500e+02 8.739135742187500000e+01
1.061876220703125000e+02 1.144388427734375000e+02 8.755297851562500000e+01
1.062017822265625000e+02 1.144879760742187500e+02 8.734417724609375000e+01
1.062366943359375000e+02 1.144622192382812500e+02 8.724896240234375000e+01
1.063130493164062500e+02 1.144215087890625000e+02 8.726605224609375000e+01
1.062161865234375000e+02 1.143792724609375000e+02 8.731793212890625000e+01
1.061242065429687500e+02 1.144699707031250000e+02 8.678027343750000000e+01
1.061145019531250000e+02 1.144518432617187500e+02 8.645288085937500000e+01
1.061049194335937500e+02 1.144553222656250000e+02 8.607336425781250000e+01
1.063259887695312500e+02 1.146590576171875000e+02 8.629553222656250000e+01
1.063360595703125000e+02 1.146848144531250000e+02 8.607617187500000000e+01
1.063205566406250000e+02 1.148046264648437500e+02 8.585900878906250000e+01
1.061575927734375000e+02 1.147729492187500000e+02 8.592895507812500000e+01
1.061799316406250000e+02 1.148485107421875000e+02 8.592816162109375000e+01
1.061820068359375000e+02 1.149697265625000000e+02 8.586053466796875000e+01
1.061771240234375000e+02 1.150485229492187500e+02 8.577825927734375000e+01
1.062763061523437500e+02 1.150440673828125000e+02 8.588000488281250000e+01
1.059934692382812500e+02 1.149224243164062500e+02 8.597015380859375000e+01
1.059244384765625000e+02 1.149739990234375000e+02 8.580853271484375000e+01
1.059685058593750000e+02 1.150427856445312500e+02 8.599127197265625000e+01
1.059417724609375000e+02 1.150654907226562500e+02 8.595635986328125000e+01
1.059490356445312500e+02 1.149396362304687500e+02 8.641931152343750000e+01
1.058236694335937500e+02 1.148663330078125000e+02 8.657971191406250000e+01
1.056187133789062500e+02 1.148792114257812500e+02 8.664782714843750000e+01
1.058117065429687500e+02 1.150095825195312500e+02 8.686322021484375000e+01
1.058118896484375000e+02 1.149497070312500000e+02 8.687432861328125000e+01
1.059960937500000000e+02 1.149487915039062500e+02 8.704046630859375000e+01
1.061500244140625000e+02 1.149788818359375000e+02 8.728540039062500000e+01
1.062152709960937500e+02 1.150028686523437500e+02 8.733947753906250000e+01
1.063223266601562500e+02 1.148620605468750000e+02 8.722943115234375000e+01
1.063653564453125000e+02 1.148608398437500000e+02 8.723455810546875000e+01
1.062247924804687500e+02 1.149550170898437500e+02 8.710632324218750000e+01
1.062092895507812500e+02 1.149862670898437500e+02 8.713604736328125000e+01
1.061995849609375000e+02 1.148992309570312500e+02 8.719854736328125000e+01
1.060199584960937500e+02 1.148376464843750000e+02 8.710235595703125000e+01
1.060822143554687500e+02 1.149423217773437500e+02 8.719903564453125000e+01
1.059122924804687500e+02 1.148588256835937500e+02 8.637744140625000000e+01
1.062484130859375000e+02 1.148811035156250000e+02 8.603826904296875000e+01
1.062001342773437500e+02 1.147822875976562500e+02 8.586749267578125000e+01
1.062449951171875000e+02 1.147455444335937500e+02 8.580761718750000000e+01
1.061672363281250000e+02 1.147586059570312500e+02 8.576171875000000000e+01
1.062496337890625000e+02 1.148498535156250000e+02 8.599707031250000000e+01
1.061365966796875000e+02 1.147403564453125000e+02 8.614569091796875000e+01
1.061162109375000000e+02 1.146785888671875000e+02 8.622961425781250000e+01
1.060820312500000000e+02 1.146619873046875000e+02 8.598144531250000000e+01
1.059975585937500000e+02 1.144797973632812500e+02 8.599957275390625000e+01
1.060404663085937500e+02 1.145341186523437500e+02 8.602642822265625000e+01
1.063326416015625000e+02 1.147649536132812500e+02 8.629974365234375000e+01
1.063333740234375000e+02 1.147138061523437500e+02 8.622857666015625000e+01
1.062374267578125000e+02 1.146916503906250000e+02 8.617211914062500000e+01
1.064079589843750000e+02 1.148240966796875000e+02 8.622186279296875000e+01
1.064454956054687500e+02 1.149537353515625000e+02 8.634375000000000000e+01
1.063693847656250000e+02 1.150260620117187500e+02 8.621954345703125000e+01
1.061312255859375000e+02 1.149244995117187500e+02 8.604589843750000000e+01
1.060377807617187500e+02 1.150029907226562500e+02 8.599249267578125000e+01
1.060187988281250000e+02 1.149886474609375000e+02 8.605566406250000000e+01
1.062261352539062500e+02 1.150864868164062500e+02 8.601037597656250000e+01
1.060987548828125000e+02 1.150200195312500000e+02 8.584265136718750000e+01
1.060369262695312500e+02 1.147398071289062500e+02 8.535034179687500000e+01
1.059725341796875000e+02 1.147048339843750000e+02 8.534197998046875000e+01
1.061367797851562500e+02 1.148781738281250000e+02 8.538879394531250000e+01
1.062344360351562500e+02 1.151106567382812500e+02 8.588647460937500000e+01
1.061624755859375000e+02 1.151293334960937500e+02 8.638867187500000000e+01
1.058979492187500000e+02 1.149164428710937500e+02 8.635260009765625000e+01
1.058176879882812500e+02 1.148070678710937500e+02 8.649981689453125000e+01
1.057551879882812500e+02 1.147745361328125000e+02 8.657440185546875000e+01
1.057129516601562500e+02 1.146699829101562500e+02 8.646295166015625000e+01
1.059925537109375000e+02 1.148697509765625000e+02 8.658221435546875000e+01
1.060768432617187500e+02 1.146104736328125000e+02 8.674627685546875000e+01
1.060644531250000000e+02 1.146532592773437500e+02 8.665216064453125000e+01
1.062189941406250000e+02 1.148003540039062500e+02 8.674920654296875000e+01
1.059006347656250000e+02 1.145911254882812500e+02 8.637835693359375000e+01
1.058031616210937500e+02 1.145256958007812500e+02 8.614947509765625000e+01
1.056186523437500000e+02 1.144120483398437500e+02 8.587640380859375000e+01
1.057688598632812500e+02 1.146077270507812500e+02 8.600921630859375000e+01
1.056050415039062500e+02 1.144845581054687500e+02 8.591406250000000000e+01
1.055679321289062500e+02 1.144818725585937500e+02 8.651428222656250000e+01
1.050994873046875000e+02 1.145508422851562500e+02 8.698919677734375000e+01
1.051619262695312500e+02 1.145119018554687500e+02 8.719805908203125000e+01
1.048753662109375000e+02 1.143783569335937500e+02 8.714788818359375000e+01
1.049008789062500000e+02 1.144108886718750000e+02 8.742993164062500000e+01
1.051983032226562500e+02 1.141447143554687500e+02 8.718713378906250000e+01
1.056437377929687500e+02 1.143696899414062500e+02 8.734515380859375000e+01
1.056503295898437500e+02 1.143273925781250000e+02 8.720910644531250000e+01
1.059078979492187500e+02 1.144162597656250000e+02 8.728796386718750000e+01
1.059429931640625000e+02 1.144414062500000000e+02 8.710479736328125000e+01
1.058955078125000000e+02 1.145880737304687500e+02 8.661535644531250000e+01
1.059001464843750000e+02 1.146322021484375000e+02 8.596716308593750000e+01
1.059077758789062500e+02 1.146216430664062500e+02 8.574169921875000000e+01
1.058269042968750000e+02 1.145456542968750000e+02 8.570153808593750000e+01
1.060382080078125000e+02 1.147398071289062500e+02 8.597967529296875000e+01
1.057406005859375000e+02 1.146489257812500000e+02 8.603668212890625000e+01
1.052958374023437500e+02 1.146547241210937500e+02 8.631591796875000000e+01
1.050424804687500000e+02 1.144968261718750000e+02 8.641156005859375000e+01
1.049776611328125000e+02 1.145992431640625000e+02 8.649853515625000000e+01
1.050869140625000000e+02 1.147015380859375000e+02 8.665283203125000000e+01
1.052635498046875000e+02 1.147489013671875000e+02 8.670928955078125000e+01
1.054417114257812500e+02 1.148474731445312500e+02 8.634942626953125000e+01
1.055122070312500000e+02 1.147828369140625000e+02 8.618304443359375000e+01
1.053259887695312500e+02 1.145959472656250000e+02 8.602178955078125000e+01
1.052375488281250000e+02 1.144260864257812500e+02 8.589819335937500000e+01
1.054068603515625000e+02 1.143681640625000000e+02 8.621447753906250000e+01
1.059241943359375000e+02 1.146062622070312500e+02 8.665686035156250000e+01
1.058823852539062500e+02 1.145127563476562500e+02 8.679235839843750000e+01
1.059058227539062500e+02 1.145537109375000000e+02 8.701873779296875000e+01
1.058142089843750000e+02 1.144832763671875000e+02 8.699664306640625000e+01
1.058808593750000000e+02 1.145208129882812500e+02 8.750500488281250000e+01
1.055711059570312500e+02 1.142888183593750000e+02 8.758544921875000000e+01
1.054848632812500000e+02 1.142282714843750000e+02 8.756665039062500000e+01
1.052340698242187500e+02 1.140709838867187500e+02 8.753051757812500000e+01
1.051935424804687500e+02 1.140085449218750000e+02 8.763092041015625000e+01
1.051848754882812500e+02 1.138434448242187500e+02 8.719012451171875000e+01
1.052606201171875000e+02 1.137488403320312500e+02 8.685260009765625000e+01
1.051857299804687500e+02 1.137167968750000000e+02 8.661212158203125000e+01
1.052981567382812500e+02 1.137810058593750000e+02 8.663494873046875000e+01
1.050912475585937500e+02 1.135964355468750000e+02 8.625640869140625000e+01
1.050366210937500000e+02 1.138086547851562500e+02 8.593878173828125000e+01
1.048725585937500000e+02 1.137028808593750000e+02 8.518975830078125000e+01
1.046740722656250000e+02 1.136519165039062500e+02 8.494946289062500000e+01
1.044825439453125000e+02 1.137387084960937500e+02 8.502368164062500000e+01
1.045658569335937500e+02 1.139437255859375000e+02 8.511218261718750000e+01
1.048643188476562500e+02 1.137414550781250000e+02 8.552136230468750000e+01
1.054720458984375000e+02 1.139224853515625000e+02 8.613610839843750000e+01
1.055957031250000000e+02 1.139818115234375000e+02 8.645587158203125000e+01
1.055628051757812500e+02 1.138048095703125000e+02 8.654736328125000000e+01
1.055073242187500000e+02 1.136625976562500000e+02 8.647583007812500000e+01
1.053787841796875000e+02 1.137424316406250000e+02 8.641925048828125000e+01
1.052533569335937500e+02 1.137301635742187500e+02 8.608172607421875000e+01
1.050983886718750000e+02 1.137334594726562500e+02 8.588446044921875000e+01
1.049996948242187500e+02 1.135605468750000000e+02 8.568762207031250000e+01
1.047977905273437500e+02 1.137095336914062500e+02 8.546502685546875000e+01
1.046013793945312500e+02 1.135177612304687500e+02 8.518347167968750000e+01
1.048357543945312500e+02 1.137548217773437500e+02 8.527496337890625000e+01
1.046865844726562500e+02 1.137829589843750000e+02 8.496575927734375000e+01
1.048485107421875000e+02 1.139675903320312500e+02 8.493353271484375000e+01
1.046574096679687500e+02 1.137752685546875000e+02 8.469970703125000000e+01
1.045514526367187500e+02 1.137913818359375000e+02 8.485626220703125000e+01
1.044095458984375000e+02 1.135373535156250000e+02 8.491046142578125000e+01
1.044794921875000000e+02 1.138564453125000000e+02 8.530255126953125000e+01
1.040903930664062500e+02 1.136334838867187500e+02 8.532629394531250000e+01
1.039608154296875000e+02 1.135796508789062500e+02 8.527435302734375000e+01
1.044616088867187500e+02 1.134038085937500000e+02 8.542486572265625000e+01
1.047576904296875000e+02 1.136007080078125000e+02 8.560131835937500000e+01
1.049763793945312500e+02 1.136188964843750000e+02 8.570141601562500000e+01
1.051992187500000000e+02 1.136987304687500000e+02 8.593554687500000000e+01
1.049611816406250000e+02 1.134989013671875000e+02 8.559637451171875000e+01
1.046602172851562500e+02 1.134451293945312500e+02 8.535760498046875000e+01
1.046019287109375000e+02 1.132736816406250000e+02 8.559893798828125000e+01
1.045324096679687500e+02 1.133370971679687500e+02 8.555010986328125000e+01
1.044005737304687500e+02 1.133367309570312500e+02 8.542034912109375000e+01
1.046341552734375000e+02 1.134312133789062500e+02 8.573950195312500000e+01
1.046469726562500000e+02 1.133317871093750000e+02 8.573461914062500000e+01
1.049584350585937500e+02 1.135737915039062500e+02 8.584570312500000000e+01
1.049316406250000000e+02 1.134685668945312500e+02 8.570983886718750000e+01
1.051019287109375000e+02 1.136221923828125000e+02 8.595770263671875000e+01
1.049867553710937500e+02 1.135618896484375000e+02 8.580877685546875000e+01
1.052443847656250000e+02 1.137233886718750000e+02 8.603161621093750000e+01
1.049415283203125000e+02 1.135667114257812500e+02 8.587915039062500000e+01
1.050159301757812500e+02 1.138497924804687500e+02 8.611535644531250000e+01
1.049569702148437500e+02 1.138854980468750000e+02 8.620349121093750000e+01
1.048958129882812500e+02 1.141267089843750000e+02 8.642004394531250000e+01
1.046329956054687500e+02 1.139920043945312500e+02 8.647656250000000000e+01
1.051785888671875000e+02 1.142213134765625000e+02 8.682965087890625000e+01
1.053992309570312500e+02 1.141116943359375000e+02 8.695501708984375000e+01
1.052863159179687500e+02 1.140477294921875000e+02 8.694433593750000000e+01
1.050930175781250000e+02 1.139398803710937500e+02 8.680926513671875000e+01
1.052899169921875000e+02 1.139458007812500000e+02 8.683410644531250000e+01
1.052553710937500000e+02 1.138509521484375000e+02 8.664465332031250000e+01
1.055876464843750000e+02 1.140288085937500000e+02 8.697882080078125000e+01
1.056411132812500000e+02 1.141697387695312500e+02 8.700671386718750000e+01
1.057491455078125000e+02 1.142029418945312500e+02 8.718334960937500000e+01
1.055679321289062500e+02 1.141378784179687500e+02 8.722247314453125000e+01
1.052730102539062500e+02 1.141416625976562500e+02 8.706542968750000000e+01
1.049227294921875000e+02 1.141679687500000000e+02 8.687866210937500000e+01
1.051680297851562500e+02 1.143583984375000000e+02 8.681646728515625000e+01
1.052114868164062500e+02 1.145628662109375000e+02 8.687707519531250000e+01
1.052293090820312500e+02 1.144699707031250000e+02 8.622558593750000000e+01
1.052069702148437500e+02 1.144254760742187500e+02 8.568505859375000000e+01
1.051243286132812500e+02 1.144362792968750000e+02 8.541271972656250000e+01
1.049451904296875000e+02 1.143114013671875000e+02 8.520678710937500000e+01
1.048387451171875000e+02 1.141989135742187500e+02 8.504211425781250000e+01
1.048640136718750000e+02 1.140680541992187500e+02 8.553436279296875000e+01
1.050269165039062500e+02 1.142854614257812500e+02 8.612133789062500000e+01
1.050997924804687500e+02 1.141872558593750000e+02 8.689782714843750000e+01
1.050056762695312500e+02 1.142103271484375000e+02 8.704241943359375000e+01
1.049572753906250000e+02 1.140686645507812500e+02 8.713232421875000000e+01
1.048609008789062500e+02 1.143928222656250000e+02 8.719409179687500000e+01
1.043021240234375000e+02 1.142601928710937500e+02 8.665777587890625000e+01
1.038112182617187500e+02 1.143436279296875000e+02 8.628839111328125000e+01
1.038609619140625000e+02 1.143602905273437500e+02 8.630023193359375000e+01
1.037838745117187500e+02 1.143524780273437500e+02 8.615191650390625000e+01
1.039918823242187500e+02 1.141767578125000000e+02 8.609643554687500000e+01
1.045161132812500000e+02 1.142449340820312500e+02 8.630432128906250000e+01
1.045971679687500000e+02 1.141184692382812500e+02 8.635449218750000000e+01
1.048329467773437500e+02 1.143724975585937500e+02 8.651635742187500000e+01
1.051354980468750000e+02 1.142425537109375000e+02 8.649981689453125000e+01
1.052147827148437500e+02 1.143370361328125000e+02 8.625665283203125000e+01
1.051231689453125000e+02 1.141997070312500000e+02 8.637414550781250000e+01
1.053437500000000000e+02 1.143475952148437500e+02 8.637628173828125000e+01
1.053589477539062500e+02 1.142476196289062500e+02 8.618041992187500000e+01
1.051834106445312500e+02 1.141134033203125000e+02 8.597943115234375000e+01
1.051652832031250000e+02 1.138931884765625000e+02 8.589337158203125000e+01
1.056179199218750000e+02 1.138809204101562500e+02 8.604516601562500000e+01
1.057147827148437500e+02 1.139702148437500000e+02 8.625775146484375000e+01
1.059348754882812500e+02 1.140911865234375000e+02 8.649652099609375000e+01
1.058943481445312500e+02 1.139542236328125000e+02 8.633367919921875000e+01
1.058814697265625000e+02 1.138547363281250000e+02 8.599542236328125000e+01
1.055105590820312500e+02 1.137709960937500000e+02 8.561993408203125000e+01
1.054766845703125000e+02 1.138234863281250000e+02 8.541668701171875000e+01
1.054675292968750000e+02 1.136800537109375000e+02 8.539733886718750000e+01
1.055651855468750000e+02 1.138884887695312500e+02 8.546276855468750000e+01
1.054808349609375000e+02 1.139071044921875000e+02 8.568243408203125000e+01
1.056137695312500000e+02 1.141080932617187500e+02 8.605084228515625000e+01
1.054117431640625000e+02 1.139550170898437500e+02 8.613201904296875000e+01
1.055473632812500000e+02 1.139390258789062500e+02 8.663244628906250000e+01
1.052943725585937500e+02 1.137234497070312500e+02 8.641278076171875000e+01
1.052503662109375000e+02 1.138249511718750000e+02 8.604736328125000000e+01
1.050147094726562500e+02 1.136216430664062500e+02 8.569543457031250000e+01
1.050344238281250000e+02 1.135849609375000000e+02 8.581890869140625000e+01
1.047927246093750000e+02 1.134304809570312500e+02 8.564947509765625000e+01
1.045950927734375000e+02 1.134976196289062500e+02 8.567712402343750000e+01
1.046634521484375000e+02 1.133168334960937500e+02 8.557348632812500000e+01
1.048242187500000000e+02 1.133403320312500000e+02 8.560888671875000000e+01
1.048285522460937500e+02 1.132024536132812500e+02 8.560211181640625000e+01
1.049202270507812500e+02 1.132247924804687500e+02 8.569671630859375000e+01
1.048104858398437500e+02 1.131422119140625000e+02 8.556597900390625000e+01
1.048730468750000000e+02 1.132049560546875000e+02 8.584051513671875000e+01
1.047928466796875000e+02 1.131190795898437500e+02 8.582910156250000000e+01
1.050792236328125000e+02 1.133129272460937500e+02 8.615270996093750000e+01
1.050360107421875000e+02 1.132886352539062500e+02 8.633557128906250000e+01
1.050316772460937500e+02 1.133361816406250000e+02 8.644836425781250000e+01
1.050216064453125000e+02 1.133225097656250000e+02 8.637182617187500000e+01
1.052516479492187500e+02 1.135695190429687500e+02 8.656176757812500000e+01
1.051780395507812500e+02 1.134360961914062500e+02 8.655334472656250000e+01
1.050523071289062500e+02 1.133391113281250000e+02 8.637164306640625000e+01
1.048411254882812500e+02 1.131112060546875000e+02 8.619549560546875000e+01
1.046361083984375000e+02 1.131015014648437500e+02 8.561346435546875000e+01
1.044019775390625000e+02 1.128903198242187500e+02 8.530432128906250000e+01
1.042152709960937500e+02 1.129393310546875000e+02 8.514459228515625000e+01
1.041940307617187500e+02 1.129893798828125000e+02 8.492498779296875000e+01
1.039902954101562500e+02 1.129223632812500000e+02 8.484881591796875000e+01
1.042327880859375000e+02 1.127019042968750000e+02 8.490039062500000000e+01
1.044481811523437500e+02 1.126690063476562500e+02 8.529956054687500000e+01
1.047136840820312500e+02 1.127843627929687500e+02 8.560064697265625000e+01
1.050374755859375000e+02 1.130002441406250000e+02 8.601470947265625000e+01
1.050964355468750000e+02 1.128829345703125000e+02 8.597344970703125000e+01
1.049956665039062500e+02 1.130378417968750000e+02 8.587121582031250000e+01
1.048144531250000000e+02 1.131795654296875000e+02 8.589959716796875000e+01
1.048155517578125000e+02 1.130288696289062500e+02 8.579095458984375000e+01
1.047086181640625000e+02 1.129960327148437500e+02 8.578741455078125000e+01
1.047062377929687500e+02 1.131882324218750000e+02 8.569342041015625000e+01
1.045172119140625000e+02 1.129697265625000000e+02 8.546301269531250000e+01
1.043364257812500000e+02 1.128776245117187500e+02 8.564404296875000000e+01
1.042122192382812500e+02 1.128968505859375000e+02 8.569384765625000000e+01
1.039584960937500000e+02 1.131347656250000000e+02 8.574145507812500000e+01
1.040228881835937500e+02 1.129542236328125000e+02 8.532226562500000000e+01
1.044231567382812500e+02 1.130547485351562500e+02 8.554351806640625000e+01
1.044480590820312500e+02 1.129732055664062500e+02 8.524304199218750000e+01
1.045989990234375000e+02 1.129938354492187500e+02 8.526824951171875000e+01
1.046462402343750000e+02 1.129500732421875000e+02 8.517150878906250000e+01
1.046177978515625000e+02 1.129420776367187500e+02 8.503344726562500000e+01
1.045989990234375000e+02 1.128620605468750000e+02 8.494055175781250000e+01
1.048186035156250000e+02 1.131303710937500000e+02 8.521740722656250000e+01
1.047844848632812500e+02 1.131389770507812500e+02 8.523193359375000000e+01
1.047976074218750000e+02 1.131781005859375000e+02 8.525146484375000000e+01
1.047598266601562500e+02 1.131527099609375000e+02 8.528631591796875000e+01
1.046592407226562500e+02 1.130075073242187500e+02 8.521447753906250000e+01
1.047176513671875000e+02 1.130950317382812500e+02 8.520727539062500000e+01
1.047147827148437500e+02 1.130157470703125000e+02 8.529040527343750000e+01
1.045975952148437500e+02 1.129144897460937500e+02 8.506481933593750000e+01
1.045522460937500000e+02 1.128682250976562500e+02 8.506488037109375000e+01
1.045094604492187500e+02 1.128258056640625000e+02 8.508557128906250000e+01
1.045347900390625000e+02 1.128263549804687500e+02 8.530371093750000000e+01
1.045009155273437500e+02 1.127615966796875000e+02 8.534985351562500000e+01
1.047208862304687500e+02 1.130543823242187500e+02 8.564965820312500000e+01
1.046437377929687500e+02 1.130119628906250000e+02 8.561273193359375000e+01
1.044711914062500000e+02 1.129137573242187500e+02 8.547833251953125000e+01
1.044094848632812500e+02 1.128299560546875000e+02 8.537054443359375000e+01
1.043222045898437500e+02 1.127574462890625000e+02 8.515338134765625000e+01
1.045083618164062500e+02 1.129697265625000000e+02 8.530596923828125000e+01
1.045859375000000000e+02 1.130035400390625000e+02 8.528112792968750000e+01
1.048526000976562500e+02 1.129951171875000000e+02 8.590704345703125000e+01
1.054668579101562500e+02 1.129130859375000000e+02 8.629699707031250000e+01
1.054332275390625000e+02 1.129599609375000000e+02 8.654833984375000000e+01
1.057377929687500000e+02 1.130993652343750000e+02 8.678918457031250000e+01
1.056989135742187500e+02 1.130659179687500000e+02 8.680041503906250000e+01
1.054965820312500000e+02 1.129393920898437500e+02 8.664080810546875000e+01
1.052248535156250000e+02 1.129304199218750000e+02 8.628503417968750000e+01
1.050936279296875000e+02 1.127612915039062500e+02 8.580487060546875000e+01
1.048759765625000000e+02 1.127029418945312500e+02 8.559411621093750000e+01
1.048229370117187500e+02 1.127387084960937500e+02 8.547100830078125000e+01
1.044547729492187500e+02 1.128945922851562500e+02 8.468481445312500000e+01
1.041956787109375000e+02 1.127932128906250000e+02 8.447698974609375000e+01
1.039811401367187500e+02 1.127989501953125000e+02 8.412127685546875000e+01
1.040046386718750000e+02 1.129663085937500000e+02 8.408892822265625000e+01
1.040200195312500000e+02 1.133284301757812500e+02 8.433038330078125000e+01
1.043737792968750000e+02 1.133443603515625000e+02 8.452478027343750000e+01
1.046247558593750000e+02 1.134465942382812500e+02 8.485198974609375000e+01
1.046049194335937500e+02 1.133239135742187500e+02 8.482202148437500000e+01
1.048190307617187500e+02 1.135302124023437500e+02 8.486914062500000000e+01
1.048923339843750000e+02 1.135992431640625000e+02 8.502886962890625000e+01
1.050458374023437500e+02 1.135966186523437500e+02 8.530786132812500000e+01
1.051732788085937500e+02 1.135867919921875000e+02 8.565203857421875000e+01
1.052399902343750000e+02 1.136782836914062500e+02 8.564910888671875000e+01
1.052236328125000000e+02 1.135603027343750000e+02 8.588342285156250000e+01
1.051027832031250000e+02 1.133739013671875000e+02 8.577386474609375000e+01
1.050380249023437500e+02 1.134701538085937500e+02 8.520587158203125000e+01
1.050634765625000000e+02 1.133439941406250000e+02 8.498718261718750000e+01
1.052424926757812500e+02 1.135278930664062500e+02 8.485833740234375000e+01
1.054533691406250000e+02 1.137610473632812500e+02 8.500231933593750000e+01
1.052395019531250000e+02 1.136165161132812500e+02 8.484289550781250000e+01
1.055162963867187500e+02 1.136323242187500000e+02 8.498162841796875000e+01
1.054380493164062500e+02 1.133912353515625000e+02 8.490191650390625000e+01
1.055612792968750000e+02 1.133366699218750000e+02 8.495538330078125000e+01
1.057866210937500000e+02 1.135464477539062500e+02 8.521643066406250000e+01
1.059798583984375000e+02 1.136682128906250000e+02 8.536206054687500000e+01
1.056356201171875000e+02 1.136086425781250000e+02 8.531695556640625000e+01
1.057484130859375000e+02 1.137784423828125000e+02 8.558197021484375000e+01
1.055270385742187500e+02 1.136442871093750000e+02 8.544110107421875000e+01
1.055275878906250000e+02 1.137451171875000000e+02 8.553839111328125000e+01
1.054841918945312500e+02 1.136324462890625000e+02 8.552081298828125000e+01
1.052155151367187500e+02 1.135283203125000000e+02 8.516302490234375000e+01
1.051667480468750000e+02 1.135880126953125000e+02 8.513739013671875000e+01
1.051166381835937500e+02 1.136058959960937500e+02 8.497357177734375000e+01
1.050310668945312500e+02 1.135028686523437500e+02 8.497875976562500000e+01
1.049861450195312500e+02 1.134320068359375000e+02 8.493041992187500000e+01
1.048645629882812500e+02 1.133877563476562500e+02 8.520709228515625000e+01
1.050878295898437500e+02 1.134721679687500000e+02 8.640142822265625000e+01
1.046113891601562500e+02 1.134461059570312500e+02 8.653613281250000000e+01
1.046328735351562500e+02 1.134494018554687500e+02 8.664331054687500000e+01
1.045866088867187500e+02 1.134317016601562500e+02 8.655847167968750000e+01
1.045009765625000000e+02 1.136182861328125000e+02 8.674450683593750000e+01
1.045002441406250000e+02 1.134619140625000000e+02 8.689605712890625000e+01
1.045521850585937500e+02 1.136589965820312500e+02 8.713836669921875000e+01
1.043438110351562500e+02 1.137114257812500000e+02 8.695465087890625000e+01
1.042497558593750000e+02 1.135800170898437500e+02 8.694396972656250000e+01
1.045800781250000000e+02 1.135167846679687500e+02 8.716748046875000000e+01
1.048998413085937500e+02 1.136365966796875000e+02 8.709527587890625000e+01
1.048937988281250000e+02 1.135773315429687500e+02 8.691546630859375000e+01
1.048430786132812500e+02 1.135098876953125000e+02 8.671362304687500000e+01
1.047644042968750000e+02 1.133515014648437500e+02 8.669036865234375000e+01
1.047385864257812500e+02 1.133353271484375000e+02 8.580871582031250000e+01
1.049860229492187500e+02 1.135575561523437500e+02 8.566223144531250000e+01
1.052223510742187500e+02 1.137273559570312500e+02 8.568359375000000000e+01
1.050372924804687500e+02 1.135471191406250000e+02 8.529187011718750000e+01
1.050356445312500000e+02 1.135091552734375000e+02 8.519348144531250000e+01
1.046874389648437500e+02 1.132651367187500000e+02 8.543688964843750000e+01
1.044924316406250000e+02 1.135720214843750000e+02 8.588787841796875000e+01
1.039729614257812500e+02 1.135649414062500000e+02 8.615289306640625000e+01
1.037667236328125000e+02 1.136641845703125000e+02 8.619537353515625000e+01
1.037656250000000000e+02 1.137686767578125000e+02 8.646728515625000000e+01
1.048442382812500000e+02 1.137695922851562500e+02 8.673925781250000000e+01
1.050675659179687500e+02 1.136383666992187500e+02 8.658471679687500000e+01
1.053114624023437500e+02 1.136825561523437500e+02 8.669647216796875000e+01
1.050908203125000000e+02 1.134798583984375000e+02 8.646112060546875000e+01
1.050406494140625000e+02 1.134381713867187500e+02 8.638964843750000000e+01
1.048223876953125000e+02 1.133073730468750000e+02 8.554479980468750000e+01
1.048890380859375000e+02 1.133829345703125000e+02 8.513122558593750000e+01
1.047806396484375000e+02 1.132571411132812500e+02 8.498236083984375000e+01
1.046763305664062500e+02 1.132363891601562500e+02 8.502740478515625000e+01
1.046105957031250000e+02 1.131806640625000000e+02 8.485809326171875000e+01
1.046259155273437500e+02 1.134070434570312500e+02 8.538238525390625000e+01
1.042817993164062500e+02 1.133532104492187500e+02 8.532263183593750000e+01
1.040444946289062500e+02 1.132790527343750000e+02 8.538964843750000000e+01
1.033762817382812500e+02 1.134251708984375000e+02 8.529748535156250000e+01
1.036724243164062500e+02 1.135904541015625000e+02 8.550219726562500000e+01
