2.273223266601562500e+02 2.589270019531250000e+01 5.175170898437500000e-01
2.272957153320312500e+02 2.586755371093750000e+01 5.175170898437500000e-01
2.272190551757812500e+02 2.583325195312500000e+01 5.008544921875000000e-01
2.268969726562500000e+02 2.551788330078125000e+01 4.443969726562500000e-01
2.262210083007812500e+02 2.519219970703125000e+01 4.042358398437500000e-01
2.254927368164062500e+02 2.494769287109375000e+01 3.177490234375000000e-01
2.242012939453125000e+02 2.534033203125000000e+01 2.599487304687500000e-01
2.241015625000000000e+02 2.539947509765625000e+01 1.610717773437500000e-01
2.238873901367187500e+02 2.576214599609375000e+01 1.745605468750000000e-01
2.238100585937500000e+02 2.576422119140625000e+01 1.314086914062500000e-01
2.239788208007812500e+02 2.601147460937500000e+01 9.667968750000000000e-02
2.240282592773437500e+02 2.602917480468750000e+01 1.538696289062500000e-01
2.241016235351562500e+02 2.620446777343750000e+01 1.228027343750000000e-01
2.241117553710937500e+02 2.632110595703125000e+01 9.381103515625000000e-02
2.243418579101562500e+02 2.647125244140625000e+01 1.427001953125000000e-01
2.244420776367187500e+02 2.658874511718750000e+01 1.602783203125000000e-01
2.244915161132812500e+02 2.680249023437500000e+01 9.576416015625000000e-02
2.246143188476562500e+02 2.684667968750000000e+01 4.876708984375000000e-02
2.248837280273437500e+02 2.708447265625000000e+01 1.697998046875000000e-01
2.248561401367187500e+02 2.711303710937500000e+01 1.486816406250000000e-01
2.245371704101562500e+02 2.633453369140625000e+01 1.289062500000000000e-01
2.239515380859375000e+02 2.566497802734375000e+01 1.230468750000000000e-01
2.235985717773437500e+02 2.530426025390625000e+01 5.194091796875000000e-02
2.234664916992187500e+02 2.511358642578125000e+01 5.700683593750000000e-02
2.237428588867187500e+02 2.533557128906250000e+01 2.929687500000000000e-02
2.239938964843750000e+02 2.561682128906250000e+01 5.090332031250000000e-02
2.241221923828125000e+02 2.604907226562500000e+01 6.774902343750000000e-03
2.241405029296875000e+02 2.616223144531250000e+01 1.135864257812500000e-01
2.244447021484375000e+02 2.659906005859375000e+01 9.527587890625000000e-02
2.248678588867187500e+02 2.680236816406250000e+01 1.425781250000000000e-01
2.248477783203125000e+02 2.697186279296875000e+01 1.231079101562500000e-01
2.248614501953125000e+02 2.693304443359375000e+01 2.316284179687500000e-01
2.246943969726562500e+02 2.678619384765625000e+01 1.730346679687500000e-01
2.246541748046875000e+02 2.661352539062500000e+01 1.891479492187500000e-01
2.246269531250000000e+02 2.657659912109375000e+01 2.307739257812500000e-01
2.246200561523437500e+02 2.652880859375000000e+01 1.274414062500000000e-01
2.247045288085937500e+02 2.655731201171875000e+01 1.372070312500000000e-01
2.247307739257812500e+02 2.680572509765625000e+01 1.968383789062500000e-01
2.248099365234375000e+02 2.692437744140625000e+01 2.102661132812500000e-01
2.250072631835937500e+02 2.719055175781250000e+01 2.058715820312500000e-01
2.251240844726562500e+02 2.725463867187500000e+01 1.235961914062500000e-01
2.251852416992187500e+02 2.744714355468750000e+01 1.100463867187500000e-01
2.254520874023437500e+02 2.751757812500000000e+01 9.240722656250000000e-02
2.255603027343750000e+02 2.746734619140625000e+01 1.600952148437500000e-01
2.256501464843750000e+02 2.767346191406250000e+01 1.972045898437500000e-01
2.255880737304687500e+02 2.766760253906250000e+01 1.372680664062500000e-01
2.256961059570312500e+02 2.774047851562500000e+01 1.793212890625000000e-01
2.254766235351562500e+02 2.759027099609375000e+01 1.456298828125000000e-01
2.247645263671875000e+02 2.678283691406250000e+01 4.797363281250000000e-02
2.241913452148437500e+02 2.634204101562500000e+01 5.480957031250000000e-02
2.238266601562500000e+02 2.579174804687500000e+01 1.063842773437500000e-01
2.236270751953125000e+02 2.560760498046875000e+01 4.876708984375000000e-02
2.237546997070312500e+02 2.588928222656250000e+01 7.196044921875000000e-02
2.238515014648437500e+02 2.627197265625000000e+01 3.515625000000000000e-02
2.240314941406250000e+02 2.658935546875000000e+01 7.604980468750000000e-02
2.241991577148437500e+02 2.677734375000000000e+01 1.711425781250000000e-01
2.243696289062500000e+02 2.695770263671875000e+01 3.302001953125000000e-02
2.245564575195312500e+02 2.692199707031250000e+01 5.126953125000000000e-02
2.246687011718750000e+02 2.693170166015625000e+01 1.052856445312500000e-01
2.246603393554687500e+02 2.701342773437500000e+01 6.768798828125000000e-02
2.244411010742187500e+02 2.677343750000000000e+01 2.398681640625000000e-02
2.243695678710937500e+02 2.656207275390625000e+01 1.094360351562500000e-01
2.244572143554687500e+02 2.655181884765625000e+01 7.452392578125000000e-02
2.245395507812500000e+02 2.658074951171875000e+01 1.520996093750000000e-01
2.246905517578125000e+02 2.686132812500000000e+01 1.192626953125000000e-01
2.247824707031250000e+02 2.688665771484375000e+01 1.463623046875000000e-01
2.249407958984375000e+02 2.706304931640625000e+01 2.250976562500000000e-01
2.251312255859375000e+02 2.720123291015625000e+01 2.055053710937500000e-01
2.252940673828125000e+02 2.748040771484375000e+01 2.280883789062500000e-01
2.254895019531250000e+02 2.759240722656250000e+01 2.558593750000000000e-01
2.257570190429687500e+02 2.769366455078125000e+01 1.390991210937500000e-01
2.258597412109375000e+02 2.777905273437500000e+01 2.463378906250000000e-01
2.259428100585937500e+02 2.801367187500000000e+01 2.202148437500000000e-01
2.258741455078125000e+02 2.807934570312500000e+01 2.008666992187500000e-01
2.255025634765625000e+02 2.740319824218750000e+01 1.126098632812500000e-01
2.246219482421875000e+02 2.668518066406250000e+01 2.589111328125000000e-01
2.240712280273437500e+02 2.599890136718750000e+01 1.263427734375000000e-01
2.238860473632812500e+02 2.602191162109375000e+01 7.080078125000000000e-02
2.239293212890625000e+02 2.614062500000000000e+01 7.214355468750000000e-02
2.240567016601562500e+02 2.634686279296875000e+01 1.276855468750000000e-01
2.243522949218750000e+02 2.664831542968750000e+01 2.219238281250000000e-01
2.244948730468750000e+02 2.680609130859375000e+01 2.388305664062500000e-01
2.247406005859375000e+02 2.698956298828125000e+01 1.563110351562500000e-01
2.249500732421875000e+02 2.715893554687500000e+01 2.102050781250000000e-01
2.251392822265625000e+02 2.747698974609375000e+01 1.380004882812500000e-01
2.251743164062500000e+02 2.750384521484375000e+01 1.788940429687500000e-01
2.251354370117187500e+02 2.737847900390625000e+01 1.202392578125000000e-01
2.249104003906250000e+02 2.722045898437500000e+01 5.645751953125000000e-02
2.248179321289062500e+02 2.702032470703125000e+01 1.337280273437500000e-01
2.250219726562500000e+02 2.696978759765625000e+01 7.769775390625000000e-02
2.251817016601562500e+02 2.721057128906250000e+01 1.020507812500000000e-01
2.252014160156250000e+02 2.728692626953125000e+01 7.745361328125000000e-02
2.253569335937500000e+02 2.748944091796875000e+01 1.303100585937500000e-01
2.253009033203125000e+02 2.780944824218750000e+01 1.523437500000000000e-01
2.254151611328125000e+02 2.802374267578125000e+01 2.763671875000000000e-01
2.255660400390625000e+02 2.828350830078125000e+01 3.203735351562500000e-01
2.257372436523437500e+02 2.838964843750000000e+01 2.763061523437500000e-01
2.260132446289062500e+02 2.846740722656250000e+01 2.443237304687500000e-01
2.260958862304687500e+02 2.844842529296875000e+01 2.475585937500000000e-01
2.261215820312500000e+02 2.846838378906250000e+01 1.600341796875000000e-01
2.256591796875000000e+02 2.789300537109375000e+01 2.006835937500000000e-01
2.247542724609375000e+02 2.699096679687500000e+01 7.781982421875000000e-02
2.244060058593750000e+02 2.645263671875000000e+01 4.272460937500000000e-02
2.241607055664062500e+02 2.615393066406250000e+01 1.757812500000000000e-02
2.242941894531250000e+02 2.625213623046875000e+01 2.795410156250000000e-02
2.245980224609375000e+02 2.641131591796875000e+01 2.880859375000000000e-02
2.247881469726562500e+02 2.684808349609375000e+01 4.565429687500000000e-02
2.250877685546875000e+02 2.696582031250000000e+01 4.016113281250000000e-02
2.251556396484375000e+02 2.735821533203125000e+01 1.998291015625000000e-01
2.252486572265625000e+02 2.751715087890625000e+01 1.048583984375000000e-01
2.254792480468750000e+02 2.773175048828125000e+01 7.543945312500000000e-02
2.253560180664062500e+02 2.751629638671875000e+01 7.806396484375000000e-02
2.251944580078125000e+02 2.766711425781250000e+01 1.613769531250000000e-01
2.250560913085937500e+02 2.728259277343750000e+01 2.379150390625000000e-01
2.251397094726562500e+02 2.727703857421875000e+01 2.054443359375000000e-01
2.249826660156250000e+02 2.743066406250000000e+01 1.914672851562500000e-01
2.250953369140625000e+02 2.754260253906250000e+01 1.796264648437500000e-01
2.252546997070312500e+02 2.770013427734375000e+01 1.019287109375000000e-01
2.253198242187500000e+02 2.793481445312500000e+01 5.377197265625000000e-02
2.254601440429687500e+02 2.812188720703125000e+01 3.344726562500000000e-02
2.255377197265625000e+02 2.823309326171875000e+01 3.723144531250000000e-02
2.257844238281250000e+02 2.848583984375000000e+01 7.055664062500000000e-02
2.259464721679687500e+02 2.849407958984375000e+01 1.043701171875000000e-02
2.261026000976562500e+02 2.870391845703125000e+01 4.150390625000000000e-02
2.262150878906250000e+02 2.877081298828125000e+01 2.679443359375000000e-02
2.261535034179687500e+02 2.897662353515625000e+01 1.458740234375000000e-02
2.258260498046875000e+02 2.872277832031250000e+01 2.624511718750000000e-02
2.253031005859375000e+02 2.739172363281250000e+01 1.693115234375000000e-01
2.247584838867187500e+02 2.692877197265625000e+01 7.586669921875000000e-02
2.246298217773437500e+02 2.647546386718750000e+01 9.210205078125000000e-02
2.244953613281250000e+02 2.658203125000000000e+01 1.119995117187500000e-01
2.246529541015625000e+02 2.690936279296875000e+01 7.946777343750000000e-02
2.248086547851562500e+02 2.725225830078125000e+01 1.810913085937500000e-01
2.250831909179687500e+02 2.761193847656250000e+01 7.025146484375000000e-02
2.253306884765625000e+02 2.789190673828125000e+01 1.140747070312500000e-01
2.254067993164062500e+02 2.807281494140625000e+01 2.928466796875000000e-01
2.255811767578125000e+02 2.823718261718750000e+01 3.369140625000000000e-01
2.255020141601562500e+02 2.831304931640625000e+01 2.113037109375000000e-01
2.254850463867187500e+02 2.818084716796875000e+01 1.082153320312500000e-01
2.253800048828125000e+02 2.817687988281250000e+01 6.152343750000000000e-02
2.252301635742187500e+02 2.794409179687500000e+01 4.138183593750000000e-02
2.253851928710937500e+02 2.804248046875000000e+01 3.845214843750000000e-02
2.253610839843750000e+02 2.805041503906250000e+01 3.778076171875000000e-02
2.255840454101562500e+02 2.810009765625000000e+01 5.139160156250000000e-02
2.257357788085937500e+02 2.833129882812500000e+01 8.618164062500000000e-02
2.258021850585937500e+02 2.831915283203125000e+01 6.018066406250000000e-02
2.258642578125000000e+02 2.848480224609375000e+01 2.465820312500000000e-02
2.259863891601562500e+02 2.846350097656250000e+01 5.664062500000000000e-02
2.260975341796875000e+02 2.865417480468750000e+01 7.409667968750000000e-02
2.262843627929687500e+02 2.893115234375000000e+01 1.011352539062500000e-01
2.264626464843750000e+02 2.923107910156250000e+01 7.452392578125000000e-02
2.264634399414062500e+02 2.927832031250000000e+01 8.636474609375000000e-02
2.264553833007812500e+02 2.896447753906250000e+01 1.524047851562500000e-01
2.258392333984375000e+02 2.822912597656250000e+01 6.182861328125000000e-02
2.251837768554687500e+02 2.748712158203125000e+01 6.530761718750000000e-02
2.249998168945312500e+02 2.691931152343750000e+01 2.099609375000000000e-02
2.249739379882812500e+02 2.676556396484375000e+01 7.012939453125000000e-02
2.250237426757812500e+02 2.696459960937500000e+01 3.253173828125000000e-02
2.249847412109375000e+02 2.730932617187500000e+01 2.484130859375000000e-02
2.251847534179687500e+02 2.744116210937500000e+01 2.893066406250000000e-02
2.253746948242187500e+02 2.798474121093750000e+01 1.116943359375000000e-02
2.254046630859375000e+02 2.819317626953125000e+01 4.687500000000000000e-02
2.255233764648437500e+02 2.826428222656250000e+01 9.051513671875000000e-02
2.254785766601562500e+02 2.801196289062500000e+01 8.935546875000000000e-02
2.253918457031250000e+02 2.792529296875000000e+01 8.941650390625000000e-02
2.252254028320312500e+02 2.789569091796875000e+01 6.933593750000000000e-02
2.251757202148437500e+02 2.770373535156250000e+01 1.302490234375000000e-01
2.252131958007812500e+02 2.768188476562500000e+01 7.879638671875000000e-02
2.251931762695312500e+02 2.764746093750000000e+01 7.910156250000000000e-02
2.253729248046875000e+02 2.767266845703125000e+01 7.153320312500000000e-02
2.254036254882812500e+02 2.765411376953125000e+01 8.142089843750000000e-02
2.254340209960937500e+02 2.790576171875000000e+01 7.458496093750000000e-02
2.256025390625000000e+02 2.792291259765625000e+01 5.249023437500000000e-02
2.256533813476562500e+02 2.802282714843750000e+01 3.393554687500000000e-02
2.257116088867187500e+02 2.819793701171875000e+01 4.760742187500000000e-03
2.257862548828125000e+02 2.816937255859375000e+01 2.502441406250000000e-03
2.259071044921875000e+02 2.817779541015625000e+01 2.984619140625000000e-02
2.257874755859375000e+02 2.838635253906250000e+01 3.961181640625000000e-02
2.256070556640625000e+02 2.842877197265625000e+01 3.961181640625000000e-02
2.254404296875000000e+02 2.814715576171875000e+01 1.101074218750000000e-01
2.249097290039062500e+02 2.754388427734375000e+01 3.778076171875000000e-02
2.243050537109375000e+02 2.688934326171875000e+01 1.430053710937500000e-01
2.237664184570312500e+02 2.642333984375000000e+01 2.911376953125000000e-02
2.236366577148437500e+02 2.646838378906250000e+01 5.682373046875000000e-02
2.237709960937500000e+02 2.651733398437500000e+01 9.094238281250000000e-02
2.239478149414062500e+02 2.693713378906250000e+01 9.472656250000000000e-02
2.240685424804687500e+02 2.699621582031250000e+01 5.975341796875000000e-02
2.242061767578125000e+02 2.707629394531250000e+01 1.590576171875000000e-01
2.243933105468750000e+02 2.708679199218750000e+01 5.078125000000000000e-02
2.244713134765625000e+02 2.724884033203125000e+01 9.942626953125000000e-02
2.244777832031250000e+02 2.728100585937500000e+01 3.704833984375000000e-02
2.243732299804687500e+02 2.709869384765625000e+01 6.390380859375000000e-02
2.243707275390625000e+02 2.698962402343750000e+01 5.145263671875000000e-02
2.242061767578125000e+02 2.682348632812500000e+01 3.729248046875000000e-02
2.241318359375000000e+02 2.683575439453125000e+01 3.533935546875000000e-02
2.240631713867187500e+02 2.689398193359375000e+01 1.177978515625000000e-02
2.241165771484375000e+02 2.696252441406250000e+01 2.728271484375000000e-02
2.242084960937500000e+02 2.702111816406250000e+01 3.161621093750000000e-02
2.244315185546875000e+02 2.699822998046875000e+01 1.660156250000000000e-01
2.245355834960937500e+02 2.747369384765625000e+01 3.906250000000000000e-02
2.247033081054687500e+02 2.753173828125000000e+01 6.945800781250000000e-02
2.247225341796875000e+02 2.782495117187500000e+01 8.911132812500000000e-02
2.250654296875000000e+02 2.799743652343750000e+01 5.761718750000000000e-02
2.251715087890625000e+02 2.830194091796875000e+01 1.216430664062500000e-01
2.253861694335937500e+02 2.825463867187500000e+01 5.175781250000000000e-02
2.254970703125000000e+02 2.853973388671875000e+01 4.492187500000000000e-02
2.254847412109375000e+02 2.864276123046875000e+01 9.356689453125000000e-02
2.249652099609375000e+02 2.770001220703125000e+01 6.756591796875000000e-02
2.244585571289062500e+02 2.707067871093750000e+01 1.278076171875000000e-01
2.241184082031250000e+02 2.667553710937500000e+01 9.167480468750000000e-02
2.241167602539062500e+02 2.672131347656250000e+01 1.074218750000000000e-01
2.242733154296875000e+02 2.693011474609375000e+01 1.516113281250000000e-01
2.245541992187500000e+02 2.726684570312500000e+01 2.185668945312500000e-01
2.247546386718750000e+02 2.763348388671875000e+01 1.002807617187500000e-01
2.249595336914062500e+02 2.798095703125000000e+01 1.338500976562500000e-01
2.252352294921875000e+02 2.798571777343750000e+01 8.825683593750000000e-02
2.253665161132812500e+02 2.824853515625000000e+01 1.481933593750000000e-01
2.253789672851562500e+02 2.841296386718750000e+01 1.400146484375000000e-01
2.253726806640625000e+02 2.837322998046875000e+01 1.215820312500000000e-01
2.253488769531250000e+02 2.806878662109375000e+01 1.201171875000000000e-01
2.253657836914062500e+02 2.797180175781250000e+01 1.118774414062500000e-01
2.252329711914062500e+02 2.781298828125000000e+01 3.521728515625000000e-02
2.252574462890625000e+02 2.780804443359375000e+01 1.431884765625000000e-01
2.254039916992187500e+02 2.811083984375000000e+01 1.112060546875000000e-01
2.254684448242187500e+02 2.823901367187500000e+01 8.435058593750000000e-02
2.256384277343750000e+02 2.841577148437500000e+01 1.159667968750000000e-01
2.256434936523437500e+02 2.877606201171875000e+01 7.080078125000000000e-02
2.257904052734375000e+02 2.861389160156250000e+01 1.110229492187500000e-01
2.260543823242187500e+02 2.891436767578125000e+01 5.322265625000000000e-02
2.261030883789062500e+02 2.890002441406250000e+01 1.512451171875000000e-01
2.262229614257812500e+02 2.899719238281250000e+01 1.598510742187500000e-01
2.262634277343750000e+02 2.911376953125000000e+01 8.435058593750000000e-02
2.261066894531250000e+02 2.899572753906250000e+01 6.140136718750000000e-02
2.253848876953125000e+02 2.834844970703125000e+01 4.925537109375000000e-02
2.245937500000000000e+02 2.734533691406250000e+01 2.197265625000000000e-03
2.243798828125000000e+02 2.714013671875000000e+01 6.164550781250000000e-03
2.243161010742187500e+02 2.704071044921875000e+01 9.216308593750000000e-03
2.244978027343750000e+02 2.709857177734375000e+01 1.690673828125000000e-02
2.247529296875000000e+02 2.728381347656250000e+01 2.978515625000000000e-02
2.249233398437500000e+02 2.770928955078125000e+01 7.019042968750000000e-02
2.250130004882812500e+02 2.808233642578125000e+01 6.756591796875000000e-02
2.251947021484375000e+02 2.834216308593750000e+01 4.992675781250000000e-02
2.253136596679687500e+02 2.858721923828125000e+01 8.184814453125000000e-02
2.253092041015625000e+02 2.878039550781250000e+01 9.277343750000000000e-03
2.251627807617187500e+02 2.852062988281250000e+01 1.959228515625000000e-02
2.249649658203125000e+02 2.830145263671875000e+01 3.460693359375000000e-02
2.247856445312500000e+02 2.808093261718750000e+01 2.258300781250000000e-03
2.248079833984375000e+02 2.800897216796875000e+01 1.422119140625000000e-02
2.248548583984375000e+02 2.812365722656250000e+01 7.519531250000000000e-02
2.250098876953125000e+02 2.814965820312500000e+01 3.948974609375000000e-02
2.250899047851562500e+02 2.810833740234375000e+01 8.746337890625000000e-02
2.251220092773437500e+02 2.829974365234375000e+01 5.676269531250000000e-02
2.252426147460937500e+02 2.816052246093750000e+01 1.464233398437500000e-01
2.253755493164062500e+02 2.823529052734375000e+01 9.210205078125000000e-02
2.255754394531250000e+02 2.844543457031250000e+01 1.385498046875000000e-01
2.255671997070312500e+02 2.867297363281250000e+01 1.065673828125000000e-01
2.255874633789062500e+02 2.859552001953125000e+01 1.163330078125000000e-01
2.256621093750000000e+02 2.877288818359375000e+01 8.709716796875000000e-02
2.253196411132812500e+02 2.837249755859375000e+01 2.398681640625000000e-02
2.248250122070312500e+02 2.774310302734375000e+01 6.341552734375000000e-02
2.244312133789062500e+02 2.723016357421875000e+01 3.277587890625000000e-02
2.244162597656250000e+02 2.721008300781250000e+01 1.318359375000000000e-02
2.244014892578125000e+02 2.741217041015625000e+01 3.723144531250000000e-03
2.247702636718750000e+02 2.753259277343750000e+01 5.035400390625000000e-02
2.248792724609375000e+02 2.778808593750000000e+01 2.917480468750000000e-02
2.253187866210937500e+02 2.797729492187500000e+01 4.949951171875000000e-02
2.256269531250000000e+02 2.846374511718750000e+01 6.201171875000000000e-02
2.257534179687500000e+02 2.852667236328125000e+01 9.307861328125000000e-02
2.258489379882812500e+02 2.869769287109375000e+01 7.928466796875000000e-02
2.257861938476562500e+02 2.879962158203125000e+01 1.478881835937500000e-01
2.255904541015625000e+02 2.869891357421875000e+01 3.497314453125000000e-02
2.254490356445312500e+02 2.841491699218750000e+01 1.824951171875000000e-02
2.255183715820312500e+02 2.846551513671875000e+01 2.960205078125000000e-02
2.255394897460937500e+02 2.865753173828125000e+01 6.817626953125000000e-02
2.254215087890625000e+02 2.881250000000000000e+01 1.321411132812500000e-01
2.255940551757812500e+02 2.928118896484375000e+01 1.336669921875000000e-02
2.257673950195312500e+02 2.931915283203125000e+01 3.594970703125000000e-02
2.260563354492187500e+02 2.942523193359375000e+01 7.061767578125000000e-02
2.261837158203125000e+02 2.963372802734375000e+01 4.589843750000000000e-02
2.265058593750000000e+02 2.972314453125000000e+01 1.536865234375000000e-01
2.266419677734375000e+02 2.997833251953125000e+01 7.531738281250000000e-02
2.268170166015625000e+02 3.007934570312500000e+01 8.239746093750000000e-02
2.268873291015625000e+02 3.009088134765625000e+01 8.679199218750000000e-02
2.263411254882812500e+02 2.938714599609375000e+01 9.698486328125000000e-02
2.256824340820312500e+02 2.827532958984375000e+01 8.905029296875000000e-02
2.252648925781250000e+02 2.782495117187500000e+01 1.252441406250000000e-01
2.251959838867187500e+02 2.777160644531250000e+01 7.775878906250000000e-02
2.252858886718750000e+02 2.814019775390625000e+01 5.853271484375000000e-02
2.255014648437500000e+02 2.837139892578125000e+01 4.473876953125000000e-02
2.256519165039062500e+02 2.875848388671875000e+01 7.379150390625000000e-02
2.258110351562500000e+02 2.909094238281250000e+01 8.856201171875000000e-02
2.259926147460937500e+02 2.948956298828125000e+01 6.500244140625000000e-02
2.263132324218750000e+02 2.973791503906250000e+01 2.697753906250000000e-02
2.262397460937500000e+02 2.984600830078125000e+01 2.441406250000000000e-02
2.262407226562500000e+02 2.960833740234375000e+01 1.837158203125000000e-02
2.261118774414062500e+02 2.931524658203125000e+01 7.946777343750000000e-02
2.261187133789062500e+02 2.947039794921875000e+01 5.468750000000000000e-02
2.261753540039062500e+02 2.933020019531250000e+01 5.603027343750000000e-02
2.263142700195312500e+02 2.932574462890625000e+01 1.192626953125000000e-01
2.263319091796875000e+02 2.941241455078125000e+01 1.195678710937500000e-01
2.264321899414062500e+02 2.957153320312500000e+01 1.390380859375000000e-01
2.266150512695312500e+02 2.980755615234375000e+01 1.270751953125000000e-01
2.266514892578125000e+02 2.999993896484375000e+01 7.281494140625000000e-02
2.268027954101562500e+02 3.006817626953125000e+01 4.260253906250000000e-02
2.269069824218750000e+02 3.050555419921875000e+01 8.709716796875000000e-02
2.269354858398437500e+02 3.055194091796875000e+01 4.711914062500000000e-02
2.270861206054687500e+02 3.073907470703125000e+01 9.368896484375000000e-02
2.271666259765625000e+02 3.077166748046875000e+01 7.867431640625000000e-02
2.269487915039062500e+02 3.041925048828125000e+01 4.882812500000000000e-02
2.262408447265625000e+02 2.975445556640625000e+01 2.337646484375000000e-02
2.255975341796875000e+02 2.896832275390625000e+01 1.043701171875000000e-02
2.253125610351562500e+02 2.850048828125000000e+01 1.763916015625000000e-02
2.253754272460937500e+02 2.839855957031250000e+01 6.591796875000000000e-03
2.256223144531250000e+02 2.859094238281250000e+01 9.075927734375000000e-02
2.257403564453125000e+02 2.881726074218750000e+01 1.069946289062500000e-01
2.259908447265625000e+02 2.908416748046875000e+01 4.180908203125000000e-02
2.261288452148437500e+02 2.929998779296875000e+01 1.553344726562500000e-01
2.263609619140625000e+02 2.963134765625000000e+01 4.785156250000000000e-02
2.264613647460937500e+02 2.994616699218750000e+01 8.184814453125000000e-02
2.264650878906250000e+02 2.979156494140625000e+01 1.165161132812500000e-01
2.264470825195312500e+02 2.985644531250000000e+01 6.304931640625000000e-02
2.263557128906250000e+02 2.984924316406250000e+01 4.656982421875000000e-02
2.263084716796875000e+02 2.953491210937500000e+01 2.374267578125000000e-02
2.263435668945312500e+02 2.955902099609375000e+01 7.800292968750000000e-02
2.264385986328125000e+02 2.971557617187500000e+01 1.578979492187500000e-01
2.265563964843750000e+02 2.975939941406250000e+01 1.647949218750000000e-01
2.267172851562500000e+02 3.005828857421875000e+01 4.870605468750000000e-02
2.267598266601562500e+02 3.004937744140625000e+01 6.817626953125000000e-02
2.268552246093750000e+02 3.035461425781250000e+01 1.887207031250000000e-01
2.269622192382812500e+02 3.055871582031250000e+01 5.603027343750000000e-02
2.270706787109375000e+02 3.063482666015625000e+01 8.923339843750000000e-02
2.272600097656250000e+02 3.096343994140625000e+01 9.698486328125000000e-02
2.274002685546875000e+02 3.095874023437500000e+01 1.441040039062500000e-01
2.275552978515625000e+02 3.115948486328125000e+01 1.789550781250000000e-01
2.274484863281250000e+02 3.104217529296875000e+01 2.116088867187500000e-01
2.270972900390625000e+02 3.054095458984375000e+01 1.480712890625000000e-01
2.264880981445312500e+02 2.994897460937500000e+01 9.686279296875000000e-02
2.259617919921875000e+02 2.887115478515625000e+01 4.919433593750000000e-02
2.257994995117187500e+02 2.867718505859375000e+01 6.542968750000000000e-02
2.259054565429687500e+02 2.859918212890625000e+01 7.385253906250000000e-02
2.260435791015625000e+02 2.892456054687500000e+01 1.212768554687500000e-01
2.263629150390625000e+02 2.936297607421875000e+01 5.834960937500000000e-02
2.264699096679687500e+02 2.981878662109375000e+01 1.194458007812500000e-01
2.266232910156250000e+02 2.999542236328125000e+01 6.323242187500000000e-02
2.268843994140625000e+02 3.048980712890625000e+01 1.378173828125000000e-01
2.268763427734375000e+02 3.054699707031250000e+01 5.242919921875000000e-02
2.268008422851562500e+02 3.058721923828125000e+01 4.302978515625000000e-02
2.266942749023437500e+02 3.037744140625000000e+01 4.565429687500000000e-02
2.266439208984375000e+02 3.017376708984375000e+01 4.730224609375000000e-02
2.265907592773437500e+02 3.011718750000000000e+01 4.730224609375000000e-02
2.266303710937500000e+02 3.023126220703125000e+01 3.967285156250000000e-02
2.267109375000000000e+02 3.031408691406250000e+01 4.986572265625000000e-02
2.268823852539062500e+02 3.038610839843750000e+01 5.383300781250000000e-02
2.269683837890625000e+02 3.026708984375000000e+01 4.351806640625000000e-02
2.270939331054687500e+02 3.039831542968750000e+01 4.162597656250000000e-02
2.272639160156250000e+02 3.048065185546875000e+01 6.420898437500000000e-02
2.273401489257812500e+02 3.063275146484375000e+01 5.065917968750000000e-02
2.273626708984375000e+02 3.079302978515625000e+01 1.071166992187500000e-01
2.274063110351562500e+02 3.099591064453125000e+01 1.471557617187500000e-01
2.275563354492187500e+02 3.118859863281250000e+01 1.188354492187500000e-01
2.276499633789062500e+02 3.150225830078125000e+01 1.530151367187500000e-01
2.274967041015625000e+02 3.133721923828125000e+01 9.344482421875000000e-02
2.274365844726562500e+02 3.142749023437500000e+01 1.251831054687500000e-01
2.272397460937500000e+02 3.098059082031250000e+01 6.231689453125000000e-02
2.265807495117187500e+02 3.019708251953125000e+01 4.809570312500000000e-02
2.260630493164062500e+02 2.932739257812500000e+01 3.613281250000000000e-02
2.259279785156250000e+02 2.913464355468750000e+01 2.276611328125000000e-02
2.258432617187500000e+02 2.924053955078125000e+01 2.746582031250000000e-02
2.260610961914062500e+02 2.951037597656250000e+01 1.414794921875000000e-01
2.263475952148437500e+02 2.971826171875000000e+01 2.995605468750000000e-01
2.265238037109375000e+02 2.995654296875000000e+01 2.759399414062500000e-01
2.266719360351562500e+02 3.029888916015625000e+01 2.486572265625000000e-01
2.267820434570312500e+02 3.061328125000000000e+01 8.544921875000000000e-02
2.268640747070312500e+02 3.071685791015625000e+01 4.766845703125000000e-02
2.268313598632812500e+02 3.055755615234375000e+01 9.936523437500000000e-02
2.266970214843750000e+02 3.037084960937500000e+01 3.314208984375000000e-02
2.264913940429687500e+02 3.012200927734375000e+01 1.324462890625000000e-02
2.265194091796875000e+02 2.990710449218750000e+01 3.533935546875000000e-02
2.266604614257812500e+02 2.994720458984375000e+01 4.357910156250000000e-02
2.266047363281250000e+02 3.013568115234375000e+01 9.429931640625000000e-02
2.268526611328125000e+02 3.028625488281250000e+01 9.912109375000000000e-02
2.269735107421875000e+02 3.059045410156250000e+01 1.043090820312500000e-01
2.271032714843750000e+02 3.078247070312500000e+01 1.079711914062500000e-01
2.271835327148437500e+02 3.074786376953125000e+01 5.151367187500000000e-02
2.273037109375000000e+02 3.097698974609375000e+01 4.083251953125000000e-02
2.276649169921875000e+02 3.113830566406250000e+01 6.402587890625000000e-02
2.277715454101562500e+02 3.135937500000000000e+01 2.947998046875000000e-02
2.280227661132812500e+02 3.162078857421875000e+01 6.561279296875000000e-02
2.280591430664062500e+02 3.179693603515625000e+01 6.408691406250000000e-02
2.281818847656250000e+02 3.184356689453125000e+01 9.429931640625000000e-02
2.282195434570312500e+02 3.202655029296875000e+01 9.375000000000000000e-02
2.277390747070312500e+02 3.176593017578125000e+01 6.317138671875000000e-02
2.271152343750000000e+02 3.062817382812500000e+01 3.692626953125000000e-02
2.265003662109375000e+02 2.997650146484375000e+01 6.268310546875000000e-02
2.264630126953125000e+02 2.949389648437500000e+01 7.177734375000000000e-02
2.266096801757812500e+02 2.952154541015625000e+01 1.629638671875000000e-02
2.269522094726562500e+02 2.982635498046875000e+01 2.880859375000000000e-02
2.271157836914062500e+02 3.041552734375000000e+01 2.838134765625000000e-02
2.272902832031250000e+02 3.104461669921875000e+01 8.245849609375000000e-02
2.275546875000000000e+02 3.157696533203125000e+01 9.149169921875000000e-02
2.277606201171875000e+02 3.193218994140625000e+01 1.179809570312500000e-01
2.279716796875000000e+02 3.205932617187500000e+01 1.641845703125000000e-01
2.278715209960937500e+02 3.206579589843750000e+01 1.878662109375000000e-01
2.276078491210937500e+02 3.178051757812500000e+01 9.124755859375000000e-02
2.276154174804687500e+02 3.157519531250000000e+01 9.497070312500000000e-02
2.274727172851562500e+02 3.139099121093750000e+01 8.227539062500000000e-02
2.274462890625000000e+02 3.137329101562500000e+01 5.822753906250000000e-02
2.276409301757812500e+02 3.137188720703125000e+01 5.371093750000000000e-02
2.277557373046875000e+02 3.142797851562500000e+01 4.028320312500000000e-02
2.278256225585937500e+02 3.162554931640625000e+01 5.059814453125000000e-02
2.279760131835937500e+02 3.185186767578125000e+01 8.319091796875000000e-02
2.282224731445312500e+02 3.219799804687500000e+01 9.014892578125000000e-02
2.284050903320312500e+02 3.241223144531250000e+01 1.420898437500000000e-01
2.286776733398437500e+02 3.263751220703125000e+01 1.363525390625000000e-01
2.288264770507812500e+02 3.280023193359375000e+01 1.340942382812500000e-01
2.290834350585937500e+02 3.316137695312500000e+01 2.235107421875000000e-01
2.290874023437500000e+02 3.333612060546875000e+01 1.960449218750000000e-01
2.291476440429687500e+02 3.321179199218750000e+01 2.110595703125000000e-01
2.284548339843750000e+02 3.242486572265625000e+01 8.831787109375000000e-02
2.275479125976562500e+02 3.117315673828125000e+01 4.742431640625000000e-02
2.271175537109375000e+02 3.035687255859375000e+01 1.255493164062500000e-01
2.271207275390625000e+02 3.017681884765625000e+01 4.455566406250000000e-02
2.271954956054687500e+02 3.046038818359375000e+01 4.071044921875000000e-02
2.273820190429687500e+02 3.093109130859375000e+01 3.479003906250000000e-02
2.276395263671875000e+02 3.124328613281250000e+01 4.785156250000000000e-02
2.278892822265625000e+02 3.182507324218750000e+01 6.085205078125000000e-02
2.282608642578125000e+02 3.206903076171875000e+01 4.089355468750000000e-02
2.284428710937500000e+02 3.270288085937500000e+01 9.368896484375000000e-02
2.286410522460937500e+02 3.263604736328125000e+01 9.234619140625000000e-02
2.284982910156250000e+02 3.262762451171875000e+01 1.009521484375000000e-01
2.282314453125000000e+02 3.246716308593750000e+01 9.429931640625000000e-02
2.281098632812500000e+02 3.207849121093750000e+01 8.581542968750000000e-02
2.280825805664062500e+02 3.195050048828125000e+01 8.044433593750000000e-02
2.280729370117187500e+02 3.206219482421875000e+01 7.525634765625000000e-02
2.283095092773437500e+02 3.216857910156250000e+01 1.014404296875000000e-01
2.283511352539062500e+02 3.240179443359375000e+01 1.481933593750000000e-01
2.285067138671875000e+02 3.241400146484375000e+01 1.042480468750000000e-01
2.287292480468750000e+02 3.271423339843750000e+01 1.190185546875000000e-01
2.289033813476562500e+02 3.295495605468750000e+01 1.236572265625000000e-01
2.291380004882812500e+02 3.331604003906250000e+01 1.769409179687500000e-01
2.292492065429687500e+02 3.357464599609375000e+01 1.439819335937500000e-01
2.292767333984375000e+02 3.353857421875000000e+01 1.593017578125000000e-01
2.293503417968750000e+02 3.353399658203125000e+01 1.870117187500000000e-01
2.289240722656250000e+02 3.282153320312500000e+01 1.511230468750000000e-01
2.279403686523437500e+02 3.159246826171875000e+01 1.124267578125000000e-01
2.273699951171875000e+02 3.083245849609375000e+01 1.708984375000000000e-02
2.271801757812500000e+02 3.038525390625000000e+01 7.312011718750000000e-02
2.272182617187500000e+02 3.050476074218750000e+01 4.772949218750000000e-02
2.273983154296875000e+02 3.106732177734375000e+01 4.150390625000000000e-02
2.275527954101562500e+02 3.128369140625000000e+01 4.132080078125000000e-02
2.277753906250000000e+02 3.183221435546875000e+01 5.804443359375000000e-02
2.280515747070312500e+02 3.209490966796875000e+01 4.870605468750000000e-02
2.281985473632812500e+02 3.226202392578125000e+01 6.842041015625000000e-02
2.284602661132812500e+02 3.275622558593750000e+01 1.090698242187500000e-01
2.283937377929687500e+02 3.264544677734375000e+01 1.130981445312500000e-01
2.281718139648437500e+02 3.210961914062500000e+01 7.263183593750000000e-02
2.279424438476562500e+02 3.201739501953125000e+01 5.932617187500000000e-02
2.279093627929687500e+02 3.181127929687500000e+01 5.963134765625000000e-02
2.279672851562500000e+02 3.163159179687500000e+01 5.706787109375000000e-02
2.280386962890625000e+02 3.174456787109375000e+01 7.232666015625000000e-02
2.281340942382812500e+02 3.206719970703125000e+01 7.519531250000000000e-02
2.281911621093750000e+02 3.211596679687500000e+01 7.531738281250000000e-02
2.283473510742187500e+02 3.216967773437500000e+01 6.738281250000000000e-02
2.284375610351562500e+02 3.222406005859375000e+01 7.696533203125000000e-02
2.285454711914062500e+02 3.254138183593750000e+01 9.521484375000000000e-03
2.286326293945312500e+02 3.256097412109375000e+01 5.737304687500000000e-02
2.287931518554687500e+02 3.294787597656250000e+01 7.928466796875000000e-02
2.287245483398437500e+02 3.266430664062500000e+01 8.215332031250000000e-02
2.280354003906250000e+02 3.168731689453125000e+01 2.203369140625000000e-02
2.271945190429687500e+02 3.067901611328125000e+01 5.072021484375000000e-02
2.269441528320312500e+02 3.013366699218750000e+01 2.734375000000000000e-02
2.267932739257812500e+02 3.010638427734375000e+01 1.641845703125000000e-02
2.269306030273437500e+02 3.052185058593750000e+01 2.990722656250000000e-02
2.270328369140625000e+02 3.114691162109375000e+01 3.234863281250000000e-02
2.272429809570312500e+02 3.161297607421875000e+01 6.951904296875000000e-02
2.275136108398437500e+02 3.197119140625000000e+01 1.091308593750000000e-01
2.276530151367187500e+02 3.226837158203125000e+01 1.174316406250000000e-01
2.278955078125000000e+02 3.242968750000000000e+01 8.734130859375000000e-02
2.281179809570312500e+02 3.234863281250000000e+01 1.364746093750000000e-01
2.280795288085937500e+02 3.218878173828125000e+01 1.596069335937500000e-01
2.278699340820312500e+02 3.150256347656250000e+01 1.795654296875000000e-01
2.277406616210937500e+02 3.149822998046875000e+01 1.243896484375000000e-01
2.277490844726562500e+02 3.126403808593750000e+01 1.677246093750000000e-01
2.278234252929687500e+02 3.129962158203125000e+01 3.643798828125000000e-02
2.278491210937500000e+02 3.157781982421875000e+01 3.790283203125000000e-02
2.278720092773437500e+02 3.161267089843750000e+01 5.737304687500000000e-02
2.280132446289062500e+02 3.193084716796875000e+01 8.605957031250000000e-02
2.281881103515625000e+02 3.213403320312500000e+01 8.312988281250000000e-02
2.283772583007812500e+02 3.235498046875000000e+01 8.245849609375000000e-02
2.284440307617187500e+02 3.243334960937500000e+01 8.453369140625000000e-02
2.286078491210937500e+02 3.244195556640625000e+01 1.177978515625000000e-01
2.287119750976562500e+02 3.254943847656250000e+01 1.210327148437500000e-01
2.283071899414062500e+02 3.221667480468750000e+01 7.885742187500000000e-02
2.275164794921875000e+02 3.137579345703125000e+01 7.666015625000000000e-02
2.270653076171875000e+02 3.056915283203125000e+01 6.250000000000000000e-02
2.266957397460937500e+02 3.014373779296875000e+01 3.930664062500000000e-02
2.267602539062500000e+02 3.030096435546875000e+01 5.267333984375000000e-02
2.269697875976562500e+02 3.055151367187500000e+01 1.959228515625000000e-02
2.270916748046875000e+02 3.087622070312500000e+01 6.213378906250000000e-02
2.272779541015625000e+02 3.112084960937500000e+01 8.605957031250000000e-02
2.274352416992187500e+02 3.115899658203125000e+01 5.230712890625000000e-02
2.276390380859375000e+02 3.146398925781250000e+01 9.564208984375000000e-02
2.277016601562500000e+02 3.163226318359375000e+01 7.403564453125000000e-02
2.276480102539062500e+02 3.166894531250000000e+01 1.316528320312500000e-01
2.275045166015625000e+02 3.172094726562500000e+01 9.423828125000000000e-02
2.273436279296875000e+02 3.151580810546875000e+01 8.917236328125000000e-02
2.272979125976562500e+02 3.155670166015625000e+01 1.704101562500000000e-01
2.273034057617187500e+02 3.156604003906250000e+01 1.286621093750000000e-01
2.274871215820312500e+02 3.159710693359375000e+01 2.381591796875000000e-01
2.275497436523437500e+02 3.182360839843750000e+01 1.276245117187500000e-01
2.275654907226562500e+02 3.209606933593750000e+01 2.115478515625000000e-01
2.276958007812500000e+02 3.221911621093750000e+01 2.312622070312500000e-01
2.277319946289062500e+02 3.229656982421875000e+01 1.618652343750000000e-01
2.279791870117187500e+02 3.239758300781250000e+01 9.259033203125000000e-02
2.281439208984375000e+02 3.239306640625000000e+01 1.333007812500000000e-01
2.281557617187500000e+02 3.238543701171875000e+01 8.233642578125000000e-02
2.282831420898437500e+02 3.243243408203125000e+01 9.594726562500000000e-02
2.278344726562500000e+02 3.192706298828125000e+01 6.719970703125000000e-02
2.271777343750000000e+02 3.054010009765625000e+01 1.031494140625000000e-02
2.268374023437500000e+02 2.994122314453125000e+01 7.995605468750000000e-03
2.266040649414062500e+02 2.960083007812500000e+01 1.831054687500000000e-02
2.266362304687500000e+02 2.954193115234375000e+01 2.264404296875000000e-02
2.267982177734375000e+02 2.995031738281250000e+01 2.416992187500000000e-02
2.268063354492187500e+02 3.025933837890625000e+01 2.343750000000000000e-02
2.270608520507812500e+02 3.066284179687500000e+01 2.282714843750000000e-02
2.272467651367187500e+02 3.098864746093750000e+01 5.279541015625000000e-02
2.273731689453125000e+02 3.130871582031250000e+01 2.990722656250000000e-02
2.275030517578125000e+02 3.153533935546875000e+01 8.154296875000000000e-02
2.274567871093750000e+02 3.140136718750000000e+01 1.323242187500000000e-01
2.273185424804687500e+02 3.128918457031250000e+01 1.128540039062500000e-01
2.271842041015625000e+02 3.109783935546875000e+01 5.590820312500000000e-02
2.271625366210937500e+02 3.105065917968750000e+01 7.623291015625000000e-02
2.272190551757812500e+02 3.091326904296875000e+01 1.377563476562500000e-01
2.272633666992187500e+02 3.110339355468750000e+01 2.082519531250000000e-01
2.275397338867187500e+02 3.126849365234375000e+01 1.740722656250000000e-01
2.276359863281250000e+02 3.125579833984375000e+01 1.973876953125000000e-01
2.278195190429687500e+02 3.153735351562500000e+01 2.266235351562500000e-01
2.278084106445312500e+02 3.181896972656250000e+01 1.448974609375000000e-01
2.279218750000000000e+02 3.222161865234375000e+01 1.580200195312500000e-01
2.279596557617187500e+02 3.226391601562500000e+01 6.768798828125000000e-02
2.280416870117187500e+02 3.230584716796875000e+01 6.695556640625000000e-02
2.281192626953125000e+02 3.232720947265625000e+01 7.122802734375000000e-02
2.279590454101562500e+02 3.234466552734375000e+01 6.500244140625000000e-02
2.274970703125000000e+02 3.171740722656250000e+01 1.159667968750000000e-01
2.266930541992187500e+02 3.077844238281250000e+01 6.982421875000000000e-02
2.264010009765625000e+02 3.037744140625000000e+01 6.329345703125000000e-02
2.263095703125000000e+02 3.005963134765625000e+01 1.129760742187500000e-01
2.264572143554687500e+02 3.003021240234375000e+01 4.956054687500000000e-02
2.265303955078125000e+02 3.017547607421875000e+01 1.123046875000000000e-02
2.267760620117187500e+02 3.033880615234375000e+01 1.147460937500000000e-02
2.270300903320312500e+02 3.050878906250000000e+01 2.825927734375000000e-02
2.271249389648437500e+02 3.086846923828125000e+01 2.404785156250000000e-02
2.272828979492187500e+02 3.115832519531250000e+01 6.170654296875000000e-02
2.273041992187500000e+02 3.123406982421875000e+01 9.765625000000000000e-02
2.272811279296875000e+02 3.108435058593750000e+01 1.333618164062500000e-01
2.270795288085937500e+02 3.097985839843750000e+01 8.612060546875000000e-02
2.269622802734375000e+02 3.087176513671875000e+01 8.251953125000000000e-02
2.269323120117187500e+02 3.075347900390625000e+01 6.964111328125000000e-02
2.269818115234375000e+02 3.069927978515625000e+01 1.225585937500000000e-01
2.272047119140625000e+02 3.099200439453125000e+01 1.139526367187500000e-01
2.272150878906250000e+02 3.107385253906250000e+01 6.030273437500000000e-02
2.272924804687500000e+02 3.121722412109375000e+01 7.781982421875000000e-02
2.274441528320312500e+02 3.123492431640625000e+01 5.566406250000000000e-02
2.274933471679687500e+02 3.145672607421875000e+01 9.387207031250000000e-02
2.275844726562500000e+02 3.159899902343750000e+01 1.167602539062500000e-01
2.276184082031250000e+02 3.175280761718750000e+01 1.041259765625000000e-01
2.276915893554687500e+02 3.191076660156250000e+01 4.901123046875000000e-02
2.278006591796875000e+02 3.206628417968750000e+01 8.789062500000000000e-02
2.279110717773437500e+02 3.192401123046875000e+01 1.060791015625000000e-01
2.277404174804687500e+02 3.137200927734375000e+01 7.788085937500000000e-02
2.270521240234375000e+02 3.041473388671875000e+01 5.340576171875000000e-02
2.265869750976562500e+02 2.941998291015625000e+01 6.530761718750000000e-03
2.260273437500000000e+02 2.924426269531250000e+01 2.954101562500000000e-02
2.259616088867187500e+02 2.942877197265625000e+01 2.966308593750000000e-02
2.260914916992187500e+02 3.000671386718750000e+01 3.350830078125000000e-02
2.263011474609375000e+02 3.033612060546875000e+01 4.217529296875000000e-02
2.264417114257812500e+02 3.053991699218750000e+01 4.486083984375000000e-02
2.266555175781250000e+02 3.070227050781250000e+01 7.830810546875000000e-02
2.267868041992187500e+02 3.075769042968750000e+01 3.332519531250000000e-02
2.267994384765625000e+02 3.090051269531250000e+01 3.613281250000000000e-02
2.267966308593750000e+02 3.096569824218750000e+01 4.827880859375000000e-02
2.267709960937500000e+02 3.070635986328125000e+01 4.718017578125000000e-02
2.267237548828125000e+02 3.063739013671875000e+01 2.227783203125000000e-02
2.265240478515625000e+02 3.050750732421875000e+01 1.330566406250000000e-02
2.264555053710937500e+02 3.051171875000000000e+01 9.155273437500000000e-03
2.266129150390625000e+02 3.049884033203125000e+01 1.599121093750000000e-02
2.267931518554687500e+02 3.078662109375000000e+01 1.562500000000000000e-02
2.267463989257812500e+02 3.087048339843750000e+01 2.532958984375000000e-02
2.269286499023437500e+02 3.104321289062500000e+01 3.607177734375000000e-02
2.271350097656250000e+02 3.141937255859375000e+01 4.925537109375000000e-02
2.272391967773437500e+02 3.148303222656250000e+01 5.609130859375000000e-02
2.273530883789062500e+02 3.188098144531250000e+01 6.347656250000000000e-02
2.275294189453125000e+02 3.185717773437500000e+01 6.665039062500000000e-02
2.276188354492187500e+02 3.218084716796875000e+01 7.788085937500000000e-02
2.276475830078125000e+02 3.207965087890625000e+01 6.567382812500000000e-02
2.277280883789062500e+02 3.195092773437500000e+01 5.505371093750000000e-02
2.278272094726562500e+02 3.199206542968750000e+01 5.761718750000000000e-02
2.273436279296875000e+02 3.130035400390625000e+01 3.125000000000000000e-02
2.265510864257812500e+02 3.040051269531250000e+01 1.550292968750000000e-02
2.261613159179687500e+02 2.970941162109375000e+01 7.751464843750000000e-03
2.261715087890625000e+02 2.938110351562500000e+01 1.617431640625000000e-02
2.261335449218750000e+02 2.972174072265625000e+01 1.611328125000000000e-02
2.262949829101562500e+02 3.007092285156250000e+01 1.147460937500000000e-02
2.267285766601562500e+02 3.032391357421875000e+01 2.392578125000000000e-02
2.269131469726562500e+02 3.072430419921875000e+01 6.384277343750000000e-02
2.269934082031250000e+02 3.105340576171875000e+01 7.031250000000000000e-02
2.270927734375000000e+02 3.113793945312500000e+01 5.883789062500000000e-02
2.271649780273437500e+02 3.120172119140625000e+01 3.802490234375000000e-02
2.270380859375000000e+02 3.097894287109375000e+01 5.603027343750000000e-02
2.270153808593750000e+02 3.091430664062500000e+01 3.778076171875000000e-02
2.268001098632812500e+02 3.073815917968750000e+01 2.917480468750000000e-02
2.267489624023437500e+02 3.044671630859375000e+01 2.850341796875000000e-02
2.269066162109375000e+02 3.054254150390625000e+01 2.893066406250000000e-02
2.270683593750000000e+02 3.078503417968750000e+01 4.492187500000000000e-02
2.271654663085937500e+02 3.091687011718750000e+01 2.459716796875000000e-02
2.271773071289062500e+02 3.105151367187500000e+01 5.316162109375000000e-02
2.272319946289062500e+02 3.146588134765625000e+01 5.383300781250000000e-02
2.273872680664062500e+02 3.159197998046875000e+01 7.897949218750000000e-02
2.275033569335937500e+02 3.171209716796875000e+01 8.489990234375000000e-02
2.277445678710937500e+02 3.184515380859375000e+01 9.234619140625000000e-02
2.277474975585937500e+02 3.201593017578125000e+01 5.120849609375000000e-02
2.278319091796875000e+02 3.210748291015625000e+01 6.311035156250000000e-02
2.278850708007812500e+02 3.218811035156250000e+01 6.610107421875000000e-02
2.278364868164062500e+02 3.217504882812500000e+01 1.216430664062500000e-01
2.272227783203125000e+02 3.137878417968750000e+01 1.037597656250000000e-01
2.266744995117187500e+02 3.043786621093750000e+01 5.712890625000000000e-02
2.264067993164062500e+02 3.001971435546875000e+01 7.885742187500000000e-02
2.262807617187500000e+02 2.984667968750000000e+01 6.005859375000000000e-02
2.263650512695312500e+02 3.004376220703125000e+01 6.225585937500000000e-03
2.267101440429687500e+02 3.039593505859375000e+01 1.257324218750000000e-02
2.268567504882812500e+02 3.061663818359375000e+01 1.641845703125000000e-02
2.270395507812500000e+02 3.096368408203125000e+01 3.350830078125000000e-02
2.271649780273437500e+02 3.148120117187500000e+01 4.370117187500000000e-02
2.273749389648437500e+02 3.172985839843750000e+01 4.406738281250000000e-02
2.275566406250000000e+02 3.167944335937500000e+01 5.328369140625000000e-02
2.274360351562500000e+02 3.154589843750000000e+01 6.414794921875000000e-02
2.272079467773437500e+02 3.146044921875000000e+01 6.231689453125000000e-02
2.272173461914062500e+02 3.135845947265625000e+01 3.991699218750000000e-02
2.270931396484375000e+02 3.123278808593750000e+01 3.790283203125000000e-02
2.271199340820312500e+02 3.123364257812500000e+01 3.796386718750000000e-02
2.271935424804687500e+02 3.143133544921875000e+01 4.803466796875000000e-02
2.272915649414062500e+02 3.156335449218750000e+01 4.968261718750000000e-02
2.274543457031250000e+02 3.174011230468750000e+01 3.704833984375000000e-02
2.276351318359375000e+02 3.182324218750000000e+01 3.930664062500000000e-02
2.277150878906250000e+02 3.195507812500000000e+01 2.532958984375000000e-02
2.279117431640625000e+02 3.209490966796875000e+01 4.644775390625000000e-02
2.280687255859375000e+02 3.228527832031250000e+01 6.988525390625000000e-02
2.280758056640625000e+02 3.249114990234375000e+01 9.167480468750000000e-02
2.281940307617187500e+02 3.259997558593750000e+01 8.642578125000000000e-02
2.282849121093750000e+02 3.272863769531250000e+01 1.477050781250000000e-01
2.279210205078125000e+02 3.219879150390625000e+01 9.558105468750000000e-02
2.271648559570312500e+02 3.123510742187500000e+01 6.213378906250000000e-02
2.267556762695312500e+02 3.053717041015625000e+01 5.145263671875000000e-02
2.264802246093750000e+02 2.994891357421875000e+01 1.696777343750000000e-02
2.266433715820312500e+02 3.000903320312500000e+01 2.453613281250000000e-02
2.268639526367187500e+02 3.017962646484375000e+01 3.326416015625000000e-02
2.271496582031250000e+02 3.045031738281250000e+01 2.209472656250000000e-02
2.271755981445312500e+02 3.101507568359375000e+01 3.833007812500000000e-02
2.273037109375000000e+02 3.135546875000000000e+01 3.741455078125000000e-02
2.274093017578125000e+02 3.161920166015625000e+01 2.667236328125000000e-02
2.275415649414062500e+02 3.180963134765625000e+01 6.182861328125000000e-02
2.275527343750000000e+02 3.184466552734375000e+01 4.785156250000000000e-02
2.274582519531250000e+02 3.171893310546875000e+01 5.218505859375000000e-02
2.273698730468750000e+02 3.162799072265625000e+01 1.099243164062500000e-01
2.272454833984375000e+02 3.130151367187500000e+01 9.509277343750000000e-02
2.273436279296875000e+02 3.123217773437500000e+01 1.098022460937500000e-01
2.274443969726562500e+02 3.143707275390625000e+01 9.210205078125000000e-02
2.274629516601562500e+02 3.145855712890625000e+01 9.179687500000000000e-02
2.276342163085937500e+02 3.164135742187500000e+01 1.026611328125000000e-01
2.277249145507812500e+02 3.189117431640625000e+01 1.076660156250000000e-01
2.278746337890625000e+02 3.202642822265625000e+01 9.759521484375000000e-02
2.279032592773437500e+02 3.234735107421875000e+01 5.200195312500000000e-02
2.281398315429687500e+02 3.277435302734375000e+01 1.531982421875000000e-01
2.281964721679687500e+02 3.308416748046875000e+01 1.112060546875000000e-01
2.281848144531250000e+02 3.323956298828125000e+01 1.087646484375000000e-01
2.283397216796875000e+02 3.313500976562500000e+01 1.176757812500000000e-01
2.282082519531250000e+02 3.284344482421875000e+01 1.351928710937500000e-01
2.274501342773437500e+02 3.177990722656250000e+01 2.313232421875000000e-02
2.268705444335937500e+02 3.062188720703125000e+01 5.023193359375000000e-02
2.265899658203125000e+02 3.018780517578125000e+01 1.751708984375000000e-02
2.266045532226562500e+02 3.008172607421875000e+01 2.056884765625000000e-02
2.268784790039062500e+02 3.019830322265625000e+01 3.674316406250000000e-02
2.270125122070312500e+02 3.073126220703125000e+01 4.071044921875000000e-02
2.272159423828125000e+02 3.135693359375000000e+01 3.521728515625000000e-02
2.274606933593750000e+02 3.173614501953125000e+01 4.351806640625000000e-02
2.276519165039062500e+02 3.188500976562500000e+01 5.468750000000000000e-02
2.277539672851562500e+02 3.200018310546875000e+01 5.786132812500000000e-02
2.278131713867187500e+02 3.216497802734375000e+01 6.170654296875000000e-02
2.277643432617187500e+02 3.197003173828125000e+01 3.063964843750000000e-02
2.275877685546875000e+02 3.175592041015625000e+01 1.507568359375000000e-02
2.275939331054687500e+02 3.166662597656250000e+01 3.601074218750000000e-02
2.275362548828125000e+02 3.162622070312500000e+01 1.818847656250000000e-02
2.276180419921875000e+02 3.161798095703125000e+01 5.664062500000000000e-02
2.277005615234375000e+02 3.170404052734375000e+01 9.588623046875000000e-02
2.279675903320312500e+02 3.191082763671875000e+01 1.635131835937500000e-01
2.281403808593750000e+02 3.214501953125000000e+01 1.924438476562500000e-01
2.282625732421875000e+02 3.265600585937500000e+01 1.762084960937500000e-01
2.282960815429687500e+02 3.276068115234375000e+01 8.081054687500000000e-02
2.283734741210937500e+02 3.276861572265625000e+01 7.055664062500000000e-02
2.285579833984375000e+02 3.305737304687500000e+01 5.035400390625000000e-02
2.286387329101562500e+02 3.308392333984375000e+01 3.112792968750000000e-02
2.287327880859375000e+02 3.322155761718750000e+01 1.044311523437500000e-01
2.286395874023437500e+02 3.296789550781250000e+01 9.661865234375000000e-02
2.281374511718750000e+02 3.178369140625000000e+01 8.709716796875000000e-02
2.272969970703125000e+02 3.081512451171875000e+01 5.694580078125000000e-02
2.270207519531250000e+02 3.012054443359375000e+01 1.739501953125000000e-02
2.269639282226562500e+02 3.000476074218750000e+01 1.177978515625000000e-02
2.269619140625000000e+02 3.045996093750000000e+01 1.776123046875000000e-02
2.270394287109375000e+02 3.105786132812500000e+01 6.384277343750000000e-02
2.272573852539062500e+02 3.150213623046875000e+01 2.691650390625000000e-02
2.272897338867187500e+02 3.201379394531250000e+01 4.986572265625000000e-02
2.275031127929687500e+02 3.244421386718750000e+01 4.205322265625000000e-02
2.278366699218750000e+02 3.247900390625000000e+01 6.298828125000000000e-02
2.278765869140625000e+02 3.258587646484375000e+01 1.152343750000000000e-01
2.278462524414062500e+02 3.253051757812500000e+01 1.024169921875000000e-01
2.277355957031250000e+02 3.229077148437500000e+01 1.290893554687500000e-01
2.275900268554687500e+02 3.194146728515625000e+01 1.431274414062500000e-01
2.273399047851562500e+02 3.177355957031250000e+01 7.061767578125000000e-02
2.273217163085937500e+02 3.180419921875000000e+01 6.506347656250000000e-02
2.274487304687500000e+02 3.184826660156250000e+01 4.992675781250000000e-02
2.276455078125000000e+02 3.207086181640625000e+01 5.749511718750000000e-02
2.278051147460937500e+02 3.202484130859375000e+01 6.231689453125000000e-02
2.278386230468750000e+02 3.203271484375000000e+01 1.031494140625000000e-02
2.280056762695312500e+02 3.213555908203125000e+01 1.995849609375000000e-02
2.281795043945312500e+02 3.244885253906250000e+01 2.392578125000000000e-02
2.283998413085937500e+02 3.273114013671875000e+01 2.246093750000000000e-02
2.284006347656250000e+02 3.277117919921875000e+01 2.197265625000000000e-02
2.285186767578125000e+02 3.268304443359375000e+01 3.344726562500000000e-02
2.284536132812500000e+02 3.273852539062500000e+01 9.405517578125000000e-02
2.279025878906250000e+02 3.160516357421875000e+01 4.272460937500000000e-04
2.271396484375000000e+02 3.067120361328125000e+01 1.336669921875000000e-02
2.268625488281250000e+02 2.994427490234375000e+01 1.568603515625000000e-02
2.265241699218750000e+02 3.016796875000000000e+01 2.087402343750000000e-02
2.264145507812500000e+02 3.045428466796875000e+01 7.623291015625000000e-02
2.266577148437500000e+02 3.091687011718750000e+01 5.786132812500000000e-02
2.269801025390625000e+02 3.119073486328125000e+01 5.621337890625000000e-02
2.270825195312500000e+02 3.164801025390625000e+01 9.985351562500000000e-02
2.273571166992187500e+02 3.181561279296875000e+01 6.762695312500000000e-02
2.275043945312500000e+02 3.196636962890625000e+01 8.172607421875000000e-02
2.274977416992187500e+02 3.227282714843750000e+01 1.125488281250000000e-01
2.274591674804687500e+02 3.198779296875000000e+01 6.298828125000000000e-02
2.273032226562500000e+02 3.188995361328125000e+01 4.046630859375000000e-02
2.271071166992187500e+02 3.140985107421875000e+01 3.063964843750000000e-02
2.272382202148437500e+02 3.127343750000000000e+01 4.980468750000000000e-02
2.271540527343750000e+02 3.115850830078125000e+01 3.240966796875000000e-02
2.275153198242187500e+02 3.134893798828125000e+01 5.456542968750000000e-02
2.275854492187500000e+02 3.161212158203125000e+01 5.450439453125000000e-02
2.277002563476562500e+02 3.180676269531250000e+01 4.315185546875000000e-02
2.277922363281250000e+02 3.194940185546875000e+01 4.394531250000000000e-02
2.279970703125000000e+02 3.206652832031250000e+01 5.743408203125000000e-02
2.280103149414062500e+02 3.228076171875000000e+01 1.031494140625000000e-02
2.279340820312500000e+02 3.237799072265625000e+01 6.091308593750000000e-02
2.282075805664062500e+02 3.267797851562500000e+01 1.098632812500000000e-01
2.283001708984375000e+02 3.278515625000000000e+01 8.917236328125000000e-02
2.282994995117187500e+02 3.273992919921875000e+01 1.044921875000000000e-01
2.279218750000000000e+02 3.256475830078125000e+01 9.497070312500000000e-02
2.270815429687500000e+02 3.129327392578125000e+01 5.975341796875000000e-02
2.265871582031250000e+02 3.041333007812500000e+01 3.094482421875000000e-02
2.261992187500000000e+02 3.020782470703125000e+01 2.764892578125000000e-02
2.261975708007812500e+02 3.030859375000000000e+01 2.813720703125000000e-02
2.264978637695312500e+02 3.071527099609375000e+01 4.553222656250000000e-02
2.267585449218750000e+02 3.092010498046875000e+01 5.468750000000000000e-02
2.269188232421875000e+02 3.110150146484375000e+01 3.179931640625000000e-02
2.272744750976562500e+02 3.120471191406250000e+01 2.160644531250000000e-02
2.274859008789062500e+02 3.153991699218750000e+01 4.418945312500000000e-02
2.276530151367187500e+02 3.191094970703125000e+01 5.584716796875000000e-02
2.276414794921875000e+02 3.191284179687500000e+01 7.049560546875000000e-02
2.274566650390625000e+02 3.174993896484375000e+01 6.127929687500000000e-02
2.272451782226562500e+02 3.148010253906250000e+01 6.311035156250000000e-02
2.273128662109375000e+02 3.143475341796875000e+01 6.976318359375000000e-02
2.273010253906250000e+02 3.138842773437500000e+01 8.654785156250000000e-02
2.274003906250000000e+02 3.135833740234375000e+01 6.256103515625000000e-02
2.274225463867187500e+02 3.184790039062500000e+01 1.129150390625000000e-01
2.274588623046875000e+02 3.211126708984375000e+01 1.082153320312500000e-01
2.276324462890625000e+02 3.241516113281250000e+01 6.811523437500000000e-02
2.277827148437500000e+02 3.255126953125000000e+01 7.122802734375000000e-02
2.278301391601562500e+02 3.267291259765625000e+01 1.254272460937500000e-01
2.279659423828125000e+02 3.274578857421875000e+01 8.435058593750000000e-02
2.280088500976562500e+02 3.282214355468750000e+01 8.435058593750000000e-02
2.281106567382812500e+02 3.279345703125000000e+01 6.604003906250000000e-02
2.282276000976562500e+02 3.268731689453125000e+01 3.662109375000000000e-04
2.279782714843750000e+02 3.248522949218750000e+01 1.257324218750000000e-02
2.272731323242187500e+02 3.171191406250000000e+01 1.989746093750000000e-02
2.264620971679687500e+02 3.065985107421875000e+01 4.113769531250000000e-02
2.262183837890625000e+02 3.043859863281250000e+01 4.187011718750000000e-02
2.260703735351562500e+02 3.039099121093750000e+01 3.283691406250000000e-02
2.262499389648437500e+02 3.025164794921875000e+01 2.307128906250000000e-02
2.265448608398437500e+02 3.055963134765625000e+01 4.852294921875000000e-02
2.266878051757812500e+02 3.086444091796875000e+01 3.784179687500000000e-02
2.269277954101562500e+02 3.105468750000000000e+01 2.893066406250000000e-02
2.272037963867187500e+02 3.131109619140625000e+01 3.240966796875000000e-02
2.272540893554687500e+02 3.155731201171875000e+01 3.308105468750000000e-02
2.272757568359375000e+02 3.159289550781250000e+01 5.725097656250000000e-02
2.271754760742187500e+02 3.141809082031250000e+01 7.031250000000000000e-02
2.270855712890625000e+02 3.116363525390625000e+01 5.224609375000000000e-02
2.269429321289062500e+02 3.103167724609375000e+01 6.188964843750000000e-02
2.270477905273437500e+02 3.094348144531250000e+01 6.481933593750000000e-02
2.271713867187500000e+02 3.098272705078125000e+01 7.556152343750000000e-02
2.271286010742187500e+02 3.105596923828125000e+01 2.410888671875000000e-02
2.271882934570312500e+02 3.107403564453125000e+01 6.146240234375000000e-02
2.273408203125000000e+02 3.132049560546875000e+01 4.180908203125000000e-02
2.274618530273437500e+02 3.156542968750000000e+01 3.808593750000000000e-02
2.275762329101562500e+02 3.172747802734375000e+01 5.285644531250000000e-02
2.277191772460937500e+02 3.201824951171875000e+01 5.651855468750000000e-02
2.278869628906250000e+02 3.216558837890625000e+01 5.810546875000000000e-02
2.279650268554687500e+02 3.223803710937500000e+01 5.023193359375000000e-02
2.279890747070312500e+02 3.233093261718750000e+01 7.659912109375000000e-02
2.279669799804687500e+02 3.229412841796875000e+01 6.958007812500000000e-02
2.276436767578125000e+02 3.195526123046875000e+01 4.992675781250000000e-02
2.267622680664062500e+02 3.083917236328125000e+01 5.584716796875000000e-02
2.261757202148437500e+02 2.994390869140625000e+01 4.516601562500000000e-03
2.259545898437500000e+02 2.958630371093750000e+01 1.629638671875000000e-02
2.260319824218750000e+02 2.962908935546875000e+01 5.767822265625000000e-02
2.259518432617187500e+02 3.001458740234375000e+01 4.473876953125000000e-02
2.262748413085937500e+02 3.031756591796875000e+01 1.733398437500000000e-02
2.265441284179687500e+02 3.066308593750000000e+01 6.268310546875000000e-02
2.266648559570312500e+02 3.088281250000000000e+01 5.761718750000000000e-02
2.267169799804687500e+02 3.102160644531250000e+01 4.266357421875000000e-02
2.267823486328125000e+02 3.119067382812500000e+01 2.648925781250000000e-02
2.265509643554687500e+02 3.132458496093750000e+01 2.044677734375000000e-02
2.266036376953125000e+02 3.118249511718750000e+01 1.373291015625000000e-02
2.263895263671875000e+02 3.108349609375000000e+01 3.149414062500000000e-02
2.264182739257812500e+02 3.062145996093750000e+01 2.349853515625000000e-02
2.263557128906250000e+02 3.051000976562500000e+01 1.977539062500000000e-02
2.265099487304687500e+02 3.050244140625000000e+01 1.635742187500000000e-02
2.265389404296875000e+02 3.054052734375000000e+01 1.263427734375000000e-02
2.266209106445312500e+02 3.056829833984375000e+01 4.699707031250000000e-03
2.267612915039062500e+02 3.088903808593750000e+01 3.814697265625000000e-02
2.268111572265625000e+02 3.111291503906250000e+01 5.694580078125000000e-02
2.268168945312500000e+02 3.128204345703125000e+01 7.501220703125000000e-02
2.269124755859375000e+02 3.148492431640625000e+01 6.744384765625000000e-02
2.269719848632812500e+02 3.148010253906250000e+01 8.422851562500000000e-02
2.270331420898437500e+02 3.161279296875000000e+01 7.592773437500000000e-02
2.271860961914062500e+02 3.171466064453125000e+01 1.012573242187500000e-01
2.272713012695312500e+02 3.181243896484375000e+01 7.336425781250000000e-02
2.269868774414062500e+02 3.134375000000000000e+01 4.937744140625000000e-02
2.262729492187500000e+02 3.025738525390625000e+01 5.877685546875000000e-02
2.256278076171875000e+02 2.945874023437500000e+01 4.028320312500000000e-03
2.254525756835937500e+02 2.918395996093750000e+01 6.408691406250000000e-03
2.254223022460937500e+02 2.927789306640625000e+01 3.051757812500000000e-03
2.255710449218750000e+02 2.941265869140625000e+01 1.245117187500000000e-02
2.258738403320312500e+02 2.965930175781250000e+01 4.516601562500000000e-03
2.261057128906250000e+02 3.030120849609375000e+01 1.293945312500000000e-02
2.263590087890625000e+02 3.070440673828125000e+01 1.159667968750000000e-02
2.264623413085937500e+02 3.114593505859375000e+01 4.272460937500000000e-02
2.265662841796875000e+02 3.127368164062500000e+01 1.434326171875000000e-02
2.265155029296875000e+02 3.119946289062500000e+01 8.160400390625000000e-02
2.263032226562500000e+02 3.080938720703125000e+01 2.868652343750000000e-02
2.261343383789062500e+02 3.024945068359375000e+01 7.141113281250000000e-03
2.260036010742187500e+02 3.035699462890625000e+01 1.422119140625000000e-02
2.259620971679687500e+02 3.015704345703125000e+01 9.216308593750000000e-03
2.260781860351562500e+02 3.042559814453125000e+01 1.361083984375000000e-02
2.263165893554687500e+02 3.062756347656250000e+01 1.715087890625000000e-02
2.265004882812500000e+02 3.078784179687500000e+01 1.568603515625000000e-02
2.267086181640625000e+02 3.077062988281250000e+01 2.880859375000000000e-02
2.267739257812500000e+02 3.106579589843750000e+01 3.143310546875000000e-02
2.267402343750000000e+02 3.111364746093750000e+01 2.679443359375000000e-02
2.268096313476562500e+02 3.126641845703125000e+01 2.215576171875000000e-02
2.269732666015625000e+02 3.149462890625000000e+01 5.804443359375000000e-02
2.270566406250000000e+02 3.138989257812500000e+01 2.038574218750000000e-02
2.270828857421875000e+02 3.147692871093750000e+01 3.723144531250000000e-02
2.271250000000000000e+02 3.146398925781250000e+01 4.168701171875000000e-02
2.266883544921875000e+02 3.077478027343750000e+01 3.930664062500000000e-02
2.258840942382812500e+02 2.968109130859375000e+01 7.324218750000000000e-04
2.255104370117187500e+02 2.871789550781250000e+01 1.239013671875000000e-02
2.254213256835937500e+02 2.856030273437500000e+01 0.000000000000000000e+00
2.254535522460937500e+02 2.874334716796875000e+01 6.353759765625000000e-02
2.255456542968750000e+02 2.911676025390625000e+01 3.222656250000000000e-02
2.255579833984375000e+02 2.947363281250000000e+01 2.600097656250000000e-02
2.257048950195312500e+02 3.008709716796875000e+01 6.817626953125000000e-02
2.258650512695312500e+02 3.033349609375000000e+01 2.447509765625000000e-02
2.260313720703125000e+02 3.067962646484375000e+01 2.600097656250000000e-02
2.261157226562500000e+02 3.075494384765625000e+01 4.968261718750000000e-02
2.261652832031250000e+02 3.053753662109375000e+01 3.326416015625000000e-02
2.260126342773437500e+02 3.023718261718750000e+01 3.088378906250000000e-02
2.258684082031250000e+02 2.993005371093750000e+01 2.447509765625000000e-02
2.259119262695312500e+02 2.972991943359375000e+01 2.551269531250000000e-02
2.259370117187500000e+02 2.989215087890625000e+01 1.379394531250000000e-02
2.259893798828125000e+02 3.010418701171875000e+01 9.704589843750000000e-03
2.262240600585937500e+02 3.032727050781250000e+01 1.727294921875000000e-02
2.262373657226562500e+02 3.053411865234375000e+01 1.397705078125000000e-02
2.263061523437500000e+02 3.068395996093750000e+01 3.082275390625000000e-02
2.265527343750000000e+02 3.079974365234375000e+01 5.499267578125000000e-02
2.267496948242187500e+02 3.083435058593750000e+01 1.708984375000000000e-02
2.269394531250000000e+02 3.105792236328125000e+01 1.654052734375000000e-02
2.271359252929687500e+02 3.126837158203125000e+01 2.478027343750000000e-02
2.271715087890625000e+02 3.126751708984375000e+01 2.392578125000000000e-02
2.270183715820312500e+02 3.122900390625000000e+01 2.758789062500000000e-02
2.268635864257812500e+02 3.086669921875000000e+01 1.470947265625000000e-02
2.262794189453125000e+02 2.974053955078125000e+01 8.422851562500000000e-03
2.254281005859375000e+02 2.890875244140625000e+01 2.380371093750000000e-03
2.251306762695312500e+02 2.838336181640625000e+01 1.953125000000000000e-03
2.250088500976562500e+02 2.848773193359375000e+01 7.324218750000000000e-04
2.251102294921875000e+02 2.874102783203125000e+01 1.403808593750000000e-03
2.252066650390625000e+02 2.926892089843750000e+01 9.094238281250000000e-03
2.254138793945312500e+02 2.958514404296875000e+01 5.145263671875000000e-02
2.255838623046875000e+02 2.983563232421875000e+01 1.605224609375000000e-02
2.258223876953125000e+02 3.015515136718750000e+01 5.676269531250000000e-02
2.259559326171875000e+02 3.025341796875000000e+01 2.111816406250000000e-02
2.258659057617187500e+02 3.037646484375000000e+01 4.492187500000000000e-02
2.259165649414062500e+02 3.026574707031250000e+01 1.983642578125000000e-02
2.257370605468750000e+02 3.011419677734375000e+01 1.953125000000000000e-02
2.254450683593750000e+02 2.983392333984375000e+01 7.995605468750000000e-03
2.254032592773437500e+02 2.978833007812500000e+01 8.178710937500000000e-03
2.255742797851562500e+02 2.994879150390625000e+01 9.155273437500000000e-03
2.257759399414062500e+02 3.006384277343750000e+01 1.885986328125000000e-02
2.258553466796875000e+02 3.017266845703125000e+01 1.434326171875000000e-02
2.260469970703125000e+02 3.045324707031250000e+01 1.379394531250000000e-02
2.261267700195312500e+02 3.049194335937500000e+01 1.635742187500000000e-02
2.262329101562500000e+02 3.070629882812500000e+01 1.953125000000000000e-02
2.263224487304687500e+02 3.074761962890625000e+01 1.165771484375000000e-02
2.264547119140625000e+02 3.104266357421875000e+01 2.209472656250000000e-02
2.266397705078125000e+02 3.110284423828125000e+01 4.333496093750000000e-02
2.268184814453125000e+02 3.130328369140625000e+01 6.658935546875000000e-02
2.268319702148437500e+02 3.121228027343750000e+01 9.283447265625000000e-02
2.265615844726562500e+02 3.102026367187500000e+01 1.406250000000000000e-01
2.258609008789062500e+02 3.007385253906250000e+01 8.642578125000000000e-02
2.252023925781250000e+02 2.897418212890625000e+01 4.638671875000000000e-03
2.248939208984375000e+02 2.851770019531250000e+01 4.638671875000000000e-03
2.249830932617187500e+02 2.845080566406250000e+01 7.629394531250000000e-03
2.250449218750000000e+02 2.877246093750000000e+01 8.422851562500000000e-03
2.253628540039062500e+02 2.888623046875000000e+01 1.287841796875000000e-02
2.254864501953125000e+02 2.924011230468750000e+01 1.721191406250000000e-02
2.257373046875000000e+02 2.939428710937500000e+01 2.319335937500000000e-02
2.258871459960937500e+02 2.970697021484375000e+01 2.783203125000000000e-02
2.260376586914062500e+02 2.993640136718750000e+01 2.490234375000000000e-02
2.259882812500000000e+02 2.998211669921875000e+01 2.270507812500000000e-02
2.256978149414062500e+02 2.990930175781250000e+01 1.452636718750000000e-02
2.256956176757812500e+02 2.961071777343750000e+01 8.911132812500000000e-03
2.255856323242187500e+02 2.939801025390625000e+01 1.373291015625000000e-02
2.256149902343750000e+02 2.944274902343750000e+01 1.507568359375000000e-02
2.256826782226562500e+02 2.951385498046875000e+01 1.190185546875000000e-02
2.257030639648437500e+02 2.988555908203125000e+01 1.684570312500000000e-02
2.256695556640625000e+02 2.990924072265625000e+01 1.489257812500000000e-02
2.258558349609375000e+02 3.006085205078125000e+01 1.403808593750000000e-02
2.259594726562500000e+02 3.017523193359375000e+01 2.307128906250000000e-02
2.260654296875000000e+02 3.049157714843750000e+01 1.586914062500000000e-02
2.262842407226562500e+02 3.046850585937500000e+01 5.920410156250000000e-03
2.264310302734375000e+02 3.072174072265625000e+01 1.257324218750000000e-02
2.265117797851562500e+02 3.087329101562500000e+01 1.892089843750000000e-02
2.265473632812500000e+02 3.095782470703125000e+01 2.331542968750000000e-02
2.266959838867187500e+02 3.101440429687500000e+01 2.062988281250000000e-02
2.265718994140625000e+02 3.073687744140625000e+01 1.336669921875000000e-02
2.256851806640625000e+02 2.952209472656250000e+01 1.971435546875000000e-02
2.252745971679687500e+02 2.870123291015625000e+01 2.380371093750000000e-03
2.250606689453125000e+02 2.813110351562500000e+01 1.831054687500000000e-03
2.249044189453125000e+02 2.826373291015625000e+01 4.699707031250000000e-03
2.251335449218750000e+02 2.841033935546875000e+01 1.837158203125000000e-02
2.252194824218750000e+02 2.885473632812500000e+01 6.286621093750000000e-03
2.252851562500000000e+02 2.910772705078125000e+01 1.739501953125000000e-02
2.254848632812500000e+02 2.940002441406250000e+01 1.464843750000000000e-02
2.256957397460937500e+02 2.984625244140625000e+01 8.056640625000000000e-03
2.258707885742187500e+02 3.014160156250000000e+01 3.527832031250000000e-02
2.258190917968750000e+02 3.031353759765625000e+01 4.125976562500000000e-02
2.255493164062500000e+02 3.012774658203125000e+01 4.144287109375000000e-02
2.253815307617187500e+02 2.994024658203125000e+01 3.161621093750000000e-02
2.251796875000000000e+02 2.958197021484375000e+01 1.428222656250000000e-02
2.250947875976562500e+02 2.945764160156250000e+01 2.368164062500000000e-02
2.253355102539062500e+02 2.936273193359375000e+01 4.089355468750000000e-03
2.254298706054687500e+02 2.948681640625000000e+01 1.647949218750000000e-03
2.257982177734375000e+02 2.955511474609375000e+01 1.239013671875000000e-02
2.258750000000000000e+02 2.970520019531250000e+01 1.910400390625000000e-02
2.260795898437500000e+02 2.998571777343750000e+01 1.794433593750000000e-02
2.263379516601562500e+02 3.014129638671875000e+01 3.747558593750000000e-02
2.264818725585937500e+02 3.063574218750000000e+01 1.214599609375000000e-02
2.265813598632812500e+02 3.084643554687500000e+01 8.728027343750000000e-03
2.266857910156250000e+02 3.101306152343750000e+01 1.220703125000000000e-02
2.268880615234375000e+02 3.095196533203125000e+01 1.434326171875000000e-02
2.267723388671875000e+02 3.090081787109375000e+01 1.550292968750000000e-02
2.260981445312500000e+02 2.987579345703125000e+01 1.263427734375000000e-02
2.255126342773437500e+02 2.874151611328125000e+01 1.849365234375000000e-02
2.251557617187500000e+02 2.826477050781250000e+01 6.225585937500000000e-03
2.249002685546875000e+02 2.830651855468750000e+01 1.831054687500000000e-03
2.250647583007812500e+02 2.859545898437500000e+01 8.544921875000000000e-04
2.252416381835937500e+02 2.902172851562500000e+01 1.159667968750000000e-02
2.253438110351562500e+02 2.940447998046875000e+01 4.699707031250000000e-03
2.255125122070312500e+02 2.989465332031250000e+01 5.065917968750000000e-03
2.257929687500000000e+02 3.028710937500000000e+01 3.900146484375000000e-02
2.260207519531250000e+02 3.050000000000000000e+01 2.770996093750000000e-02
2.259959716796875000e+02 3.045910644531250000e+01 1.501464843750000000e-02
2.257428588867187500e+02 3.048437500000000000e+01 2.929687500000000000e-02
2.255000610351562500e+02 2.995831298828125000e+01 2.593994140625000000e-02
2.254940185546875000e+02 2.954077148437500000e+01 6.280517578125000000e-02
2.255278320312500000e+02 2.959539794921875000e+01 9.216308593750000000e-03
2.257394409179687500e+02 2.961682128906250000e+01 7.934570312500000000e-03
2.257713012695312500e+02 2.981854248046875000e+01 1.965332031250000000e-02
2.259487915039062500e+02 2.986450195312500000e+01 2.398681640625000000e-02
2.261408691406250000e+02 3.019757080078125000e+01 3.027343750000000000e-02
2.263054809570312500e+02 3.041345214843750000e+01 2.233886718750000000e-02
2.264922485351562500e+02 3.072192382812500000e+01 1.226806640625000000e-02
2.266411132812500000e+02 3.094592285156250000e+01 4.443359375000000000e-02
2.266885375976562500e+02 3.113775634765625000e+01 7.769775390625000000e-02
2.266471557617187500e+02 3.124829101562500000e+01 6.652832031250000000e-02
2.266038818359375000e+02 3.113702392578125000e+01 5.633544921875000000e-02
2.260708618164062500e+02 3.040362548828125000e+01 4.138183593750000000e-02
2.253856811523437500e+02 2.905157470703125000e+01 1.940917968750000000e-02
2.249408569335937500e+02 2.833947753906250000e+01 0.000000000000000000e+00
2.246635131835937500e+02 2.812298583984375000e+01 4.516601562500000000e-03
2.248175659179687500e+02 2.854528808593750000e+01 1.831054687500000000e-04
2.249759521484375000e+02 2.887231445312500000e+01 2.972412109375000000e-02
2.250350341796875000e+02 2.915509033203125000e+01 1.702880859375000000e-02
2.252948608398437500e+02 2.933978271484375000e+01 2.600097656250000000e-02
2.255130615234375000e+02 2.966925048828125000e+01 1.373291015625000000e-02
2.257681884765625000e+02 2.986834716796875000e+01 3.479003906250000000e-03
2.259323120117187500e+02 2.996203613281250000e+01 1.318359375000000000e-02
2.259165039062500000e+02 2.984411621093750000e+01 1.220703125000000000e-02
2.256322021484375000e+02 2.975262451171875000e+01 1.202392578125000000e-02
2.253760375976562500e+02 2.952209472656250000e+01 1.269531250000000000e-02
2.253489379882812500e+02 2.932189941406250000e+01 1.342773437500000000e-03
2.254840698242187500e+02 2.937377929687500000e+01 1.159667968750000000e-03
2.254887695312500000e+02 2.971575927734375000e+01 1.159667968750000000e-03
2.256691894531250000e+02 2.977081298828125000e+01 4.455566406250000000e-03
2.259551391601562500e+02 3.005194091796875000e+01 1.092529296875000000e-02
2.261616821289062500e+02 3.045318603515625000e+01 1.263427734375000000e-02
2.264363403320312500e+02 3.078106689453125000e+01 3.759765625000000000e-02
2.267424316406250000e+02 3.097668457031250000e+01 1.867675781250000000e-02
2.268999023437500000e+02 3.121069335937500000e+01 2.355957031250000000e-02
2.268212890625000000e+02 3.116784667968750000e+01 1.074218750000000000e-02
2.268114624023437500e+02 3.110852050781250000e+01 7.427978515625000000e-02
2.261477661132812500e+02 3.016436767578125000e+01 2.142333984375000000e-02
2.251505126953125000e+02 2.914166259765625000e+01 4.638671875000000000e-03
2.247319946289062500e+02 2.857550048828125000e+01 5.493164062500000000e-04
2.245786132812500000e+02 2.833551025390625000e+01 9.765625000000000000e-04
2.245209960937500000e+02 2.836468505859375000e+01 9.765625000000000000e-04
2.246792602539062500e+02 2.861187744140625000e+01 2.441406250000000000e-04
2.248949584960937500e+02 2.895501708984375000e+01 7.385253906250000000e-03
2.250927124023437500e+02 2.916552734375000000e+01 1.617431640625000000e-02
2.252681884765625000e+02 2.960113525390625000e+01 1.031494140625000000e-02
2.254449462890625000e+02 2.970123291015625000e+01 7.690429687500000000e-03
2.256290283203125000e+02 2.981756591796875000e+01 6.591796875000000000e-03
2.256452026367187500e+02 2.952294921875000000e+01 8.544921875000000000e-04
2.254308471679687500e+02 2.945184326171875000e+01 2.441406250000000000e-04
2.253045043945312500e+02 2.914892578125000000e+01 2.319335937500000000e-03
2.252057495117187500e+02 2.911859130859375000e+01 2.166748046875000000e-02
2.253457031250000000e+02 2.902990722656250000e+01 6.103515625000000000e-05
2.255256347656250000e+02 2.933856201171875000e+01 6.042480468750000000e-03
2.257075805664062500e+02 2.961749267578125000e+01 1.281738281250000000e-02
2.258233642578125000e+02 2.996484375000000000e+01 4.302978515625000000e-02
2.258308715820312500e+02 3.026782226562500000e+01 1.782226562500000000e-02
2.259483032226562500e+02 3.057781982421875000e+01 4.815673828125000000e-02
2.261697998046875000e+02 3.074713134765625000e+01 9.820556640625000000e-02
2.262433471679687500e+02 3.090008544921875000e+01 1.690673828125000000e-02
2.263075561523437500e+02 3.085021972656250000e+01 2.392578125000000000e-02
2.264148559570312500e+02 3.076983642578125000e+01 8.728027343750000000e-03
2.260605468750000000e+02 3.031341552734375000e+01 9.399414062500000000e-03
2.254304199218750000e+02 2.924401855468750000e+01 1.129150390625000000e-02
2.247570800781250000e+02 2.817791748046875000e+01 7.324218750000000000e-03
2.245004272460937500e+02 2.795483398437500000e+01 0.000000000000000000e+00
2.245033569335937500e+02 2.781549072265625000e+01 3.051757812500000000e-04
2.245206298828125000e+02 2.825225830078125000e+01 2.966308593750000000e-02
2.246902465820312500e+02 2.837890625000000000e+01 4.882812500000000000e-03
2.249417724609375000e+02 2.860998535156250000e+01 5.004882812500000000e-03
2.250717163085937500e+02 2.900738525390625000e+01 8.300781250000000000e-03
2.253176269531250000e+02 2.934191894531250000e+01 1.293945312500000000e-02
2.254389648437500000e+02 2.937280273437500000e+01 7.934570312500000000e-04
2.254315185546875000e+02 2.939984130859375000e+01 1.220703125000000000e-03
2.252508544921875000e+02 2.929754638671875000e+01 8.605957031250000000e-03
2.253367309570312500e+02 2.902075195312500000e+01 1.037597656250000000e-02
2.253581542968750000e+02 2.889288330078125000e+01 2.136230468750000000e-02
2.254036254882812500e+02 2.890802001953125000e+01 4.370117187500000000e-02
2.256217041015625000e+02 2.907263183593750000e+01 1.721191406250000000e-02
2.257975463867187500e+02 2.923754882812500000e+01 8.612060546875000000e-02
2.257504882812500000e+02 2.953985595703125000e+01 3.503417968750000000e-02
2.258624267578125000e+02 3.013452148437500000e+01 2.764892578125000000e-02
2.260427246093750000e+02 3.044696044921875000e+01 5.706787109375000000e-02
2.263371582031250000e+02 3.072125244140625000e+01 6.750488281250000000e-02
2.265595703125000000e+02 3.088024902343750000e+01 3.594970703125000000e-02
2.266698608398437500e+02 3.097827148437500000e+01 3.472900390625000000e-02
2.268815917968750000e+02 3.111718750000000000e+01 1.481323242187500000e-01
2.268455810546875000e+02 3.119476318359375000e+01 1.355590820312500000e-01
2.264384765625000000e+02 3.071508789062500000e+01 6.268310546875000000e-02
2.256828002929687500e+02 2.946929931640625000e+01 5.004882812500000000e-02
2.249067993164062500e+02 2.834814453125000000e+01 2.679443359375000000e-02
2.246429443359375000e+02 2.803472900390625000e+01 0.000000000000000000e+00
2.246507568359375000e+02 2.816833496093750000e+01 1.727294921875000000e-02
2.248464355468750000e+02 2.814428710937500000e+01 6.103515625000000000e-04
2.250909423828125000e+02 2.867700195312500000e+01 6.713867187500000000e-04
2.252509765625000000e+02 2.926135253906250000e+01 1.953125000000000000e-02
2.255772705078125000e+02 2.954650878906250000e+01 1.123046875000000000e-02
2.257011108398437500e+02 2.986303710937500000e+01 2.111816406250000000e-02
2.257685546875000000e+02 3.044042968750000000e+01 4.327392578125000000e-02
2.258158569335937500e+02 3.001898193359375000e+01 3.857421875000000000e-02
2.254722290039062500e+02 2.976330566406250000e+01 9.704589843750000000e-03
2.254367065429687500e+02 2.928076171875000000e+01 1.940917968750000000e-02
2.254542846679687500e+02 2.914080810546875000e+01 1.892089843750000000e-03
2.254135742187500000e+02 2.919580078125000000e+01 1.788330078125000000e-02
2.256276245117187500e+02 2.925012207031250000e+01 4.284667968750000000e-02
2.255381469726562500e+02 2.978393554687500000e+01 2.661132812500000000e-02
2.256757812500000000e+02 2.991064453125000000e+01 3.662109375000000000e-03
2.257988281250000000e+02 3.033599853515625000e+01 3.759765625000000000e-02
2.259601440429687500e+02 3.041516113281250000e+01 1.599121093750000000e-02
2.261166992187500000e+02 3.064691162109375000e+01 2.191162109375000000e-02
2.263870239257812500e+02 3.076300048828125000e+01 1.348876953125000000e-02
2.266770019531250000e+02 3.100616455078125000e+01 5.566406250000000000e-02
2.267664794921875000e+02 3.116967773437500000e+01 6.701660156250000000e-02
2.269086914062500000e+02 3.121173095703125000e+01 6.713867187500000000e-02
2.267359619140625000e+02 3.102899169921875000e+01 5.889892578125000000e-02
2.260004272460937500e+02 2.994543457031250000e+01 8.471679687500000000e-02
2.252454833984375000e+02 2.891168212890625000e+01 8.544921875000000000e-03
2.249121093750000000e+02 2.816308593750000000e+01 6.811523437500000000e-02
2.247598266601562500e+02 2.789587402343750000e+01 6.304931640625000000e-02
2.249245605468750000e+02 2.811663818359375000e+01 3.082275390625000000e-02
2.251135864257812500e+02 2.866229248046875000e+01 1.690673828125000000e-02
2.253754272460937500e+02 2.926239013671875000e+01 1.757812500000000000e-02
2.256303710937500000e+02 2.971520996093750000e+01 5.621337890625000000e-02
2.259966430664062500e+02 3.038677978515625000e+01 7.165527343750000000e-02
2.260672607421875000e+02 3.068029785156250000e+01 4.650878906250000000e-02
2.259323730468750000e+02 3.064160156250000000e+01 6.408691406250000000e-02
2.258104858398437500e+02 3.016424560546875000e+01 5.834960937500000000e-02
2.255432128906250000e+02 3.001348876953125000e+01 2.471923828125000000e-02
2.255758666992187500e+02 2.982580566406250000e+01 2.197265625000000000e-02
2.256175537109375000e+02 2.986065673828125000e+01 2.362060546875000000e-02
2.257161254882812500e+02 2.985736083984375000e+01 3.515625000000000000e-02
2.258327026367187500e+02 3.006201171875000000e+01 3.021240234375000000e-02
2.260869140625000000e+02 3.030444335937500000e+01 9.307861328125000000e-02
2.262090454101562500e+02 3.047357177734375000e+01 5.096435546875000000e-02
2.263090820312500000e+02 3.067993164062500000e+01 1.389160156250000000e-01
2.264769897460937500e+02 3.084887695312500000e+01 9.924316406250000000e-02
2.266442260742187500e+02 3.104492187500000000e+01 9.991455078125000000e-02
2.269044189453125000e+02 3.130920410156250000e+01 7.568359375000000000e-02
2.270296020507812500e+02 3.159619140625000000e+01 7.666015625000000000e-02
2.271445312500000000e+02 3.153015136718750000e+01 5.786132812500000000e-02
2.264957885742187500e+02 3.108020019531250000e+01 6.500244140625000000e-02
2.256371459960937500e+02 2.963067626953125000e+01 9.216308593750000000e-02
2.249937133789062500e+02 2.864672851562500000e+01 2.966308593750000000e-02
2.246915283203125000e+02 2.837780761718750000e+01 2.197265625000000000e-03
2.247520751953125000e+02 2.823150634765625000e+01 3.082275390625000000e-02
2.248618164062500000e+02 2.856457519531250000e+01 5.310058593750000000e-03
2.250661621093750000e+02 2.885906982421875000e+01 7.995605468750000000e-03
2.252482910156250000e+02 2.926757812500000000e+01 1.812744140625000000e-02
2.254436645507812500e+02 2.956115722656250000e+01 1.477050781250000000e-02
2.257065429687500000e+02 2.992572021484375000e+01 6.713867187500000000e-03
2.258837890625000000e+02 3.022839355468750000e+01 2.008056640625000000e-02
2.258119506835937500e+02 3.018566894531250000e+01 6.396484375000000000e-02
2.257510375976562500e+02 2.958654785156250000e+01 1.177978515625000000e-02
2.255019531250000000e+02 2.944659423828125000e+01 4.699707031250000000e-02
2.253457031250000000e+02 2.916973876953125000e+01 5.480957031250000000e-02
2.254641723632812500e+02 2.930340576171875000e+01 1.574707031250000000e-02
2.255614013671875000e+02 2.921215820312500000e+01 1.281738281250000000e-02
2.257318115234375000e+02 2.940069580078125000e+01 1.354980468750000000e-02
2.258963012695312500e+02 2.977935791015625000e+01 4.638671875000000000e-03
2.260177001953125000e+02 2.988055419921875000e+01 1.318359375000000000e-02
2.263981323242187500e+02 3.031286621093750000e+01 1.336669921875000000e-02
2.265027465820312500e+02 3.061578369140625000e+01 4.187011718750000000e-02
2.266481323242187500e+02 3.095916748046875000e+01 4.718017578125000000e-02
2.268023071289062500e+02 3.108001708984375000e+01 7.226562500000000000e-02
2.268252563476562500e+02 3.107537841796875000e+01 4.925537109375000000e-02
2.262567749023437500e+02 3.065808105468750000e+01 4.797363281250000000e-02
2.254320068359375000e+02 2.914544677734375000e+01 3.540039062500000000e-03
2.247822875976562500e+02 2.798724365234375000e+01 1.177978515625000000e-02
2.244653320312500000e+02 2.784906005859375000e+01 1.831054687500000000e-04
2.244782714843750000e+02 2.766711425781250000e+01 1.647949218750000000e-03
2.246643676757812500e+02 2.804260253906250000e+01 9.460449218750000000e-03
2.248944091796875000e+02 2.838372802734375000e+01 4.516601562500000000e-03
2.249312744140625000e+02 2.860693359375000000e+01 3.540039062500000000e-03
2.250756835937500000e+02 2.902935791015625000e+01 2.990722656250000000e-03
2.252662963867187500e+02 2.951647949218750000e+01 6.103515625000000000e-05
2.254592895507812500e+02 2.944567871093750000e+01 2.349853515625000000e-02
2.253727416992187500e+02 2.956604003906250000e+01 1.690673828125000000e-02
2.252706298828125000e+02 2.935498046875000000e+01 1.153564453125000000e-02
2.249691772460937500e+02 2.899084472656250000e+01 2.642822265625000000e-02
2.248995971679687500e+02 2.889776611328125000e+01 3.051757812500000000e-04
2.249033813476562500e+02 2.889056396484375000e+01 1.831054687500000000e-03
2.251119995117187500e+02 2.892944335937500000e+01 9.094238281250000000e-03
2.253256835937500000e+02 2.915075683593750000e+01 6.835937500000000000e-03
2.253340454101562500e+02 2.935235595703125000e+01 9.277343750000000000e-03
2.254847412109375000e+02 2.960644531250000000e+01 7.995605468750000000e-03
2.256003417968750000e+02 2.982446289062500000e+01 7.568359375000000000e-03
2.259494018554687500e+02 3.007897949218750000e+01 4.394531250000000000e-03
2.260206909179687500e+02 3.035363769531250000e+01 3.082275390625000000e-02
2.261847534179687500e+02 3.054656982421875000e+01 4.962158203125000000e-02
2.261009521484375000e+02 3.064691162109375000e+01 3.778076171875000000e-02
2.257022705078125000e+02 2.988391113281250000e+01 7.446289062500000000e-03
2.248428344726562500e+02 2.857928466796875000e+01 1.098632812500000000e-03
2.241845703125000000e+02 2.743859863281250000e+01 9.765625000000000000e-04
2.240194091796875000e+02 2.700225830078125000e+01 0.000000000000000000e+00
2.240151977539062500e+02 2.703607177734375000e+01 0.000000000000000000e+00
2.240696411132812500e+02 2.758959960937500000e+01 4.272460937500000000e-04
2.240880737304687500e+02 2.778802490234375000e+01 3.381347656250000000e-02
2.242896728515625000e+02 2.814617919921875000e+01 1.873779296875000000e-02
2.243499755859375000e+02 2.862634277343750000e+01 1.092529296875000000e-02
2.246057739257812500e+02 2.877429199218750000e+01 6.127929687500000000e-02
2.246845703125000000e+02 2.894207763671875000e+01 4.431152343750000000e-02
2.247554931640625000e+02 2.866595458984375000e+01 3.698730468750000000e-02
2.245974731445312500e+02 2.853704833984375000e+01 1.251220703125000000e-02
2.245180053710937500e+02 2.839300537109375000e+01 6.805419921875000000e-02
2.244485473632812500e+02 2.820935058593750000e+01 3.399658203125000000e-02
2.244457397460937500e+02 2.821936035156250000e+01 4.333496093750000000e-03
2.245841064453125000e+02 2.826226806640625000e+01 2.374267578125000000e-02
2.246885375976562500e+02 2.855352783203125000e+01 1.916503906250000000e-02
2.248369750976562500e+02 2.868218994140625000e+01 7.507324218750000000e-03
2.249907226562500000e+02 2.895806884765625000e+01 6.042480468750000000e-03
2.251752319335937500e+02 2.913775634765625000e+01 5.249023437500000000e-03
2.253638305664062500e+02 2.926397705078125000e+01 7.751464843750000000e-03
2.255950927734375000e+02 2.945153808593750000e+01 2.069091796875000000e-02
2.257819213867187500e+02 2.965435791015625000e+01 2.612304687500000000e-02
2.257758789062500000e+02 2.985217285156250000e+01 2.618408203125000000e-02
2.255572509765625000e+02 2.955493164062500000e+01 2.520751953125000000e-02
