1.858217163085937500e+02 1.870319824218750000e+02 1.514189453125000000e+02
1.860542602539062500e+02 1.872183837890625000e+02 1.516224975585937500e+02
1.862611694335937500e+02 1.874136352539062500e+02 1.518195190429687500e+02
1.862879028320312500e+02 1.874728393554687500e+02 1.518337402343750000e+02
1.862305908203125000e+02 1.874360351562500000e+02 1.516993408203125000e+02
1.859053955078125000e+02 1.873733520507812500e+02 1.510814208984375000e+02
1.858989868164062500e+02 1.876641845703125000e+02 1.508878173828125000e+02
1.860862426757812500e+02 1.881974487304687500e+02 1.512141723632812500e+02
1.863094482421875000e+02 1.890280761718750000e+02 1.517039794921875000e+02
1.865324707031250000e+02 1.896441650390625000e+02 1.520646362304687500e+02
1.864331054687500000e+02 1.897748413085937500e+02 1.519713134765625000e+02
1.860443115234375000e+02 1.895037231445312500e+02 1.516101074218750000e+02
1.855493164062500000e+02 1.889796752929687500e+02 1.510119018554687500e+02
1.849673461914062500e+02 1.884658203125000000e+02 1.503968505859375000e+02
1.843224487304687500e+02 1.880957641601562500e+02 1.499724121093750000e+02
1.838594360351562500e+02 1.878006591796875000e+02 1.495977172851562500e+02
1.837601318359375000e+02 1.876661376953125000e+02 1.494906616210937500e+02
1.836293945312500000e+02 1.875297241210937500e+02 1.494561767578125000e+02
1.836669311523437500e+02 1.875628051757812500e+02 1.494871215820312500e+02
1.837022705078125000e+02 1.875689697265625000e+02 1.495664672851562500e+02
1.839189453125000000e+02 1.877890014648437500e+02 1.498148803710937500e+02
1.842922973632812500e+02 1.881376342773437500e+02 1.502445678710937500e+02
1.846958618164062500e+02 1.884058837890625000e+02 1.507700805664062500e+02
1.850166625976562500e+02 1.886480102539062500e+02 1.511860961914062500e+02
1.852203979492187500e+02 1.888284301757812500e+02 1.516112670898437500e+02
1.854611816406250000e+02 1.889402465820312500e+02 1.519797363281250000e+02
1.857860717773437500e+02 1.893018188476562500e+02 1.524069824218750000e+02
1.862902221679687500e+02 1.897145385742187500e+02 1.529830322265625000e+02
1.868307495117187500e+02 1.901358032226562500e+02 1.534472656250000000e+02
1.874046630859375000e+02 1.904287719726562500e+02 1.538314819335937500e+02
1.876527099609375000e+02 1.906854858398437500e+02 1.540851440429687500e+02
1.879080810546875000e+02 1.908418579101562500e+02 1.543179321289062500e+02
1.879934692382812500e+02 1.909457397460937500e+02 1.543642578125000000e+02
1.879149780273437500e+02 1.910196533203125000e+02 1.539380493164062500e+02
1.878100585937500000e+02 1.911564941406250000e+02 1.534949951171875000e+02
1.878135986328125000e+02 1.912161254882812500e+02 1.532264404296875000e+02
1.875917358398437500e+02 1.911046142578125000e+02 1.528989868164062500e+02
1.873529663085937500e+02 1.909505004882812500e+02 1.524461059570312500e+02
1.872189331054687500e+02 1.908852539062500000e+02 1.520932006835937500e+02
1.872849731445312500e+02 1.909102172851562500e+02 1.517720336914062500e+02
1.875319824218750000e+02 1.910872802734375000e+02 1.519382934570312500e+02
1.878419189453125000e+02 1.913994140625000000e+02 1.522158203125000000e+02
1.881559448242187500e+02 1.916459960937500000e+02 1.525420532226562500e+02
1.882888793945312500e+02 1.917244873046875000e+02 1.526477661132812500e+02
1.882412109375000000e+02 1.915844116210937500e+02 1.530662841796875000e+02
1.879085693359375000e+02 1.912872924804687500e+02 1.528067016601562500e+02
1.876091918945312500e+02 1.909473876953125000e+02 1.525354003906250000e+02
1.875202026367187500e+02 1.907106933593750000e+02 1.523837280273437500e+02
1.873222045898437500e+02 1.906038208007812500e+02 1.515914916992187500e+02
1.872354736328125000e+02 1.905580444335937500e+02 1.510957641601562500e+02
1.872094726562500000e+02 1.905169067382812500e+02 1.508520507812500000e+02
1.872670288085937500e+02 1.905620117187500000e+02 1.507202148437500000e+02
1.875100708007812500e+02 1.907567749023437500e+02 1.508918457031250000e+02
1.877400512695312500e+02 1.911604614257812500e+02 1.516795654296875000e+02
1.882448730468750000e+02 1.917003784179687500e+02 1.527574462890625000e+02
1.888036499023437500e+02 1.921779174804687500e+02 1.536226806640625000e+02
1.891925659179687500e+02 1.926036987304687500e+02 1.543289794921875000e+02
1.893894653320312500e+02 1.928562011718750000e+02 1.547074584960937500e+02
1.896120605468750000e+02 1.929339599609375000e+02 1.551797485351562500e+02
1.897866210937500000e+02 1.930184936523437500e+02 1.554951171875000000e+02
1.898078613281250000e+02 1.929161376953125000e+02 1.558228759765625000e+02
1.898178710937500000e+02 1.929276123046875000e+02 1.558393554687500000e+02
1.897467651367187500e+02 1.928352661132812500e+02 1.557852172851562500e+02
1.895836791992187500e+02 1.929641113281250000e+02 1.550761718750000000e+02
1.894603271484375000e+02 1.930210571289062500e+02 1.544501342773437500e+02
1.892521972656250000e+02 1.929286499023437500e+02 1.537736816406250000e+02
1.891084594726562500e+02 1.928925781250000000e+02 1.535664062500000000e+02
1.891051635742187500e+02 1.928634033203125000e+02 1.535020751953125000e+02
1.888353881835937500e+02 1.927673339843750000e+02 1.530002441406250000e+02
1.887942504882812500e+02 1.927691040039062500e+02 1.527550048828125000e+02
1.887817993164062500e+02 1.927777709960937500e+02 1.525011596679687500e+02
1.888085937500000000e+02 1.929376831054687500e+02 1.525155029296875000e+02
1.888170776367187500e+02 1.929873657226562500e+02 1.522211914062500000e+02
1.890015869140625000e+02 1.931137695312500000e+02 1.530137939453125000e+02
1.890723876953125000e+02 1.932035522460937500e+02 1.533942260742187500e+02
1.892108154296875000e+02 1.932876586914062500e+02 1.537690429687500000e+02
1.893300781250000000e+02 1.934511108398437500e+02 1.540382080078125000e+02
1.894448242187500000e+02 1.937293090820312500e+02 1.544714965820312500e+02
1.898452758789062500e+02 1.940160522460937500e+02 1.548730468750000000e+02
1.905580444335937500e+02 1.945410156250000000e+02 1.554035034179687500e+02
1.910108032226562500e+02 1.948029785156250000e+02 1.557227172851562500e+02
1.911859130859375000e+02 1.948987426757812500e+02 1.558844604492187500e+02
1.910521850585937500e+02 1.946668090820312500e+02 1.557002563476562500e+02
1.908338012695312500e+02 1.944105834960937500e+02 1.553377685546875000e+02
1.905440063476562500e+02 1.940935058593750000e+02 1.548257446289062500e+02
1.905315551757812500e+02 1.941011962890625000e+02 1.547843017578125000e+02
1.904682006835937500e+02 1.940991821289062500e+02 1.546820068359375000e+02
1.906116943359375000e+02 1.942935791015625000e+02 1.548701171875000000e+02
1.903315429687500000e+02 1.944738769531250000e+02 1.564176025390625000e+02
1.901500244140625000e+02 1.944931640625000000e+02 1.575155639648437500e+02
1.899476318359375000e+02 1.947261352539062500e+02 1.580177001953125000e+02
1.901479492187500000e+02 1.948575439453125000e+02 1.586168823242187500e+02
1.902090454101562500e+02 1.948939819335937500e+02 1.587849121093750000e+02
1.901619262695312500e+02 1.948529052734375000e+02 1.588074951171875000e+02
1.899440917968750000e+02 1.946534423828125000e+02 1.585946655273437500e+02
1.897391967773437500e+02 1.945388183593750000e+02 1.583551025390625000e+02
1.894517822265625000e+02 1.943873901367187500e+02 1.579575195312500000e+02
1.894167480468750000e+02 1.943242797851562500e+02 1.578888549804687500e+02
1.894082031250000000e+02 1.942395629882812500e+02 1.577449951171875000e+02
1.893453979492187500e+02 1.942619628906250000e+02 1.574221801757812500e+02
1.892982788085937500e+02 1.942008056640625000e+02 1.571281738281250000e+02
1.892437133789062500e+02 1.941925659179687500e+02 1.570496215820312500e+02
1.891527099609375000e+02 1.940893554687500000e+02 1.568251953125000000e+02
1.891092529296875000e+02 1.939944458007812500e+02 1.569417114257812500e+02
1.889448852539062500e+02 1.937869873046875000e+02 1.569160156250000000e+02
1.888542480468750000e+02 1.937544555664062500e+02 1.570441284179687500e+02
1.887272338867187500e+02 1.937104492187500000e+02 1.569833984375000000e+02
1.886758422851562500e+02 1.937915039062500000e+02 1.570584106445312500e+02
1.880862426757812500e+02 1.937520751953125000e+02 1.565935668945312500e+02
1.881185913085937500e+02 1.941446533203125000e+02 1.566883544921875000e+02
1.883972167968750000e+02 1.945164794921875000e+02 1.568554077148437500e+02
1.888968505859375000e+02 1.950051269531250000e+02 1.573905029296875000e+02
1.893728637695312500e+02 1.954698486328125000e+02 1.578418579101562500e+02
1.899051513671875000e+02 1.958345336914062500e+02 1.587352294921875000e+02
1.900552368164062500e+02 1.958986816406250000e+02 1.590280761718750000e+02
1.900166625976562500e+02 1.957803344726562500e+02 1.591383056640625000e+02
1.897283325195312500e+02 1.953637695312500000e+02 1.588750000000000000e+02
1.894442138671875000e+02 1.950095825195312500e+02 1.585066528320312500e+02
1.889841918945312500e+02 1.943195190429687500e+02 1.565790405273437500e+02
1.886845703125000000e+02 1.941283569335937500e+02 1.551978759765625000e+02
1.880654907226562500e+02 1.934442749023437500e+02 1.538389892578125000e+02
1.879384765625000000e+02 1.933494873046875000e+02 1.535933227539062500e+02
1.877461547851562500e+02 1.931361694335937500e+02 1.531176147460937500e+02
1.879107055664062500e+02 1.929520263671875000e+02 1.551558227539062500e+02
1.880982666015625000e+02 1.929066772460937500e+02 1.561291503906250000e+02
1.882759399414062500e+02 1.930213012695312500e+02 1.568348999023437500e+02
1.882395629882812500e+02 1.929655151367187500e+02 1.572059936523437500e+02
1.882463989257812500e+02 1.930020141601562500e+02 1.575484619140625000e+02
1.879204711914062500e+02 1.928130493164062500e+02 1.568619384765625000e+02
1.877344360351562500e+02 1.926322631835937500e+02 1.560241699218750000e+02
1.873391113281250000e+02 1.923566894531250000e+02 1.555121459960937500e+02
1.872208251953125000e+02 1.922488403320312500e+02 1.553380737304687500e+02
1.869987792968750000e+02 1.920067749023437500e+02 1.550007324218750000e+02
1.871300048828125000e+02 1.921945800781250000e+02 1.546149291992187500e+02
1.872156372070312500e+02 1.922601318359375000e+02 1.544898681640625000e+02
1.873532714843750000e+02 1.923436889648437500e+02 1.539631958007812500e+02
1.875059204101562500e+02 1.924122924804687500e+02 1.538599243164062500e+02
1.875856323242187500e+02 1.923987426757812500e+02 1.538936157226562500e+02
1.875613403320312500e+02 1.923529052734375000e+02 1.539436645507812500e+02
1.876080322265625000e+02 1.923115844726562500e+02 1.539479370117187500e+02
1.874633789062500000e+02 1.921593627929687500e+02 1.537692260742187500e+02
1.873515014648437500e+02 1.919754028320312500e+02 1.537383422851562500e+02
1.871190795898437500e+02 1.917816162109375000e+02 1.533503417968750000e+02
1.870049438476562500e+02 1.916792602539062500e+02 1.535718994140625000e+02
1.869350585937500000e+02 1.915613403320312500e+02 1.536764526367187500e+02
1.872241821289062500e+02 1.917580566406250000e+02 1.539295654296875000e+02
1.874208984375000000e+02 1.919591674804687500e+02 1.542587890625000000e+02
1.876564331054687500e+02 1.921476440429687500e+02 1.545189208984375000e+02
1.878630371093750000e+02 1.921163940429687500e+02 1.541438598632812500e+02
1.879605102539062500e+02 1.918361206054687500e+02 1.536699829101562500e+02
1.874771728515625000e+02 1.909990844726562500e+02 1.523895874023437500e+02
1.871458129882812500e+02 1.905778808593750000e+02 1.516873168945312500e+02
1.865363769531250000e+02 1.898436889648437500e+02 1.508635864257812500e+02
1.859193725585937500e+02 1.893644409179687500e+02 1.496140136718750000e+02
1.853112182617187500e+02 1.888080444335937500e+02 1.487080688476562500e+02
1.847788085937500000e+02 1.884051513671875000e+02 1.478704833984375000e+02
1.840334472656250000e+02 1.878774414062500000e+02 1.470844726562500000e+02
1.837913818359375000e+02 1.877247314453125000e+02 1.467108154296875000e+02
1.838549194335937500e+02 1.876749877929687500e+02 1.466682739257812500e+02
1.842033081054687500e+02 1.880426635742187500e+02 1.470313720703125000e+02
1.843820800781250000e+02 1.881165771484375000e+02 1.471804809570312500e+02
1.846279907226562500e+02 1.883092651367187500e+02 1.474558105468750000e+02
1.846354980468750000e+02 1.882662353515625000e+02 1.474578247070312500e+02
1.848909301757812500e+02 1.883921508789062500e+02 1.483323364257812500e+02
1.849644165039062500e+02 1.883755493164062500e+02 1.487110595703125000e+02
1.850657348632812500e+02 1.884455566406250000e+02 1.489977416992187500e+02
1.850842285156250000e+02 1.883572387695312500e+02 1.489638671875000000e+02
1.851760253906250000e+02 1.884681396484375000e+02 1.491739501953125000e+02
1.852451782226562500e+02 1.885238037109375000e+02 1.492187500000000000e+02
1.853652954101562500e+02 1.887498779296875000e+02 1.491770019531250000e+02
1.855166625976562500e+02 1.888408203125000000e+02 1.492476806640625000e+02
1.857289428710937500e+02 1.891121215820312500e+02 1.495780029296875000e+02
1.857138061523437500e+02 1.891210937500000000e+02 1.495458374023437500e+02
1.856987304687500000e+02 1.891249389648437500e+02 1.494286499023437500e+02
1.855471191406250000e+02 1.889348144531250000e+02 1.492218017578125000e+02
1.855884399414062500e+02 1.888312377929687500e+02 1.491664428710937500e+02
1.858071289062500000e+02 1.888604125976562500e+02 1.492981567382812500e+02
1.861015625000000000e+02 1.891455078125000000e+02 1.496579589843750000e+02
1.860462036132812500e+02 1.891029663085937500e+02 1.496806030273437500e+02
1.859587402343750000e+02 1.890776977539062500e+02 1.496469726562500000e+02
1.853085327148437500e+02 1.885748291015625000e+02 1.490582885742187500e+02
1.851618652343750000e+02 1.884483642578125000e+02 1.487654418945312500e+02
1.848512573242187500e+02 1.881374511718750000e+02 1.483809204101562500e+02
1.849043579101562500e+02 1.881516113281250000e+02 1.486273193359375000e+02
1.847002563476562500e+02 1.879039306640625000e+02 1.485190429687500000e+02
1.847215576171875000e+02 1.879243774414062500e+02 1.485985107421875000e+02
1.846828613281250000e+02 1.877880859375000000e+02 1.485079956054687500e+02
1.847199096679687500e+02 1.877707519531250000e+02 1.487500610351562500e+02
1.845972290039062500e+02 1.878081054687500000e+02 1.494185791015625000e+02
1.846364746093750000e+02 1.879842529296875000e+02 1.497612304687500000e+02
1.847702636718750000e+02 1.880431518554687500e+02 1.502546997070312500e+02
1.846975097656250000e+02 1.882393188476562500e+02 1.504507446289062500e+02
1.847203979492187500e+02 1.881952514648437500e+02 1.507094116210937500e+02
1.847866210937500000e+02 1.882915039062500000e+02 1.505111694335937500e+02
1.847755126953125000e+02 1.882741699218750000e+02 1.501559448242187500e+02
1.848906250000000000e+02 1.883480834960937500e+02 1.500452270507812500e+02
1.849656982421875000e+02 1.883475341796875000e+02 1.500125732421875000e+02
1.851279296875000000e+02 1.884490966796875000e+02 1.500199584960937500e+02
1.852511596679687500e+02 1.885242309570312500e+02 1.503587646484375000e+02
1.854903564453125000e+02 1.887938842773437500e+02 1.507294311523437500e+02
1.856534423828125000e+02 1.889845581054687500e+02 1.510790405273437500e+02
1.859074096679687500e+02 1.892158813476562500e+02 1.513992919921875000e+02
1.859745483398437500e+02 1.893278808593750000e+02 1.515038452148437500e+02
1.861672973632812500e+02 1.894383544921875000e+02 1.522146606445312500e+02
1.862256469726562500e+02 1.894233398437500000e+02 1.523206787109375000e+02
1.862405395507812500e+02 1.893794555664062500e+02 1.526378784179687500e+02
1.860182495117187500e+02 1.891758422851562500e+02 1.524388427734375000e+02
1.854831542968750000e+02 1.887044067382812500e+02 1.518728637695312500e+02
1.844666137695312500e+02 1.881630249023437500e+02 1.504642944335937500e+02
1.832449340820312500e+02 1.876066284179687500e+02 1.492973022460937500e+02
1.822445678710937500e+02 1.868350219726562500e+02 1.480455932617187500e+02
1.814559936523437500e+02 1.862736816406250000e+02 1.470413818359375000e+02
1.803750610351562500e+02 1.852664184570312500e+02 1.456381835937500000e+02
1.794222412109375000e+02 1.840912475585937500e+02 1.441887817382812500e+02
1.773644409179687500e+02 1.820775146484375000e+02 1.416403808593750000e+02
1.748991699218750000e+02 1.795695800781250000e+02 1.385593261718750000e+02
1.714945678710937500e+02 1.762661743164062500e+02 1.343419799804687500e+02
1.678723144531250000e+02 1.729731445312500000e+02 1.304633789062500000e+02
1.629746704101562500e+02 1.694155273437500000e+02 1.276021118164062500e+02
1.588133544921875000e+02 1.661351928710937500e+02 1.245056762695312500e+02
1.546310424804687500e+02 1.628130493164062500e+02 1.209003906250000000e+02
1.513623657226562500e+02 1.600447387695312500e+02 1.182081909179687500e+02
1.483522338867187500e+02 1.574622802734375000e+02 1.154942626953125000e+02
1.456627807617187500e+02 1.556768188476562500e+02 1.134971313476562500e+02
1.429017944335937500e+02 1.533261718750000000e+02 1.110690307617187500e+02
1.397675781250000000e+02 1.506480712890625000e+02 1.081348266601562500e+02
1.358218994140625000e+02 1.470227050781250000e+02 1.046307373046875000e+02
1.315155639648437500e+02 1.430011596679687500e+02 1.011864013671875000e+02
1.281848754882812500e+02 1.386751708984375000e+02 9.849572753906250000e+01
1.258013305664062500e+02 1.349287109375000000e+02 9.678784179687500000e+01
1.237734985351562500e+02 1.315829467773437500e+02 9.526361083984375000e+01
1.222609252929687500e+02 1.288610229492187500e+02 9.383538818359375000e+01
1.205137939453125000e+02 1.268162231445312500e+02 9.206109619140625000e+01
1.188505249023437500e+02 1.250076904296875000e+02 9.170788574218750000e+01
1.174136962890625000e+02 1.233058471679687500e+02 9.093359375000000000e+01
1.166751708984375000e+02 1.223124389648437500e+02 9.045935058593750000e+01
1.162591552734375000e+02 1.217836914062500000e+02 9.029577636718750000e+01
1.160839843750000000e+02 1.216531982421875000e+02 9.023388671875000000e+01
1.143146362304687500e+02 1.215528564453125000e+02 8.966589355468750000e+01
1.137988281250000000e+02 1.214820556640625000e+02 8.941357421875000000e+01
1.127979125976562500e+02 1.211917724609375000e+02 8.901629638671875000e+01
1.125515136718750000e+02 1.211167602539062500e+02 8.877746582031250000e+01
1.118496704101562500e+02 1.204915771484375000e+02 8.835809326171875000e+01
1.112501220703125000e+02 1.198438720703125000e+02 8.778558349609375000e+01
1.103926391601562500e+02 1.190393676757812500e+02 8.692285156250000000e+01
1.100895385742187500e+02 1.186956176757812500e+02 8.661810302734375000e+01
1.099343261718750000e+02 1.183316040039062500e+02 8.659881591796875000e+01
1.105207519531250000e+02 1.186468505859375000e+02 8.705249023437500000e+01
1.112354736328125000e+02 1.189072875976562500e+02 8.649969482421875000e+01
1.133006591796875000e+02 1.206799316406250000e+02 8.699304199218750000e+01
1.164958496093750000e+02 1.231353759765625000e+02 8.853466796875000000e+01
1.201232299804687500e+02 1.259385986328125000e+02 9.071081542968750000e+01
1.238939819335937500e+02 1.285488281250000000e+02 9.289569091796875000e+01
1.266058959960937500e+02 1.304519653320312500e+02 9.718975830078125000e+01
1.282162475585937500e+02 1.315727539062500000e+02 9.893347167968750000e+01
1.289306640625000000e+02 1.317670898437500000e+02 9.992431640625000000e+01
1.286517944335937500e+02 1.311939697265625000e+02 9.989758300781250000e+01
1.277999267578125000e+02 1.305377807617187500e+02 9.925274658203125000e+01
1.260753784179687500e+02 1.294691772460937500e+02 9.879779052734375000e+01
1.240145874023437500e+02 1.281979370117187500e+02 9.740576171875000000e+01
1.216209716796875000e+02 1.263137207031250000e+02 9.537707519531250000e+01
1.188685302734375000e+02 1.240908203125000000e+02 9.332012939453125000e+01
1.156041870117187500e+02 1.215805664062500000e+02 9.080242919921875000e+01
1.122742309570312500e+02 1.191982421875000000e+02 8.884320068359375000e+01
1.086447143554687500e+02 1.165923461914062500e+02 8.663214111328125000e+01
1.048758544921875000e+02 1.135942382812500000e+02 8.397088623046875000e+01
1.009255981445312500e+02 1.102886962890625000e+02 8.111993408203125000e+01
9.781365966796875000e+01 1.077994995117187500e+02 7.882843017578125000e+01
9.689312744140625000e+01 1.070187988281250000e+02 7.822491455078125000e+01
9.737896728515625000e+01 1.073641967773437500e+02 7.861718750000000000e+01
9.912420654296875000e+01 1.086507568359375000e+02 7.980474853515625000e+01
1.017369384765625000e+02 1.106930541992187500e+02 8.182440185546875000e+01
1.045697021484375000e+02 1.130979614257812500e+02 8.395080566406250000e+01
1.070274047851562500e+02 1.157585449218750000e+02 8.434655761718750000e+01
1.094645996093750000e+02 1.180967407226562500e+02 8.545800781250000000e+01
1.117873535156250000e+02 1.202009277343750000e+02 8.687066650390625000e+01
1.142806396484375000e+02 1.222662963867187500e+02 8.859143066406250000e+01
1.163825073242187500e+02 1.241287231445312500e+02 9.000341796875000000e+01
1.189213867187500000e+02 1.260471191406250000e+02 9.216351318359375000e+01
1.214462890625000000e+02 1.277312011718750000e+02 9.424157714843750000e+01
1.235493164062500000e+02 1.289992675781250000e+02 9.591638183593750000e+01
1.251247558593750000e+02 1.298778076171875000e+02 9.700976562500000000e+01
1.263596801757812500e+02 1.303897705078125000e+02 9.789709472656250000e+01
1.274866943359375000e+02 1.310438842773437500e+02 1.008283691406250000e+02
1.281153564453125000e+02 1.312901000976562500e+02 1.014861450195312500e+02
1.284429931640625000e+02 1.313439941406250000e+02 1.021145019531250000e+02
1.287250976562500000e+02 1.314003295898437500e+02 1.026502685546875000e+02
1.288712158203125000e+02 1.313101806640625000e+02 1.028654785156250000e+02
1.295988769531250000e+02 1.312362670898437500e+02 1.041004638671875000e+02
1.302399291992187500e+02 1.313681640625000000e+02 1.045897827148437500e+02
1.309781494140625000e+02 1.316704101562500000e+02 1.054805908203125000e+02
1.313458862304687500e+02 1.318302001953125000e+02 1.056038208007812500e+02
1.316422119140625000e+02 1.320712280273437500e+02 1.057846069335937500e+02
1.317813110351562500e+02 1.323727416992187500e+02 1.059776000976562500e+02
1.317517700195312500e+02 1.325147094726562500e+02 1.059887084960937500e+02
1.313563232421875000e+02 1.325225830078125000e+02 1.058527832031250000e+02
1.311788330078125000e+02 1.326172485351562500e+02 1.059024658203125000e+02
1.310082397460937500e+02 1.327540283203125000e+02 1.058632812500000000e+02
1.311253662109375000e+02 1.329273071289062500e+02 1.062359008789062500e+02
1.312543945312500000e+02 1.329572753906250000e+02 1.066903686523437500e+02
1.316996459960937500e+02 1.325189208984375000e+02 1.074261474609375000e+02
1.317574462890625000e+02 1.327023925781250000e+02 1.076268310546875000e+02
1.318677368164062500e+02 1.328040771484375000e+02 1.077831420898437500e+02
1.318889770507812500e+02 1.328193969726562500e+02 1.073240966796875000e+02
1.317986450195312500e+02 1.328776245117187500e+02 1.069037475585937500e+02
1.318688354492187500e+02 1.329001464843750000e+02 1.067750244140625000e+02
1.320399169921875000e+02 1.330856933593750000e+02 1.068391113281250000e+02
1.322524414062500000e+02 1.333228759765625000e+02 1.069672241210937500e+02
1.323284912109375000e+02 1.334475708007812500e+02 1.069151611328125000e+02
1.325038452148437500e+02 1.336283569335937500e+02 1.069592895507812500e+02
1.325263671875000000e+02 1.337684326171875000e+02 1.069420776367187500e+02
1.325357666015625000e+02 1.338073120117187500e+02 1.068092651367187500e+02
1.324898681640625000e+02 1.337011718750000000e+02 1.066874389648437500e+02
1.318822021484375000e+02 1.338092651367187500e+02 1.064753417968750000e+02
1.316528320312500000e+02 1.338076782226562500e+02 1.066870117187500000e+02
1.313535156250000000e+02 1.336991577148437500e+02 1.067677612304687500e+02
1.312129516601562500e+02 1.336747436523437500e+02 1.068358154296875000e+02
1.312337036132812500e+02 1.335938720703125000e+02 1.068210449218750000e+02
1.312634887695312500e+02 1.334526367187500000e+02 1.064387817382812500e+02
1.313154907226562500e+02 1.333695678710937500e+02 1.062390136718750000e+02
1.314310302734375000e+02 1.333489379882812500e+02 1.060213012695312500e+02
1.314899902343750000e+02 1.332962036132812500e+02 1.058108520507812500e+02
1.314256591796875000e+02 1.332600097656250000e+02 1.057188720703125000e+02
1.314047851562500000e+02 1.332012939453125000e+02 1.053035888671875000e+02
1.314989013671875000e+02 1.332020874023437500e+02 1.052631835937500000e+02
1.314542236328125000e+02 1.331477050781250000e+02 1.050874023437500000e+02
1.315789184570312500e+02 1.331913452148437500e+02 1.051488647460937500e+02
1.315588378906250000e+02 1.331171875000000000e+02 1.051516723632812500e+02
1.316083984375000000e+02 1.333371582031250000e+02 1.058635864257812500e+02
1.315226440429687500e+02 1.334815063476562500e+02 1.067363281250000000e+02
1.316198730468750000e+02 1.336565551757812500e+02 1.069100952148437500e+02
1.315961303710937500e+02 1.337564697265625000e+02 1.072423706054687500e+02
1.315749511718750000e+02 1.338699340820312500e+02 1.075380249023437500e+02
1.316378173828125000e+02 1.338864135742187500e+02 1.075094604492187500e+02
1.317332763671875000e+02 1.339166870117187500e+02 1.075039672851562500e+02
1.317289428710937500e+02 1.338325805664062500e+02 1.074207763671875000e+02
1.317651977539062500e+02 1.338525390625000000e+02 1.073774414062500000e+02
1.318542480468750000e+02 1.338594360351562500e+02 1.074004516601562500e+02
1.314494018554687500e+02 1.340364379882812500e+02 1.074714965820312500e+02
1.305816650390625000e+02 1.342119750976562500e+02 1.077041015625000000e+02
1.303607177734375000e+02 1.342575073242187500e+02 1.077929077148437500e+02
1.301329345703125000e+02 1.341643066406250000e+02 1.079190063476562500e+02
1.299921264648437500e+02 1.341696777343750000e+02 1.077862548828125000e+02
1.298884887695312500e+02 1.340342407226562500e+02 1.079854125976562500e+02
1.298845214843750000e+02 1.340509643554687500e+02 1.082442626953125000e+02
1.298762817382812500e+02 1.339756469726562500e+02 1.083266601562500000e+02
1.298939819335937500e+02 1.340289306640625000e+02 1.083593750000000000e+02
1.299727172851562500e+02 1.340634765625000000e+02 1.086615600585937500e+02
1.300829467773437500e+02 1.340571289062500000e+02 1.088569946289062500e+02
1.302707519531250000e+02 1.340577392578125000e+02 1.089569702148437500e+02
1.303255615234375000e+02 1.340657348632812500e+02 1.090779418945312500e+02
1.304055786132812500e+02 1.340305786132812500e+02 1.091707763671875000e+02
1.305234375000000000e+02 1.340787353515625000e+02 1.092890014648437500e+02
1.307153930664062500e+02 1.339505615234375000e+02 1.091785888671875000e+02
1.308381347656250000e+02 1.339263305664062500e+02 1.092092285156250000e+02
1.308331909179687500e+02 1.338092651367187500e+02 1.091129150390625000e+02
1.309476928710937500e+02 1.337950439453125000e+02 1.087463378906250000e+02
1.309055786132812500e+02 1.336823120117187500e+02 1.087359008789062500e+02
1.308310546875000000e+02 1.338157348632812500e+02 1.083790893554687500e+02
1.307126464843750000e+02 1.337622070312500000e+02 1.080322265625000000e+02
1.307840576171875000e+02 1.336876220703125000e+02 1.075407104492187500e+02
1.306710205078125000e+02 1.337898559570312500e+02 1.074708862304687500e+02
1.307411499023437500e+02 1.339657592773437500e+02 1.074248657226562500e+02
1.307656860351562500e+02 1.340010986328125000e+02 1.074714965820312500e+02
1.307864990234375000e+02 1.340682373046875000e+02 1.075476684570312500e+02
1.307550048828125000e+02 1.340912475585937500e+02 1.075357666015625000e+02
1.307277221679687500e+02 1.341771850585937500e+02 1.076373901367187500e+02
1.307098999023437500e+02 1.342515258789062500e+02 1.077891845703125000e+02
1.305422363281250000e+02 1.344514160156250000e+02 1.081021118164062500e+02
1.303982543945312500e+02 1.346053466796875000e+02 1.084150390625000000e+02
1.303270263671875000e+02 1.347379760742187500e+02 1.084547119140625000e+02
1.303047485351562500e+02 1.347215576171875000e+02 1.086677856445312500e+02
1.302183837890625000e+02 1.346798095703125000e+02 1.086321411132812500e+02
1.297576904296875000e+02 1.343086547851562500e+02 1.083429565429687500e+02
1.295892333984375000e+02 1.341911621093750000e+02 1.079091186523437500e+02
1.295086059570312500e+02 1.340379638671875000e+02 1.077633056640625000e+02
1.295187377929687500e+02 1.340037231445312500e+02 1.076567993164062500e+02
1.294891967773437500e+02 1.338886108398437500e+02 1.076251220703125000e+02
1.300875854492187500e+02 1.337354125976562500e+02 1.082308349609375000e+02
1.307344970703125000e+02 1.334849243164062500e+02 1.087102661132812500e+02
1.309643554687500000e+02 1.334041748046875000e+02 1.092913818359375000e+02
1.310104370117187500e+02 1.332969970703125000e+02 1.092569580078125000e+02
1.311807861328125000e+02 1.334327392578125000e+02 1.095050048828125000e+02
1.310284423828125000e+02 1.334494018554687500e+02 1.091696166992187500e+02
1.307617187500000000e+02 1.335899658203125000e+02 1.086898193359375000e+02
1.304850463867187500e+02 1.334790039062500000e+02 1.082305297851562500e+02
1.303673095703125000e+02 1.335625610351562500e+02 1.080608520507812500e+02
1.302155761718750000e+02 1.335202026367187500e+02 1.079222412109375000e+02
1.302296752929687500e+02 1.336286621093750000e+02 1.080717163085937500e+02
1.301269531250000000e+02 1.336328735351562500e+02 1.080236206054687500e+02
1.302475585937500000e+02 1.337900390625000000e+02 1.081177368164062500e+02
1.302573852539062500e+02 1.337707519531250000e+02 1.081159057617187500e+02
1.303956909179687500e+02 1.338401489257812500e+02 1.083045654296875000e+02
1.304752197265625000e+02 1.339644165039062500e+02 1.084396362304687500e+02
1.308178710937500000e+02 1.339918212890625000e+02 1.084790649414062500e+02
1.309392089843750000e+02 1.339738159179687500e+02 1.084176025390625000e+02
1.310329589843750000e+02 1.340507202148437500e+02 1.083560180664062500e+02
1.309776000976562500e+02 1.340254516601562500e+02 1.082053833007812500e+02
1.310162963867187500e+02 1.341353759765625000e+02 1.084328002929687500e+02
1.309805297851562500e+02 1.341549682617187500e+02 1.086343383789062500e+02
1.309909667968750000e+02 1.342426147460937500e+02 1.087453613281250000e+02
1.310380859375000000e+02 1.342586059570312500e+02 1.090878295898437500e+02
1.311704101562500000e+02 1.344230346679687500e+02 1.092307739257812500e+02
1.310921020507812500e+02 1.344065551757812500e+02 1.089776611328125000e+02
1.310718994140625000e+02 1.344439697265625000e+02 1.089822998046875000e+02
1.307924804687500000e+02 1.342104492187500000e+02 1.085238647460937500e+02
1.307425537109375000e+02 1.341710205078125000e+02 1.085165405273437500e+02
1.306040649414062500e+02 1.340021972656250000e+02 1.083855590820312500e+02
1.305397338867187500e+02 1.339718017578125000e+02 1.083264770507812500e+02
1.304160766601562500e+02 1.338425903320312500e+02 1.082806396484375000e+02
1.304703369140625000e+02 1.338707885742187500e+02 1.083518676757812500e+02
1.304102172851562500e+02 1.338189697265625000e+02 1.082749023437500000e+02
1.304171752929687500e+02 1.339233398437500000e+02 1.083085327148437500e+02
1.306726684570312500e+02 1.337675781250000000e+02 1.082622680664062500e+02
1.310139160156250000e+02 1.338246459960937500e+02 1.085126953125000000e+02
1.311535034179687500e+02 1.337244873046875000e+02 1.084721069335937500e+02
1.313059082031250000e+02 1.337130126953125000e+02 1.085280761718750000e+02
1.310980834960937500e+02 1.334874877929687500e+02 1.083441772460937500e+02
1.309187011718750000e+02 1.334952392578125000e+02 1.084109497070312500e+02
1.306262817382812500e+02 1.334697875976562500e+02 1.085537109375000000e+02
1.302097167968750000e+02 1.334758911132812500e+02 1.088775634765625000e+02
1.302074584960937500e+02 1.335359497070312500e+02 1.090407104492187500e+02
1.303054199218750000e+02 1.336485595703125000e+02 1.092088012695312500e+02
1.303893432617187500e+02 1.336146240234375000e+02 1.090679321289062500e+02
1.304984130859375000e+02 1.337177734375000000e+02 1.087031860351562500e+02
1.306804809570312500e+02 1.336787109375000000e+02 1.085888671875000000e+02
1.308736572265625000e+02 1.336915283203125000e+02 1.086766967773437500e+02
1.309819946289062500e+02 1.337647705078125000e+02 1.087519531250000000e+02
1.311132812500000000e+02 1.338115844726562500e+02 1.087356567382812500e+02
1.310570068359375000e+02 1.338440551757812500e+02 1.087727050781250000e+02
1.310296630859375000e+02 1.338470458984375000e+02 1.088901977539062500e+02
1.309873657226562500e+02 1.338436889648437500e+02 1.088466796875000000e+02
1.311154785156250000e+02 1.339432373046875000e+02 1.089426879882812500e+02
1.311151733398437500e+02 1.339704589843750000e+02 1.086442871093750000e+02
1.312138061523437500e+02 1.341176147460937500e+02 1.084984130859375000e+02
1.311129760742187500e+02 1.340964965820312500e+02 1.083388061523437500e+02
1.310728149414062500e+02 1.340836181640625000e+02 1.082782592773437500e+02
1.308187866210937500e+02 1.338054199218750000e+02 1.077661132812500000e+02
1.306467895507812500e+02 1.336822509765625000e+02 1.076756591796875000e+02
1.303601684570312500e+02 1.336680297851562500e+02 1.076299438476562500e+02
1.303975830078125000e+02 1.337169189453125000e+02 1.076986694335937500e+02
1.303478393554687500e+02 1.337043457031250000e+02 1.077538452148437500e+02
1.304274291992187500e+02 1.337700805664062500e+02 1.077380371093750000e+02
1.305030517578125000e+02 1.337885742187500000e+02 1.078833618164062500e+02
1.305836791992187500e+02 1.338312988281250000e+02 1.084373779296875000e+02
1.305736694335937500e+02 1.338426513671875000e+02 1.082940673828125000e+02
1.307131958007812500e+02 1.339138793945312500e+02 1.086387939453125000e+02
1.306419677734375000e+02 1.338271484375000000e+02 1.085403442382812500e+02
1.304233398437500000e+02 1.337972412109375000e+02 1.080739746093750000e+02
1.301854858398437500e+02 1.336642456054687500e+02 1.077114257812500000e+02
1.300762329101562500e+02 1.337709960937500000e+02 1.075826416015625000e+02
1.298484497070312500e+02 1.337511596679687500e+02 1.075021972656250000e+02
1.299635620117187500e+02 1.339365844726562500e+02 1.077579956054687500e+02
1.302570800781250000e+02 1.340427246093750000e+02 1.081948852539062500e+02
1.307428588867187500e+02 1.342084960937500000e+02 1.086884155273437500e+02
1.311051025390625000e+02 1.342509155273437500e+02 1.090596313476562500e+02
1.314145507812500000e+02 1.343145141601562500e+02 1.093800048828125000e+02
1.314207763671875000e+02 1.342835083007812500e+02 1.095136108398437500e+02
1.314835815429687500e+02 1.344404907226562500e+02 1.096717529296875000e+02
1.313519897460937500e+02 1.344679565429687500e+02 1.094456787109375000e+02
1.313934936523437500e+02 1.345219726562500000e+02 1.093980102539062500e+02
1.313176879882812500e+02 1.344616088867187500e+02 1.093164062500000000e+02
1.313915405273437500e+02 1.345903930664062500e+02 1.092050781250000000e+02
1.308686523437500000e+02 1.347282104492187500e+02 1.092537841796875000e+02
1.307304687500000000e+02 1.348941040039062500e+02 1.093458251953125000e+02
1.306578369140625000e+02 1.349623413085937500e+02 1.093135986328125000e+02
1.305979614257812500e+02 1.350765380859375000e+02 1.093763427734375000e+02
1.305704956054687500e+02 1.350298461914062500e+02 1.093910522460937500e+02
1.305022583007812500e+02 1.350253295898437500e+02 1.093239746093750000e+02
1.302941894531250000e+02 1.347831420898437500e+02 1.089976196289062500e+02
1.302806396484375000e+02 1.347256469726562500e+02 1.089449462890625000e+02
1.303502807617187500e+02 1.346228637695312500e+02 1.089179687500000000e+02
1.304802856445312500e+02 1.345583496093750000e+02 1.088785400390625000e+02
1.302308349609375000e+02 1.344763793945312500e+02 1.085922851562500000e+02
1.301875000000000000e+02 1.344746704101562500e+02 1.084849243164062500e+02
1.300966796875000000e+02 1.343927001953125000e+02 1.082618408203125000e+02
1.301108398437500000e+02 1.344028930664062500e+02 1.082393798828125000e+02
1.300906982421875000e+02 1.343994750976562500e+02 1.081416625976562500e+02
1.301565551757812500e+02 1.344523925781250000e+02 1.085795288085937500e+02
1.302095336914062500e+02 1.345617065429687500e+02 1.089589233398437500e+02
1.302453613281250000e+02 1.344235839843750000e+02 1.096013183593750000e+02
1.301964721679687500e+02 1.344974365234375000e+02 1.094854736328125000e+02
1.302980957031250000e+02 1.345803222656250000e+02 1.095361938476562500e+02
1.306691894531250000e+02 1.346211547851562500e+02 1.092802124023437500e+02
1.312164306640625000e+02 1.346112670898437500e+02 1.089790649414062500e+02
1.313652343750000000e+02 1.346387939453125000e+02 1.087528686523437500e+02
1.314739990234375000e+02 1.346690063476562500e+02 1.085507202148437500e+02
1.315932006835937500e+02 1.347269287109375000e+02 1.085760498046875000e+02
1.314053344726562500e+02 1.348351440429687500e+02 1.086104736328125000e+02
1.309072875976562500e+02 1.348854370117187500e+02 1.089091186523437500e+02
1.306578979492187500e+02 1.349502563476562500e+02 1.089276123046875000e+02
1.304730224609375000e+02 1.348767700195312500e+02 1.089102783203125000e+02
1.304169921875000000e+02 1.348983764648437500e+02 1.090520629882812500e+02
1.305032958984375000e+02 1.349187622070312500e+02 1.090792846679687500e+02
1.306327514648437500e+02 1.349636840820312500e+02 1.091588134765625000e+02
1.307796630859375000e+02 1.350002441406250000e+02 1.092592163085937500e+02
1.309174194335937500e+02 1.350865478515625000e+02 1.092425537109375000e+02
1.310478515625000000e+02 1.352114868164062500e+02 1.093720092773437500e+02
1.311226806640625000e+02 1.352703247070312500e+02 1.095510253906250000e+02
1.311033935546875000e+02 1.352014770507812500e+02 1.093953857421875000e+02
1.312389526367187500e+02 1.350947265625000000e+02 1.092628173828125000e+02
1.312990722656250000e+02 1.350357055664062500e+02 1.092535400390625000e+02
1.314063720703125000e+02 1.350613403320312500e+02 1.094329833984375000e+02
1.312707519531250000e+02 1.348673095703125000e+02 1.086400146484375000e+02
1.311452026367187500e+02 1.347868041992187500e+02 1.083133544921875000e+02
1.310484008789062500e+02 1.347639160156250000e+02 1.078442382812500000e+02
1.309544677734375000e+02 1.347930908203125000e+02 1.076381835937500000e+02
1.308149414062500000e+02 1.347940063476562500e+02 1.074941406250000000e+02
1.307590332031250000e+02 1.347913818359375000e+02 1.072153930664062500e+02
1.307382202148437500e+02 1.347674560546875000e+02 1.071680908203125000e+02
1.306167602539062500e+02 1.346974487304687500e+02 1.070142822265625000e+02
1.305181274414062500e+02 1.347242431640625000e+02 1.070347900390625000e+02
1.304808349609375000e+02 1.347500610351562500e+02 1.070413818359375000e+02
1.305272827148437500e+02 1.348921508789062500e+02 1.070957031250000000e+02
1.306884155273437500e+02 1.349389038085937500e+02 1.072026367187500000e+02
1.308464355468750000e+02 1.349451293945312500e+02 1.074059448242187500e+02
1.309518432617187500e+02 1.350297241210937500e+02 1.075937500000000000e+02
1.310416870117187500e+02 1.350982055664062500e+02 1.076018676757812500e+02
1.309515380859375000e+02 1.352328491210937500e+02 1.083939819335937500e+02
1.308428344726562500e+02 1.352734985351562500e+02 1.092418212890625000e+02
1.309194946289062500e+02 1.353524780273437500e+02 1.096361083984375000e+02
1.308537597656250000e+02 1.353688354492187500e+02 1.098111572265625000e+02
1.306093139648437500e+02 1.353215942382812500e+02 1.098731689453125000e+02
1.306163940429687500e+02 1.353394165039062500e+02 1.099827880859375000e+02
1.305411987304687500e+02 1.353536987304687500e+02 1.098614501953125000e+02
1.304826660156250000e+02 1.353492431640625000e+02 1.097585449218750000e+02
1.304393920898437500e+02 1.353943481445312500e+02 1.096491088867187500e+02
1.305611572265625000e+02 1.355245971679687500e+02 1.097528076171875000e+02
1.308259887695312500e+02 1.354827880859375000e+02 1.096143188476562500e+02
1.309550170898437500e+02 1.355044555664062500e+02 1.091724243164062500e+02
1.310762329101562500e+02 1.354282226562500000e+02 1.087890625000000000e+02
1.309738769531250000e+02 1.353191528320312500e+02 1.085786743164062500e+02
1.308400878906250000e+02 1.351322021484375000e+02 1.085770263671875000e+02
1.310217285156250000e+02 1.350164184570312500e+02 1.084493408203125000e+02
1.311039428710937500e+02 1.349653320312500000e+02 1.084750976562500000e+02
1.312373657226562500e+02 1.349838867187500000e+02 1.084911499023437500e+02
1.312796630859375000e+02 1.349095458984375000e+02 1.084265747070312500e+02
1.315001220703125000e+02 1.348540039062500000e+02 1.085355224609375000e+02
1.313952636718750000e+02 1.348667602539062500e+02 1.087321777343750000e+02
1.312263183593750000e+02 1.349162597656250000e+02 1.086130371093750000e+02
1.307442626953125000e+02 1.346899414062500000e+02 1.085108032226562500e+02
1.308167724609375000e+02 1.348533935546875000e+02 1.085643920898437500e+02
1.308021850585937500e+02 1.348630981445312500e+02 1.084960327148437500e+02
1.307521362304687500e+02 1.348186645507812500e+02 1.084014282226562500e+02
1.306237792968750000e+02 1.347228393554687500e+02 1.081566162109375000e+02
1.306580810546875000e+02 1.347849121093750000e+02 1.080484619140625000e+02
1.306666259765625000e+02 1.347718505859375000e+02 1.080391845703125000e+02
1.307083740234375000e+02 1.348029785156250000e+02 1.082685546875000000e+02
1.305277709960937500e+02 1.348103637695312500e+02 1.082792968750000000e+02
1.304772949218750000e+02 1.349008789062500000e+02 1.083742675781250000e+02
1.303030395507812500e+02 1.349682006835937500e+02 1.083377685546875000e+02
1.300057373046875000e+02 1.349776611328125000e+02 1.083162841796875000e+02
1.298942260742187500e+02 1.350379028320312500e+02 1.083318481445312500e+02
1.298879394531250000e+02 1.350227661132812500e+02 1.085530395507812500e+02
1.297666625976562500e+02 1.350833740234375000e+02 1.084987792968750000e+02
1.297792358398437500e+02 1.351138305664062500e+02 1.086432495117187500e+02
1.296828613281250000e+02 1.350617065429687500e+02 1.087643432617187500e+02
1.297426757812500000e+02 1.350828247070312500e+02 1.088496093750000000e+02
1.299138793945312500e+02 1.351799316406250000e+02 1.082614135742187500e+02
1.303192138671875000e+02 1.351577148437500000e+02 1.083903808593750000e+02
1.305812377929687500e+02 1.352102050781250000e+02 1.083647460937500000e+02
1.306939697265625000e+02 1.353006591796875000e+02 1.083373413085937500e+02
1.307453613281250000e+02 1.353277587890625000e+02 1.082666015625000000e+02
1.303927001953125000e+02 1.353756713867187500e+02 1.084074707031250000e+02
1.298525390625000000e+02 1.352684326171875000e+02 1.083781127929687500e+02
1.297462158203125000e+02 1.352159423828125000e+02 1.083379516601562500e+02
1.296032104492187500e+02 1.350452270507812500e+02 1.084655761718750000e+02
1.296145629882812500e+02 1.350357666015625000e+02 1.085163574218750000e+02
1.293128051757812500e+02 1.348512573242187500e+02 1.083189086914062500e+02
1.291824340820312500e+02 1.347008056640625000e+02 1.078750000000000000e+02
1.289826660156250000e+02 1.343624877929687500e+02 1.076734619140625000e+02
1.288411865234375000e+02 1.343812866210937500e+02 1.075954589843750000e+02
1.287132568359375000e+02 1.342584838867187500e+02 1.074205932617187500e+02
1.289078369140625000e+02 1.342233276367187500e+02 1.073891601562500000e+02
1.288742675781250000e+02 1.341036987304687500e+02 1.068982543945312500e+02
1.288908081054687500e+02 1.341392822265625000e+02 1.068492431640625000e+02
1.288228759765625000e+02 1.340033569335937500e+02 1.067180786132812500e+02
1.288744506835937500e+02 1.340302124023437500e+02 1.066683349609375000e+02
1.289185791015625000e+02 1.339168090820312500e+02 1.065499877929687500e+02
1.290723266601562500e+02 1.340119018554687500e+02 1.067310180664062500e+02
1.291500244140625000e+02 1.340654907226562500e+02 1.068515014648437500e+02
1.293168945312500000e+02 1.341694335937500000e+02 1.070899658203125000e+02
1.295277099609375000e+02 1.341783447265625000e+02 1.070962524414062500e+02
1.298070068359375000e+02 1.342611694335937500e+02 1.072143554687500000e+02
1.298085937500000000e+02 1.342279052734375000e+02 1.070902099609375000e+02
1.298844604492187500e+02 1.343086547851562500e+02 1.070692749023437500e+02
1.298908691406250000e+02 1.342636108398437500e+02 1.070411376953125000e+02
1.299314575195312500e+02 1.342612915039062500e+02 1.070109252929687500e+02
1.301443481445312500e+02 1.341958007812500000e+02 1.071156616210937500e+02
1.302633666992187500e+02 1.342762451171875000e+02 1.072471923828125000e+02
1.303839721679687500e+02 1.342894897460937500e+02 1.074531250000000000e+02
1.305880737304687500e+02 1.344175415039062500e+02 1.075580444335937500e+02
1.306428222656250000e+02 1.344376831054687500e+02 1.076288452148437500e+02
1.304622192382812500e+02 1.345455932617187500e+02 1.073173217773437500e+02
1.302061157226562500e+02 1.344479980468750000e+02 1.069266357421875000e+02
1.301287841796875000e+02 1.344940185546875000e+02 1.068500976562500000e+02
1.299807739257812500e+02 1.343342285156250000e+02 1.065542602539062500e+02
1.299716796875000000e+02 1.343915405273437500e+02 1.065540161132812500e+02
1.299404296875000000e+02 1.342653808593750000e+02 1.066113891601562500e+02
1.300664672851562500e+02 1.342469482421875000e+02 1.068996582031250000e+02
1.298207397460937500e+02 1.339249267578125000e+02 1.068923950195312500e+02
1.299148559570312500e+02 1.340092773437500000e+02 1.069359130859375000e+02
1.299530639648437500e+02 1.339382324218750000e+02 1.069084472656250000e+02
1.299437255859375000e+02 1.338916625976562500e+02 1.068621215820312500e+02
1.298650512695312500e+02 1.338121948242187500e+02 1.068177490234375000e+02
1.299124145507812500e+02 1.338772583007812500e+02 1.068402099609375000e+02
1.297620239257812500e+02 1.337145996093750000e+02 1.066228027343750000e+02
1.298760986328125000e+02 1.338052978515625000e+02 1.065951538085937500e+02
1.295985717773437500e+02 1.337121582031250000e+02 1.063491210937500000e+02
1.296049194335937500e+02 1.338331298828125000e+02 1.063944702148437500e+02
1.295834350585937500e+02 1.337830200195312500e+02 1.061749267578125000e+02
1.296167602539062500e+02 1.339656982421875000e+02 1.062438354492187500e+02
1.295981445312500000e+02 1.340095825195312500e+02 1.063151855468750000e+02
1.299479370117187500e+02 1.341613769531250000e+02 1.063852539062500000e+02
1.301887207031250000e+02 1.342576293945312500e+02 1.065089721679687500e+02
1.304394531250000000e+02 1.342892456054687500e+02 1.066383056640625000e+02
1.304489746093750000e+02 1.342185058593750000e+02 1.065443115234375000e+02
1.305232543945312500e+02 1.342379760742187500e+02 1.065780029296875000e+02
1.304580688476562500e+02 1.341351318359375000e+02 1.064839477539062500e+02
1.304996948242187500e+02 1.341414794921875000e+02 1.065036621093750000e+02
1.304716186523437500e+02 1.340928344726562500e+02 1.065670776367187500e+02
1.305903930664062500e+02 1.340978393554687500e+02 1.067186279296875000e+02
1.305616455078125000e+02 1.340513916015625000e+02 1.067033691406250000e+02
1.304827880859375000e+02 1.341317138671875000e+02 1.065566406250000000e+02
1.301491088867187500e+02 1.341403198242187500e+02 1.062890625000000000e+02
1.300388793945312500e+02 1.342136230468750000e+02 1.062786254882812500e+02
1.295720825195312500e+02 1.340092163085937500e+02 1.059835205078125000e+02
1.294799194335937500e+02 1.340151977539062500e+02 1.059440307617187500e+02
1.295764770507812500e+02 1.338840332031250000e+02 1.057501831054687500e+02
1.296166381835937500e+02 1.339402465820312500e+02 1.056838378906250000e+02
1.295186767578125000e+02 1.338286132812500000e+02 1.056575927734375000e+02
1.295100097656250000e+02 1.337953491210937500e+02 1.055671997070312500e+02
1.294033813476562500e+02 1.335213012695312500e+02 1.052783813476562500e+02
1.294920654296875000e+02 1.333966674804687500e+02 1.051617431640625000e+02
1.293375854492187500e+02 1.331182250976562500e+02 1.048518676757812500e+02
1.293035278320312500e+02 1.330957641601562500e+02 1.048253784179687500e+02
1.291237792968750000e+02 1.328910522460937500e+02 1.047216186523437500e+02
1.291803588867187500e+02 1.328870239257812500e+02 1.046931152343750000e+02
1.291450805664062500e+02 1.327929687500000000e+02 1.045508422851562500e+02
1.292446899414062500e+02 1.327935791015625000e+02 1.044796752929687500e+02
1.291501464843750000e+02 1.326765136718750000e+02 1.043127441406250000e+02
1.292893676757812500e+02 1.327007446289062500e+02 1.044509887695312500e+02
1.293162841796875000e+02 1.327281494140625000e+02 1.043645629882812500e+02
1.293001708984375000e+02 1.328665771484375000e+02 1.044899291992187500e+02
1.290468750000000000e+02 1.328116455078125000e+02 1.043797607421875000e+02
1.287600097656250000e+02 1.328689575195312500e+02 1.044049072265625000e+02
1.285878906250000000e+02 1.328348999023437500e+02 1.043735961914062500e+02
1.283286743164062500e+02 1.328883056640625000e+02 1.043999023437500000e+02
1.280233154296875000e+02 1.329530639648437500e+02 1.045131225585937500e+02
1.280347290039062500e+02 1.330350341796875000e+02 1.047402343750000000e+02
1.279033203125000000e+02 1.330105590820312500e+02 1.050147705078125000e+02
1.278625488281250000e+02 1.330654907226562500e+02 1.051987304687500000e+02
1.277557983398437500e+02 1.331602172851562500e+02 1.051617431640625000e+02
1.281925048828125000e+02 1.332058105468750000e+02 1.049023437500000000e+02
1.286619873046875000e+02 1.331672973632812500e+02 1.048688964843750000e+02
1.289269409179687500e+02 1.332550048828125000e+02 1.047977905273437500e+02
1.291138305664062500e+02 1.331815795898437500e+02 1.047317504882812500e+02
1.291865234375000000e+02 1.332855224609375000e+02 1.045465698242187500e+02
1.288726196289062500e+02 1.331292114257812500e+02 1.043603515625000000e+02
1.282323608398437500e+02 1.330264282226562500e+02 1.041857299804687500e+02
1.275151367187500000e+02 1.327587280273437500e+02 1.036267700195312500e+02
1.275044555664062500e+02 1.327313232421875000e+02 1.037846069335937500e+02
1.275287475585937500e+02 1.327824096679687500e+02 1.038642578125000000e+02
1.277861938476562500e+02 1.327913208007812500e+02 1.042041625976562500e+02
1.279115600585937500e+02 1.327698974609375000e+02 1.043683471679687500e+02
1.280578613281250000e+02 1.327965698242187500e+02 1.046636962890625000e+02
1.281166992187500000e+02 1.327652587890625000e+02 1.046553344726562500e+02
1.281917114257812500e+02 1.328146362304687500e+02 1.049039916992187500e+02
1.285820922851562500e+02 1.327562866210937500e+02 1.047651977539062500e+02
1.287929077148437500e+02 1.325821533203125000e+02 1.046451416015625000e+02
1.287348022460937500e+02 1.325040893554687500e+02 1.043558349609375000e+02
1.285120849609375000e+02 1.324160156250000000e+02 1.041644287109375000e+02
1.282286987304687500e+02 1.321259765625000000e+02 1.038344116210937500e+02
1.278778076171875000e+02 1.320207519531250000e+02 1.039909667968750000e+02
1.274503784179687500e+02 1.319531860351562500e+02 1.040791015625000000e+02
1.273026123046875000e+02 1.320432739257812500e+02 1.043430786132812500e+02
1.273237915039062500e+02 1.322290649414062500e+02 1.046262817382812500e+02
1.272615966796875000e+02 1.323129272460937500e+02 1.046107788085937500e+02
1.274439697265625000e+02 1.323210449218750000e+02 1.045969848632812500e+02
1.276925048828125000e+02 1.323374023437500000e+02 1.045679931640625000e+02
1.278703613281250000e+02 1.324252929687500000e+02 1.046151733398437500e+02
1.279801025390625000e+02 1.324846801757812500e+02 1.045800781250000000e+02
1.280784301757812500e+02 1.324974975585937500e+02 1.045059204101562500e+02
1.281974487304687500e+02 1.324577636718750000e+02 1.042119140625000000e+02
1.283170776367187500e+02 1.325100097656250000e+02 1.041756591796875000e+02
1.284357910156250000e+02 1.325678710937500000e+02 1.038550415039062500e+02
1.285529174804687500e+02 1.326804809570312500e+02 1.038905639648437500e+02
1.286803588867187500e+02 1.328323364257812500e+02 1.039105224609375000e+02
1.288340454101562500e+02 1.329711914062500000e+02 1.036356201171875000e+02
1.289846801757812500e+02 1.330614624023437500e+02 1.037112426757812500e+02
1.289898681640625000e+02 1.332014770507812500e+02 1.036878051757812500e+02
1.290172729492187500e+02 1.332323608398437500e+02 1.035770263671875000e+02
1.288540039062500000e+02 1.331918945312500000e+02 1.034114379882812500e+02
1.282453613281250000e+02 1.330549926757812500e+02 1.033925170898437500e+02
1.279313354492187500e+02 1.327639160156250000e+02 1.034891357421875000e+02
1.276824951171875000e+02 1.326542358398437500e+02 1.035853271484375000e+02
1.275029296875000000e+02 1.325786132812500000e+02 1.037360839843750000e+02
1.274968872070312500e+02 1.324879760742187500e+02 1.037957763671875000e+02
1.277775878906250000e+02 1.324599609375000000e+02 1.038236694335937500e+02
1.280631103515625000e+02 1.323478393554687500e+02 1.038284301757812500e+02
1.281735229492187500e+02 1.323643798828125000e+02 1.038090820312500000e+02
1.282413330078125000e+02 1.323103637695312500e+02 1.037256469726562500e+02
1.282558593750000000e+02 1.323148803710937500e+02 1.036224365234375000e+02
1.282782592773437500e+02 1.321872558593750000e+02 1.034577636718750000e+02
1.282187500000000000e+02 1.321912231445312500e+02 1.033225097656250000e+02
1.281162109375000000e+02 1.321072387695312500e+02 1.031649780273437500e+02
1.281126708984375000e+02 1.321325683593750000e+02 1.031254272460937500e+02
1.281657104492187500e+02 1.321019897460937500e+02 1.031362915039062500e+02
1.282872314453125000e+02 1.322400512695312500e+02 1.031685791015625000e+02
1.283307495117187500e+02 1.322854614257812500e+02 1.031137695312500000e+02
1.283388671875000000e+02 1.324154052734375000e+02 1.030772094726562500e+02
1.283829956054687500e+02 1.325281982421875000e+02 1.030308837890625000e+02
1.283378295898437500e+02 1.326519165039062500e+02 1.030439453125000000e+02
1.283460083007812500e+02 1.325571899414062500e+02 1.033110351562500000e+02
1.283881225585937500e+02 1.325482177734375000e+02 1.036231689453125000e+02
1.283334350585937500e+02 1.324654541015625000e+02 1.037276000976562500e+02
1.283961791992187500e+02 1.324834594726562500e+02 1.037509765625000000e+02
1.283827514648437500e+02 1.325118408203125000e+02 1.037628173828125000e+02
1.285289916992187500e+02 1.325559082031250000e+02 1.038515625000000000e+02
1.286087036132812500e+02 1.325739135742187500e+02 1.038927612304687500e+02
1.287366333007812500e+02 1.324844360351562500e+02 1.041120605468750000e+02
1.287716064453125000e+02 1.324505004882812500e+02 1.041383666992187500e+02
1.287536010742187500e+02 1.325349121093750000e+02 1.040910034179687500e+02
1.285881958007812500e+02 1.324738159179687500e+02 1.038303833007812500e+02
1.283678588867187500e+02 1.324703979492187500e+02 1.034432373046875000e+02
1.280126342773437500e+02 1.321959228515625000e+02 1.030994262695312500e+02
1.279658813476562500e+02 1.321279907226562500e+02 1.029288940429687500e+02
1.280299682617187500e+02 1.321265258789062500e+02 1.028445434570312500e+02
1.282982788085937500e+02 1.322072143554687500e+02 1.031651000976562500e+02
1.283367919921875000e+02 1.320471801757812500e+02 1.030969848632812500e+02
1.284066162109375000e+02 1.321113891601562500e+02 1.031789550781250000e+02
1.283740234375000000e+02 1.319700927734375000e+02 1.031337890625000000e+02
1.283763427734375000e+02 1.319655761718750000e+02 1.031835327148437500e+02
1.280225830078125000e+02 1.318278808593750000e+02 1.029289550781250000e+02
1.278512573242187500e+02 1.318522338867187500e+02 1.027816162109375000e+02
1.274295654296875000e+02 1.316478271484375000e+02 1.025361328125000000e+02
1.273353881835937500e+02 1.316839599609375000e+02 1.024164428710937500e+02
1.270398559570312500e+02 1.314583129882812500e+02 1.021048583984375000e+02
1.269489135742187500e+02 1.315995483398437500e+02 1.019641113281250000e+02
1.266274414062500000e+02 1.316237182617187500e+02 1.018801879882812500e+02
1.266759643554687500e+02 1.317337646484375000e+02 1.018713378906250000e+02
1.266647949218750000e+02 1.317669677734375000e+02 1.019005737304687500e+02
1.266998901367187500e+02 1.319786987304687500e+02 1.020541381835937500e+02
1.268187866210937500e+02 1.318192138671875000e+02 1.022265014648437500e+02
1.270678710937500000e+02 1.319237060546875000e+02 1.025634765625000000e+02
1.271300659179687500e+02 1.319392089843750000e+02 1.027850341796875000e+02
1.272733154296875000e+02 1.320429687500000000e+02 1.029367675781250000e+02
1.273107299804687500e+02 1.319415283203125000e+02 1.030153808593750000e+02
1.273178100585937500e+02 1.319329833984375000e+02 1.029304809570312500e+02
1.271498413085937500e+02 1.318913574218750000e+02 1.027368774414062500e+02
1.271849975585937500e+02 1.318233642578125000e+02 1.026930541992187500e+02
1.271481323242187500e+02 1.318987426757812500e+02 1.026071777343750000e+02
1.273919677734375000e+02 1.320977172851562500e+02 1.027078247070312500e+02
1.273474731445312500e+02 1.320773315429687500e+02 1.027041015625000000e+02
1.272248535156250000e+02 1.319926147460937500e+02 1.027319946289062500e+02
1.266976928710937500e+02 1.316843872070312500e+02 1.023539428710937500e+02
1.264919433593750000e+02 1.317160644531250000e+02 1.022824707031250000e+02
1.262091674804687500e+02 1.315137329101562500e+02 1.019773559570312500e+02
1.262221069335937500e+02 1.314685058593750000e+02 1.020365600585937500e+02
1.261687622070312500e+02 1.313341064453125000e+02 1.022113647460937500e+02
1.263774414062500000e+02 1.315009765625000000e+02 1.023748168945312500e+02
1.263385009765625000e+02 1.314589233398437500e+02 1.023428955078125000e+02
1.264512329101562500e+02 1.315717773437500000e+02 1.023983764648437500e+02
1.264735717773437500e+02 1.315150146484375000e+02 1.023705444335937500e+02
1.265346679687500000e+02 1.315962524414062500e+02 1.023391113281250000e+02
1.265426635742187500e+02 1.315945434570312500e+02 1.022921752929687500e+02
1.265567626953125000e+02 1.317844238281250000e+02 1.023234252929687500e+02
1.264498901367187500e+02 1.317434692382812500e+02 1.022772827148437500e+02
1.260823974609375000e+02 1.317533569335937500e+02 1.023287353515625000e+02
1.254934692382812500e+02 1.316209106445312500e+02 1.021536254882812500e+02
1.251835327148437500e+02 1.315731811523437500e+02 1.020883178710937500e+02
1.249154052734375000e+02 1.313901977539062500e+02 1.019778442382812500e+02
1.249495239257812500e+02 1.315007324218750000e+02 1.021795654296875000e+02
1.250722656250000000e+02 1.315146484375000000e+02 1.021480712890625000e+02
1.252742309570312500e+02 1.316519165039062500e+02 1.022263793945312500e+02
1.254328002929687500e+02 1.316649780273437500e+02 1.022748413085937500e+02
1.255287475585937500e+02 1.317039184570312500e+02 1.023894042968750000e+02
1.253673706054687500e+02 1.315167846679687500e+02 1.022205810546875000e+02
1.254014892578125000e+02 1.315959472656250000e+02 1.022511596679687500e+02
1.253881225585937500e+02 1.315787353515625000e+02 1.021947631835937500e+02
1.254219360351562500e+02 1.315020141601562500e+02 1.021987304687500000e+02
1.253070068359375000e+02 1.314687500000000000e+02 1.020712890625000000e+02
1.253611450195312500e+02 1.314993286132812500e+02 1.020645751953125000e+02
1.251746215820312500e+02 1.315318603515625000e+02 1.019182128906250000e+02
1.253185424804687500e+02 1.317874755859375000e+02 1.019398193359375000e+02
1.250985107421875000e+02 1.317702026367187500e+02 1.019448242187500000e+02
1.250438842773437500e+02 1.318797607421875000e+02 1.018347778320312500e+02
1.247482910156250000e+02 1.317391357421875000e+02 1.016610717773437500e+02
1.245426635742187500e+02 1.318323974609375000e+02 1.019179687500000000e+02
1.241484375000000000e+02 1.314174804687500000e+02 1.017121582031250000e+02
1.239557495117187500e+02 1.312527465820312500e+02 1.016416625976562500e+02
1.237297973632812500e+02 1.309983520507812500e+02 1.014304199218750000e+02
1.236821899414062500e+02 1.310063476562500000e+02 1.013682861328125000e+02
1.236989135742187500e+02 1.309246826171875000e+02 1.013394775390625000e+02
1.238720092773437500e+02 1.309759521484375000e+02 1.014091796875000000e+02
1.238119506835937500e+02 1.308820190429687500e+02 1.012628173828125000e+02
1.239344482421875000e+02 1.309612426757812500e+02 1.014240722656250000e+02
1.237749633789062500e+02 1.308048095703125000e+02 1.013186035156250000e+02
1.238726196289062500e+02 1.307534790039062500e+02 1.014652709960937500e+02
1.236228637695312500e+02 1.304202880859375000e+02 1.012302856445312500e+02
1.234577026367187500e+02 1.302424926757812500e+02 1.011148681640625000e+02
1.231419677734375000e+02 1.299602661132812500e+02 1.008714599609375000e+02
1.230939331054687500e+02 1.298928222656250000e+02 1.009709472656250000e+02
1.230225830078125000e+02 1.298587036132812500e+02 1.009132690429687500e+02
1.232656250000000000e+02 1.300856323242187500e+02 1.011655273437500000e+02
1.233102416992187500e+02 1.302332153320312500e+02 1.012089843750000000e+02
1.237084350585937500e+02 1.307226562500000000e+02 1.017199096679687500e+02
1.237572631835937500e+02 1.307578735351562500e+02 1.019254150390625000e+02
1.239392089843750000e+02 1.310233154296875000e+02 1.018135375976562500e+02
1.240489501953125000e+02 1.310211791992187500e+02 1.017714233398437500e+02
1.241183471679687500e+02 1.311003417968750000e+02 1.017919921875000000e+02
1.242109375000000000e+02 1.311318969726562500e+02 1.016973876953125000e+02
1.243288574218750000e+02 1.311600952148437500e+02 1.016952514648437500e+02
1.240474243164062500e+02 1.309807739257812500e+02 1.015986938476562500e+02
1.239984741210937500e+02 1.312109375000000000e+02 1.017224121093750000e+02
1.239116210937500000e+02 1.313670654296875000e+02 1.018424682617187500e+02
1.241209106445312500e+02 1.316660156250000000e+02 1.021271362304687500e+02
1.242420654296875000e+02 1.318117065429687500e+02 1.022617187500000000e+02
1.244581909179687500e+02 1.319816284179687500e+02 1.024698486328125000e+02
1.244777832031250000e+02 1.320438232421875000e+02 1.024762573242187500e+02
1.244934082031250000e+02 1.320988159179687500e+02 1.025366821289062500e+02
1.243444213867187500e+02 1.318579101562500000e+02 1.023478393554687500e+02
1.245481567382812500e+02 1.319280395507812500e+02 1.024725341796875000e+02
1.244992065429687500e+02 1.318311767578125000e+02 1.023761596679687500e+02
1.245712280273437500e+02 1.318823852539062500e+02 1.023486938476562500e+02
1.244998779296875000e+02 1.318662719726562500e+02 1.022119750976562500e+02
1.245703735351562500e+02 1.318654174804687500e+02 1.022438354492187500e+02
1.247230224609375000e+02 1.319908447265625000e+02 1.022730102539062500e+02
1.249078369140625000e+02 1.320654907226562500e+02 1.023966674804687500e+02
1.250598144531250000e+02 1.320582275390625000e+02 1.024388427734375000e+02
1.251740722656250000e+02 1.321164550781250000e+02 1.025523071289062500e+02
1.250718383789062500e+02 1.320249023437500000e+02 1.024953002929687500e+02
1.251184692382812500e+02 1.320408325195312500e+02 1.025133056640625000e+02
1.252338256835937500e+02 1.318804321289062500e+02 1.022924804687500000e+02
1.253649291992187500e+02 1.316234130859375000e+02 1.020512695312500000e+02
1.252693481445312500e+02 1.313259887695312500e+02 1.018441772460937500e+02
1.253067626953125000e+02 1.313148193359375000e+02 1.018273925781250000e+02
1.254676513671875000e+02 1.314294433593750000e+02 1.019703369140625000e+02
1.255001831054687500e+02 1.314066772460937500e+02 1.024598999023437500e+02
1.253253784179687500e+02 1.314674072265625000e+02 1.029448242187500000e+02
1.251651000976562500e+02 1.314408569335937500e+02 1.031886596679687500e+02
1.252119140625000000e+02 1.315242309570312500e+02 1.033598632812500000e+02
1.252230224609375000e+02 1.316450195312500000e+02 1.035063476562500000e+02
1.252655029296875000e+02 1.316614990234375000e+02 1.032727661132812500e+02
1.253104248046875000e+02 1.315977783203125000e+02 1.031085815429687500e+02
1.253996582031250000e+02 1.316275024414062500e+02 1.030841064453125000e+02
1.254301147460937500e+02 1.316393432617187500e+02 1.030173950195312500e+02
1.253179321289062500e+02 1.315302124023437500e+02 1.028652954101562500e+02
1.252176513671875000e+02 1.314575195312500000e+02 1.027720336914062500e+02
1.251331176757812500e+02 1.313779907226562500e+02 1.027458496093750000e+02
1.248180541992187500e+02 1.313120117187500000e+02 1.027325439453125000e+02
1.245612182617187500e+02 1.311693115234375000e+02 1.026706542968750000e+02
1.246073608398437500e+02 1.313033447265625000e+02 1.028508911132812500e+02
1.247577514648437500e+02 1.313608398437500000e+02 1.028785400390625000e+02
1.250312500000000000e+02 1.315622558593750000e+02 1.030023803710937500e+02
1.252219238281250000e+02 1.317562255859375000e+02 1.030933837890625000e+02
1.253825683593750000e+02 1.318569335937500000e+02 1.032452392578125000e+02
1.254938964843750000e+02 1.318936157226562500e+02 1.033003540039062500e+02
1.260137939453125000e+02 1.317764282226562500e+02 1.033211059570312500e+02
1.260371704101562500e+02 1.316632690429687500e+02 1.033107910156250000e+02
1.261456298828125000e+02 1.316516723632812500e+02 1.033353271484375000e+02
1.261530761718750000e+02 1.315428466796875000e+02 1.032969360351562500e+02
1.259692382812500000e+02 1.313511352539062500e+02 1.030919189453125000e+02
1.256522216796875000e+02 1.311877441406250000e+02 1.028782958984375000e+02
1.256065063476562500e+02 1.311193847656250000e+02 1.027782592773437500e+02
1.255213012695312500e+02 1.311209106445312500e+02 1.027321777343750000e+02
1.255194091796875000e+02 1.313187866210937500e+02 1.028605957031250000e+02
1.257063598632812500e+02 1.314641113281250000e+02 1.030084228515625000e+02
1.260585327148437500e+02 1.317256469726562500e+02 1.034030761718750000e+02
1.263427734375000000e+02 1.319647827148437500e+02 1.036816406250000000e+02
1.264725952148437500e+02 1.320234985351562500e+02 1.038621826171875000e+02
1.266209716796875000e+02 1.320851440429687500e+02 1.041391601562500000e+02
1.266926269531250000e+02 1.321813964843750000e+02 1.042778930664062500e+02
1.267468261718750000e+02 1.322535400390625000e+02 1.041182250976562500e+02
1.265978393554687500e+02 1.321221313476562500e+02 1.038118286132812500e+02
1.265457153320312500e+02 1.320883789062500000e+02 1.037091064453125000e+02
1.264807128906250000e+02 1.320592041015625000e+02 1.035319213867187500e+02
1.263658447265625000e+02 1.319849243164062500e+02 1.034140625000000000e+02
1.261821899414062500e+02 1.318368530273437500e+02 1.032188720703125000e+02
1.260680541992187500e+02 1.317123413085937500e+02 1.031510620117187500e+02
1.260137939453125000e+02 1.315463256835937500e+02 1.029641723632812500e+02
1.259632568359375000e+02 1.314863281250000000e+02 1.029538574218750000e+02
1.260480957031250000e+02 1.315305786132812500e+02 1.030732421875000000e+02
1.263113403320312500e+02 1.315998535156250000e+02 1.030098876953125000e+02
1.264747924804687500e+02 1.316476440429687500e+02 1.029392089843750000e+02
1.267001342773437500e+02 1.317283325195312500e+02 1.029443969726562500e+02
1.268193969726562500e+02 1.316796264648437500e+02 1.029597167968750000e+02
1.269171142578125000e+02 1.316863403320312500e+02 1.029326171875000000e+02
1.268220825195312500e+02 1.314968872070312500e+02 1.028443603515625000e+02
1.267921752929687500e+02 1.314509887695312500e+02 1.027968139648437500e+02
1.267037963867187500e+02 1.312778930664062500e+02 1.027058715820312500e+02
1.265165405273437500e+02 1.310514526367187500e+02 1.024433593750000000e+02
1.262305908203125000e+02 1.308110351562500000e+02 1.021544799804687500e+02
1.259290161132812500e+02 1.306965942382812500e+02 1.019823608398437500e+02
1.258442382812500000e+02 1.306634521484375000e+02 1.018664550781250000e+02
1.258624877929687500e+02 1.307393188476562500e+02 1.018708496093750000e+02
1.257767333984375000e+02 1.306788940429687500e+02 1.019290771484375000e+02
1.258018188476562500e+02 1.308452148437500000e+02 1.020454101562500000e+02
1.258492431640625000e+02 1.308630981445312500e+02 1.022387084960937500e+02
1.259318237304687500e+02 1.310429687500000000e+02 1.023477172851562500e+02
1.258737182617187500e+02 1.307703857421875000e+02 1.020751342773437500e+02
1.259816894531250000e+02 1.308786621093750000e+02 1.022028198242187500e+02
1.259275512695312500e+02 1.308495483398437500e+02 1.021656494140625000e+02
1.257269897460937500e+02 1.307885131835937500e+02 1.019816894531250000e+02
1.254619140625000000e+02 1.306542968750000000e+02 1.016943969726562500e+02
1.254580078125000000e+02 1.307399902343750000e+02 1.015167846679687500e+02
1.253159179687500000e+02 1.307289428710937500e+02 1.013677978515625000e+02
1.253989257812500000e+02 1.308508300781250000e+02 1.015093383789062500e+02
1.254469604492187500e+02 1.308699951171875000e+02 1.016325683593750000e+02
1.254376220703125000e+02 1.309143676757812500e+02 1.017493896484375000e+02
1.254120483398437500e+02 1.309099121093750000e+02 1.016891479492187500e+02
1.252054443359375000e+02 1.307368164062500000e+02 1.015186157226562500e+02
1.249731445312500000e+02 1.304756469726562500e+02 1.013205566406250000e+02
1.249162597656250000e+02 1.305194091796875000e+02 1.014755859375000000e+02
1.247450561523437500e+02 1.303410644531250000e+02 1.015607910156250000e+02
1.248005981445312500e+02 1.303550415039062500e+02 1.017262573242187500e+02
1.246951904296875000e+02 1.302576293945312500e+02 1.016601562500000000e+02
1.246998901367187500e+02 1.302137451171875000e+02 1.016409912109375000e+02
1.246651611328125000e+02 1.299878540039062500e+02 1.017836914062500000e+02
1.247308959960937500e+02 1.299341430664062500e+02 1.019167480468750000e+02
1.247203979492187500e+02 1.298125000000000000e+02 1.018375244140625000e+02
1.249389038085937500e+02 1.298057861328125000e+02 1.019588012695312500e+02
1.248129882812500000e+02 1.296255493164062500e+02 1.018730468750000000e+02
1.249530639648437500e+02 1.296895751953125000e+02 1.018309326171875000e+02
1.250784912109375000e+02 1.296083984375000000e+02 1.018231811523437500e+02
1.253853149414062500e+02 1.297984008789062500e+02 1.020964965820312500e+02
1.256472167968750000e+02 1.299597167968750000e+02 1.023486938476562500e+02
1.259574584960937500e+02 1.301611328125000000e+02 1.025824584960937500e+02
1.256814575195312500e+02 1.301959228515625000e+02 1.025502929687500000e+02
1.254766845703125000e+02 1.302623901367187500e+02 1.025408935546875000e+02
1.250498657226562500e+02 1.301936035156250000e+02 1.023944702148437500e+02
1.248917846679687500e+02 1.301652221679687500e+02 1.022280273437500000e+02
1.247197875976562500e+02 1.300487060546875000e+02 1.021943359375000000e+02
1.246729736328125000e+02 1.300279541015625000e+02 1.018438110351562500e+02
1.245739135742187500e+02 1.298765869140625000e+02 1.011913452148437500e+02
1.245568847656250000e+02 1.298996582031250000e+02 1.009479980468750000e+02
1.245230102539062500e+02 1.297440185546875000e+02 1.006977539062500000e+02
1.246341552734375000e+02 1.298713989257812500e+02 1.007476806640625000e+02
1.247680664062500000e+02 1.299675292968750000e+02 1.009961547851562500e+02
1.250666503906250000e+02 1.302212524414062500e+02 1.015479736328125000e+02
1.252446899414062500e+02 1.302406005859375000e+02 1.018126831054687500e+02
1.253062744140625000e+02 1.303281860351562500e+02 1.018870239257812500e+02
1.249866333007812500e+02 1.301459960937500000e+02 1.016286621093750000e+02
1.247999267578125000e+02 1.300078735351562500e+02 1.014254150390625000e+02
1.243395996093750000e+02 1.296336669921875000e+02 1.008726806640625000e+02
1.242874145507812500e+02 1.295726928710937500e+02 1.007218627929687500e+02
1.241303100585937500e+02 1.293553466796875000e+02 1.005800170898437500e+02
1.241783447265625000e+02 1.294141845703125000e+02 1.004800415039062500e+02
1.240751342773437500e+02 1.292886962890625000e+02 1.004027709960937500e+02
1.241555175781250000e+02 1.293551025390625000e+02 1.006445922851562500e+02
1.240109863281250000e+02 1.291890258789062500e+02 1.005481567382812500e+02
1.240355224609375000e+02 1.292789306640625000e+02 1.007513427734375000e+02
1.240102539062500000e+02 1.293173217773437500e+02 1.007373046875000000e+02
1.240897216796875000e+02 1.292895507812500000e+02 1.007894897460937500e+02
1.240123291015625000e+02 1.291787109375000000e+02 1.008144531250000000e+02
1.240175170898437500e+02 1.290608520507812500e+02 1.007785644531250000e+02
1.239694213867187500e+02 1.289727783203125000e+02 1.007401733398437500e+02
1.240338134765625000e+02 1.289822998046875000e+02 1.007636718750000000e+02
1.242305297851562500e+02 1.290079345703125000e+02 1.008117065429687500e+02
1.245711669921875000e+02 1.291372070312500000e+02 1.010628051757812500e+02
1.247619018554687500e+02 1.288668212890625000e+02 1.007664794921875000e+02
1.250429687500000000e+02 1.290968627929687500e+02 1.011033325195312500e+02
1.251408081054687500e+02 1.291668090820312500e+02 1.012677612304687500e+02
1.251382446289062500e+02 1.293036499023437500e+02 1.013388671875000000e+02
1.249111938476562500e+02 1.292731933593750000e+02 1.013541870117187500e+02
1.249681396484375000e+02 1.295454101562500000e+02 1.015474243164062500e+02
1.248426513671875000e+02 1.296253051757812500e+02 1.015017089843750000e+02
1.248060913085937500e+02 1.297201538085937500e+02 1.013948974609375000e+02
1.245023803710937500e+02 1.295604858398437500e+02 1.011079711914062500e+02
1.246546630859375000e+02 1.297543334960937500e+02 1.012254638671875000e+02
1.246907348632812500e+02 1.299402465820312500e+02 1.011970214843750000e+02
1.248376464843750000e+02 1.301161499023437500e+02 1.013865966796875000e+02
1.247014160156250000e+02 1.300441284179687500e+02 1.012115478515625000e+02
1.247528076171875000e+02 1.300574340820312500e+02 1.013100585937500000e+02
1.244674682617187500e+02 1.299500122070312500e+02 1.011455688476562500e+02
1.243745727539062500e+02 1.298106689453125000e+02 1.012814331054687500e+02
1.244182128906250000e+02 1.297521362304687500e+02 1.012036743164062500e+02
1.247781982421875000e+02 1.299938354492187500e+02 1.014518432617187500e+02
1.250548706054687500e+02 1.300501708984375000e+02 1.015130004882812500e+02
1.253251953125000000e+02 1.303595581054687500e+02 1.017837524414062500e+02
1.255730590820312500e+02 1.305441284179687500e+02 1.019373779296875000e+02
1.256514282226562500e+02 1.305900268554687500e+02 1.019769897460937500e+02
1.255220336914062500e+02 1.303370361328125000e+02 1.017554931640625000e+02
1.253977661132812500e+02 1.303325195312500000e+02 1.016694946289062500e+02
1.255084228515625000e+02 1.304341430664062500e+02 1.016638183593750000e+02
1.255097045898437500e+02 1.303861694335937500e+02 1.016685180664062500e+02
1.252410888671875000e+02 1.304263916015625000e+02 1.015225830078125000e+02
1.253144531250000000e+02 1.304545288085937500e+02 1.014602661132812500e+02
1.256807250976562500e+02 1.304159545898437500e+02 1.011960449218750000e+02
1.261072998046875000e+02 1.306166381835937500e+02 1.012948608398437500e+02
1.264023437500000000e+02 1.305655517578125000e+02 1.012809448242187500e+02
1.267017822265625000e+02 1.306440429687500000e+02 1.014258422851562500e+02
1.266729125976562500e+02 1.306246948242187500e+02 1.013399658203125000e+02
1.263851318359375000e+02 1.307542724609375000e+02 1.014518432617187500e+02
1.258472900390625000e+02 1.307241821289062500e+02 1.013048706054687500e+02
1.255795898437500000e+02 1.307707519531250000e+02 1.012703857421875000e+02
1.253611450195312500e+02 1.307291259765625000e+02 1.011204833984375000e+02
1.252990112304687500e+02 1.308158569335937500e+02 1.011533203125000000e+02
1.254088745117187500e+02 1.308011474609375000e+02 1.013052978515625000e+02
1.255831298828125000e+02 1.308489379882812500e+02 1.015097656250000000e+02
1.257956542968750000e+02 1.309964599609375000e+02 1.016781616210937500e+02
1.261632080078125000e+02 1.312775878906250000e+02 1.020654907226562500e+02
1.263120727539062500e+02 1.313409423828125000e+02 1.022489624023437500e+02
1.266362304687500000e+02 1.315347900390625000e+02 1.023613891601562500e+02
1.267739868164062500e+02 1.314357910156250000e+02 1.022069702148437500e+02
1.269016113281250000e+02 1.314149169921875000e+02 1.023005981445312500e+02
1.269500122070312500e+02 1.314174804687500000e+02 1.022262573242187500e+02
1.272895507812500000e+02 1.314440307617187500e+02 1.025736694335937500e+02
1.272028808593750000e+02 1.314543457031250000e+02 1.023520507812500000e+02
1.271587524414062500e+02 1.314680175781250000e+02 1.023282470703125000e+02
1.270258178710937500e+02 1.314179077148437500e+02 1.022202758789062500e+02
1.270217285156250000e+02 1.314523925781250000e+02 1.022800903320312500e+02
1.269627075195312500e+02 1.313945922851562500e+02 1.021362915039062500e+02
1.269214477539062500e+02 1.313986816406250000e+02 1.020364990234375000e+02
1.267897338867187500e+02 1.313588867187500000e+02 1.018355712890625000e+02
1.265964355468750000e+02 1.312388305664062500e+02 1.014985351562500000e+02
1.262509765625000000e+02 1.310308227539062500e+02 1.011304931640625000e+02
1.260295410156250000e+02 1.308812866210937500e+02 1.010385742187500000e+02
1.260526123046875000e+02 1.308344726562500000e+02 1.011665649414062500e+02
1.262324829101562500e+02 1.309372558593750000e+02 1.014467773437500000e+02
1.263403320312500000e+02 1.306564331054687500e+02 1.013307495117187500e+02
1.264310302734375000e+02 1.307595214843750000e+02 1.013070068359375000e+02
1.264445800781250000e+02 1.308693237304687500e+02 1.014613037109375000e+02
1.259219360351562500e+02 1.310874023437500000e+02 1.014317016601562500e+02
1.256607055664062500e+02 1.312666015625000000e+02 1.015016479492187500e+02
1.256021728515625000e+02 1.313339233398437500e+02 1.014420166015625000e+02
1.255573730468750000e+02 1.313749389648437500e+02 1.014925537109375000e+02
1.254548339843750000e+02 1.314341430664062500e+02 1.014570312500000000e+02
1.255792846679687500e+02 1.313317260742187500e+02 1.014184570312500000e+02
1.260106811523437500e+02 1.311610107421875000e+02 1.014149780273437500e+02
1.260671997070312500e+02 1.311348266601562500e+02 1.013731079101562500e+02
1.261325073242187500e+02 1.310692749023437500e+02 1.014938354492187500e+02
1.261254272460937500e+02 1.310173950195312500e+02 1.014378662109375000e+02
1.261810913085937500e+02 1.310063476562500000e+02 1.015209960937500000e+02
1.260321655273437500e+02 1.308575439453125000e+02 1.013560180664062500e+02
1.262224731445312500e+02 1.310129394531250000e+02 1.016096801757812500e+02
1.262758178710937500e+02 1.309980468750000000e+02 1.018048095703125000e+02
1.264400634765625000e+02 1.310997924804687500e+02 1.020569458007812500e+02
1.265139770507812500e+02 1.311773681640625000e+02 1.021185302734375000e+02
1.264750366210937500e+02 1.310981445312500000e+02 1.021069946289062500e+02
1.263852539062500000e+02 1.310258178710937500e+02 1.020190429687500000e+02
1.262606201171875000e+02 1.308982543945312500e+02 1.019270629882812500e+02
1.258449707031250000e+02 1.305430297851562500e+02 1.015811157226562500e+02
1.253642578125000000e+02 1.303223266601562500e+02 1.013214721679687500e+02
1.251530761718750000e+02 1.301752929687500000e+02 1.010945434570312500e+02
1.248089599609375000e+02 1.299900512695312500e+02 1.008305053710937500e+02
1.242885742187500000e+02 1.296807250976562500e+02 1.004664306640625000e+02
1.238870239257812500e+02 1.294184570312500000e+02 1.002096557617187500e+02
1.238499145507812500e+02 1.293395996093750000e+02 1.001979980468750000e+02
1.238435058593750000e+02 1.292052001953125000e+02 1.001026000976562500e+02
1.238602905273437500e+02 1.291864013671875000e+02 1.002409667968750000e+02
1.240277099609375000e+02 1.292323608398437500e+02 1.003325195312500000e+02
1.241556396484375000e+02 1.291650390625000000e+02 1.003599853515625000e+02
1.239840087890625000e+02 1.292716064453125000e+02 1.004151611328125000e+02
1.237500000000000000e+02 1.291892089843750000e+02 1.010993041992187500e+02
1.236423339843750000e+02 1.292095336914062500e+02 1.011702270507812500e+02
1.234944458007812500e+02 1.291923217773437500e+02 1.014080810546875000e+02
1.232293701171875000e+02 1.291496582031250000e+02 1.011995239257812500e+02
1.230184936523437500e+02 1.289723510742187500e+02 1.010422973632812500e+02
1.227983398437500000e+02 1.287197265625000000e+02 1.008617553710937500e+02
1.227458496093750000e+02 1.286715087890625000e+02 1.008801879882812500e+02
1.227579956054687500e+02 1.287089233398437500e+02 1.009328002929687500e+02
1.227225952148437500e+02 1.287264404296875000e+02 1.010762329101562500e+02
1.225218505859375000e+02 1.286245727539062500e+02 1.006840820312500000e+02
1.223756713867187500e+02 1.286073608398437500e+02 1.000671997070312500e+02
1.219616699218750000e+02 1.283414306640625000e+02 9.957629394531250000e+01
1.215500488281250000e+02 1.281049194335937500e+02 9.908544921875000000e+01
1.213273315429687500e+02 1.278946533203125000e+02 9.885266113281250000e+01
1.212841186523437500e+02 1.277127075195312500e+02 9.811682128906250000e+01
1.213579101562500000e+02 1.276367797851562500e+02 9.778375244140625000e+01
1.214782714843750000e+02 1.276985473632812500e+02 9.754248046875000000e+01
1.215119628906250000e+02 1.276767578125000000e+02 9.735583496093750000e+01
1.215467529296875000e+02 1.277397460937500000e+02 9.734838867187500000e+01
1.207074584960937500e+02 1.277064208984375000e+02 9.715124511718750000e+01
1.198062744140625000e+02 1.278609008789062500e+02 9.703381347656250000e+01
1.193327636718750000e+02 1.278252563476562500e+02 9.685968017578125000e+01
1.190046997070312500e+02 1.278582153320312500e+02 9.681762695312500000e+01
1.186345214843750000e+02 1.277653198242187500e+02 9.669354248046875000e+01
1.187588500976562500e+02 1.276300048828125000e+02 9.661975097656250000e+01
1.190100708007812500e+02 1.271220092773437500e+02 9.632812500000000000e+01
1.193401489257812500e+02 1.270418090820312500e+02 9.605181884765625000e+01
1.192985229492187500e+02 1.270404052734375000e+02 9.598193359375000000e+01
1.193186035156250000e+02 1.271187133789062500e+02 9.604992675781250000e+01
1.192523803710937500e+02 1.271570434570312500e+02 9.598828125000000000e+01
1.193154907226562500e+02 1.274222412109375000e+02 9.601062011718750000e+01
1.189962768554687500e+02 1.273720092773437500e+02 9.562384033203125000e+01
1.189505615234375000e+02 1.274286499023437500e+02 9.569024658203125000e+01
1.187448120117187500e+02 1.274027709960937500e+02 9.547613525390625000e+01
1.186499633789062500e+02 1.273893432617187500e+02 9.508886718750000000e+01
1.187391357421875000e+02 1.272751464843750000e+02 9.488061523437500000e+01
1.187239379882812500e+02 1.272297973632812500e+02 9.474884033203125000e+01
1.185739746093750000e+02 1.271151733398437500e+02 9.463635253906250000e+01
1.187090454101562500e+02 1.272361450195312500e+02 9.471820068359375000e+01
1.188153076171875000e+02 1.273509521484375000e+02 9.494793701171875000e+01
1.191311645507812500e+02 1.275558471679687500e+02 9.520605468750000000e+01
1.190189208984375000e+02 1.275325317382812500e+02 9.523803710937500000e+01
1.191011962890625000e+02 1.275405883789062500e+02 9.528710937500000000e+01
1.188330688476562500e+02 1.272713623046875000e+02 9.509777832031250000e+01
1.186425170898437500e+02 1.271423950195312500e+02 9.510565185546875000e+01
1.184107055664062500e+02 1.268324584960937500e+02 9.487408447265625000e+01
1.185439453125000000e+02 1.266817626953125000e+02 9.494903564453125000e+01
1.188880004882812500e+02 1.267703247070312500e+02 9.527850341796875000e+01
1.194301147460937500e+02 1.270802001953125000e+02 9.583190917968750000e+01
1.192639770507812500e+02 1.271541748046875000e+02 9.596984863281250000e+01
1.190621337890625000e+02 1.273388061523437500e+02 9.602294921875000000e+01
1.188215942382812500e+02 1.272938232421875000e+02 9.602075195312500000e+01
1.187551269531250000e+02 1.273719482421875000e+02 9.609539794921875000e+01
1.185360717773437500e+02 1.272296752929687500e+02 9.595977783203125000e+01
1.182672729492187500e+02 1.272113037109375000e+02 9.585406494140625000e+01
1.178748779296875000e+02 1.269893798828125000e+02 9.542633056640625000e+01
1.177406005859375000e+02 1.269656982421875000e+02 9.533526611328125000e+01
1.177109985351562500e+02 1.269947509765625000e+02 9.532336425781250000e+01
1.178367919921875000e+02 1.272047729492187500e+02 9.530346679687500000e+01
1.185352172851562500e+02 1.273712158203125000e+02 9.556231689453125000e+01
1.194797973632812500e+02 1.273731689453125000e+02 9.591168212890625000e+01
1.197986450195312500e+02 1.275163574218750000e+02 9.608544921875000000e+01
1.202255859375000000e+02 1.277153930664062500e+02 9.626983642578125000e+01
1.203150634765625000e+02 1.277579956054687500e+02 9.628704833984375000e+01
1.204130859375000000e+02 1.278760986328125000e+02 9.629614257812500000e+01
1.202290649414062500e+02 1.277952270507812500e+02 9.622912597656250000e+01
1.201372680664062500e+02 1.278029785156250000e+02 9.621508789062500000e+01
1.199671630859375000e+02 1.277127075195312500e+02 9.601702880859375000e+01
1.200781250000000000e+02 1.279576416015625000e+02 9.608471679687500000e+01
1.202534179687500000e+02 1.280872802734375000e+02 9.622100830078125000e+01
1.205622558593750000e+02 1.283513183593750000e+02 9.653485107421875000e+01
1.207089843750000000e+02 1.284641723632812500e+02 9.667132568359375000e+01
1.208309326171875000e+02 1.285206909179687500e+02 9.671838378906250000e+01
1.209024658203125000e+02 1.285280151367187500e+02 9.679602050781250000e+01
1.209503173828125000e+02 1.285888671875000000e+02 9.733020019531250000e+01
1.209656372070312500e+02 1.286264038085937500e+02 9.779077148437500000e+01
1.210916137695312500e+02 1.287651977539062500e+02 9.828619384765625000e+01
1.212633056640625000e+02 1.289265747070312500e+02 9.850451660156250000e+01
1.215177001953125000e+02 1.291408081054687500e+02 9.877972412109375000e+01
1.216164550781250000e+02 1.291261596679687500e+02 9.901861572265625000e+01
1.218316040039062500e+02 1.291814575195312500e+02 9.948199462890625000e+01
1.218340454101562500e+02 1.290960083007812500e+02 9.946771240234375000e+01
1.219016723632812500e+02 1.290476074218750000e+02 9.947308349609375000e+01
1.219097900390625000e+02 1.289745483398437500e+02 9.937005615234375000e+01
1.220530395507812500e+02 1.289169311523437500e+02 9.966125488281250000e+01
1.220426025390625000e+02 1.287728271484375000e+02 9.982916259765625000e+01
1.221593627929687500e+02 1.284055786132812500e+02 9.968371582031250000e+01
1.221160278320312500e+02 1.283356323242187500e+02 9.970104980468750000e+01
1.222606201171875000e+02 1.284299316406250000e+02 9.988110351562500000e+01
1.225837402343750000e+02 1.286038818359375000e+02 1.001483154296875000e+02
1.229473876953125000e+02 1.288038940429687500e+02 1.003173217773437500e+02
1.231003417968750000e+02 1.288652954101562500e+02 1.004763183593750000e+02
1.234530029296875000e+02 1.290613403320312500e+02 1.006425170898437500e+02
1.234910278320312500e+02 1.290627441406250000e+02 1.006133422851562500e+02
1.230686035156250000e+02 1.292515869140625000e+02 1.006452026367187500e+02
1.223078002929687500e+02 1.291086425781250000e+02 1.006269531250000000e+02
1.219519042968750000e+02 1.291810913085937500e+02 1.007800903320312500e+02
1.215755004882812500e+02 1.290198974609375000e+02 1.005512695312500000e+02
1.215326538085937500e+02 1.290252685546875000e+02 1.004241333007812500e+02
1.216926269531250000e+02 1.291594238281250000e+02 1.004755249023437500e+02
1.224292602539062500e+02 1.291519165039062500e+02 1.006388549804687500e+02
1.225374755859375000e+02 1.290725097656250000e+02 1.004244384765625000e+02
1.227412109375000000e+02 1.291112670898437500e+02 1.005205688476562500e+02
1.226723632812500000e+02 1.289841308593750000e+02 1.004439086914062500e+02
1.227298583984375000e+02 1.289578857421875000e+02 1.004898681640625000e+02
1.226544189453125000e+02 1.288485717773437500e+02 1.004795532226562500e+02
1.227332763671875000e+02 1.289126586914062500e+02 1.006901855468750000e+02
1.227694702148437500e+02 1.288676757812500000e+02 1.008229370117187500e+02
1.229652709960937500e+02 1.289586181640625000e+02 1.008114013671875000e+02
1.227680053710937500e+02 1.287362060546875000e+02 1.007656250000000000e+02
1.226678466796875000e+02 1.287289428710937500e+02 1.008696899414062500e+02
1.222930908203125000e+02 1.285695800781250000e+02 1.009201049804687500e+02
1.221690673828125000e+02 1.284697875976562500e+02 1.008333129882812500e+02
1.218217773437500000e+02 1.281159667968750000e+02 1.006383666992187500e+02
1.218880004882812500e+02 1.279368896484375000e+02 1.002468261718750000e+02
1.216918334960937500e+02 1.276388549804687500e+02 9.968261718750000000e+01
1.217805786132812500e+02 1.275673828125000000e+02 9.970935058593750000e+01
1.217359619140625000e+02 1.274290771484375000e+02 9.952551269531250000e+01
1.219617309570312500e+02 1.274732055664062500e+02 9.959545898437500000e+01
1.220615234375000000e+02 1.274854736328125000e+02 9.955438232421875000e+01
1.222163085937500000e+02 1.276494750976562500e+02 9.954333496093750000e+01
1.221998901367187500e+02 1.276206054687500000e+02 9.948388671875000000e+01
1.223095092773437500e+02 1.277528686523437500e+02 9.960937500000000000e+01
1.221864624023437500e+02 1.276788940429687500e+02 9.950622558593750000e+01
1.220705566406250000e+02 1.276981811523437500e+02 9.910473632812500000e+01
1.216033325195312500e+02 1.274046020507812500e+02 9.836859130859375000e+01
1.214132080078125000e+02 1.272770385742187500e+02 9.821746826171875000e+01
1.210983886718750000e+02 1.271104125976562500e+02 9.780895996093750000e+01
1.210299072265625000e+02 1.271314697265625000e+02 9.765399169921875000e+01
1.209958496093750000e+02 1.271542358398437500e+02 9.759490966796875000e+01
1.209531860351562500e+02 1.271256713867187500e+02 9.746893310546875000e+01
1.207388305664062500e+02 1.269414062500000000e+02 9.727136230468750000e+01
1.203668212890625000e+02 1.267175903320312500e+02 9.696112060546875000e+01
1.198807373046875000e+02 1.263001098632812500e+02 9.660729980468750000e+01
1.198157958984375000e+02 1.261637573242187500e+02 9.652972412109375000e+01
1.197907714843750000e+02 1.260385131835937500e+02 9.642810058593750000e+01
1.199563598632812500e+02 1.261899414062500000e+02 9.649713134765625000e+01
1.200970458984375000e+02 1.262175292968750000e+02 9.660748291015625000e+01
1.202016601562500000e+02 1.262233886718750000e+02 9.674945068359375000e+01
1.201892700195312500e+02 1.261478271484375000e+02 9.627478027343750000e+01
1.202232055664062500e+02 1.262166748046875000e+02 9.587152099609375000e+01
1.199406738281250000e+02 1.259848632812500000e+02 9.560229492187500000e+01
1.199196777343750000e+02 1.259442749023437500e+02 9.549194335937500000e+01
1.196443481445312500e+02 1.256824951171875000e+02 9.526165771484375000e+01
