9.643914794921875000e+01 0.000000000000000000e+00 0.000000000000000000e+00
9.642004394531250000e+01 0.000000000000000000e+00 0.000000000000000000e+00
9.639953613281250000e+01 0.000000000000000000e+00 0.000000000000000000e+00
9.531622314453125000e+01 0.000000000000000000e+00 0.000000000000000000e+00
9.452709960937500000e+01 0.000000000000000000e+00 0.000000000000000000e+00
9.404296875000000000e+01 0.000000000000000000e+00 0.000000000000000000e+00
9.349737548828125000e+01 0.000000000000000000e+00 0.000000000000000000e+00
9.215808105468750000e+01 0.000000000000000000e+00 0.000000000000000000e+00
9.013482666015625000e+01 0.000000000000000000e+00 0.000000000000000000e+00
8.781414794921875000e+01 0.000000000000000000e+00 0.000000000000000000e+00
8.635107421875000000e+01 0.000000000000000000e+00 0.000000000000000000e+00
8.535906982421875000e+01 0.000000000000000000e+00 0.000000000000000000e+00
8.491406250000000000e+01 0.000000000000000000e+00 0.000000000000000000e+00
8.472961425781250000e+01 0.000000000000000000e+00 0.000000000000000000e+00
8.471411132812500000e+01 0.000000000000000000e+00 0.000000000000000000e+00
8.464276123046875000e+01 0.000000000000000000e+00 0.000000000000000000e+00
8.490460205078125000e+01 0.000000000000000000e+00 0.000000000000000000e+00
8.533422851562500000e+01 0.000000000000000000e+00 0.000000000000000000e+00
8.561462402343750000e+01 0.000000000000000000e+00 0.000000000000000000e+00
8.591809082031250000e+01 0.000000000000000000e+00 0.000000000000000000e+00
8.585662841796875000e+01 0.000000000000000000e+00 0.000000000000000000e+00
8.582794189453125000e+01 0.000000000000000000e+00 0.000000000000000000e+00
8.570147705078125000e+01 0.000000000000000000e+00 0.000000000000000000e+00
8.562286376953125000e+01 0.000000000000000000e+00 0.000000000000000000e+00
8.570202636718750000e+01 0.000000000000000000e+00 0.000000000000000000e+00
8.586322021484375000e+01 0.000000000000000000e+00 0.000000000000000000e+00
8.595135498046875000e+01 0.000000000000000000e+00 0.000000000000000000e+00
8.650598144531250000e+01 0.000000000000000000e+00 0.000000000000000000e+00
8.669360351562500000e+01 0.000000000000000000e+00 0.000000000000000000e+00
8.680670166015625000e+01 0.000000000000000000e+00 0.000000000000000000e+00
8.717187500000000000e+01 0.000000000000000000e+00 0.000000000000000000e+00
8.745837402343750000e+01 0.000000000000000000e+00 0.000000000000000000e+00
8.786621093750000000e+01 0.000000000000000000e+00 0.000000000000000000e+00
8.799938964843750000e+01 0.000000000000000000e+00 0.000000000000000000e+00
8.813397216796875000e+01 0.000000000000000000e+00 0.000000000000000000e+00
8.856280517578125000e+01 0.000000000000000000e+00 0.000000000000000000e+00
8.857745361328125000e+01 0.000000000000000000e+00 0.000000000000000000e+00
8.895477294921875000e+01 0.000000000000000000e+00 0.000000000000000000e+00
8.921630859375000000e+01 0.000000000000000000e+00 0.000000000000000000e+00
8.952380371093750000e+01 0.000000000000000000e+00 0.000000000000000000e+00
8.990472412109375000e+01 0.000000000000000000e+00 0.000000000000000000e+00
9.001306152343750000e+01 0.000000000000000000e+00 0.000000000000000000e+00
8.896929931640625000e+01 0.000000000000000000e+00 0.000000000000000000e+00
8.719531250000000000e+01 0.000000000000000000e+00 0.000000000000000000e+00
8.542266845703125000e+01 0.000000000000000000e+00 0.000000000000000000e+00
8.423358154296875000e+01 0.000000000000000000e+00 0.000000000000000000e+00
8.379510498046875000e+01 0.000000000000000000e+00 0.000000000000000000e+00
8.357403564453125000e+01 0.000000000000000000e+00 0.000000000000000000e+00
8.351782226562500000e+01 0.000000000000000000e+00 0.000000000000000000e+00
8.365551757812500000e+01 0.000000000000000000e+00 0.000000000000000000e+00
8.374304199218750000e+01 0.000000000000000000e+00 0.000000000000000000e+00
8.408135986328125000e+01 0.000000000000000000e+00 0.000000000000000000e+00
8.475494384765625000e+01 0.000000000000000000e+00 0.000000000000000000e+00
8.520782470703125000e+01 0.000000000000000000e+00 0.000000000000000000e+00
8.540643310546875000e+01 0.000000000000000000e+00 0.000000000000000000e+00
8.553204345703125000e+01 0.000000000000000000e+00 0.000000000000000000e+00
8.551165771484375000e+01 0.000000000000000000e+00 0.000000000000000000e+00
8.549407958984375000e+01 0.000000000000000000e+00 0.000000000000000000e+00
8.544281005859375000e+01 0.000000000000000000e+00 0.000000000000000000e+00
8.576818847656250000e+01 0.000000000000000000e+00 0.000000000000000000e+00
8.615905761718750000e+01 0.000000000000000000e+00 0.000000000000000000e+00
8.627746582031250000e+01 0.000000000000000000e+00 0.000000000000000000e+00
8.652362060546875000e+01 0.000000000000000000e+00 0.000000000000000000e+00
8.656933593750000000e+01 0.000000000000000000e+00 0.000000000000000000e+00
8.702020263671875000e+01 0.000000000000000000e+00 0.000000000000000000e+00
8.751123046875000000e+01 0.000000000000000000e+00 0.000000000000000000e+00
8.781079101562500000e+01 0.000000000000000000e+00 0.000000000000000000e+00
8.810076904296875000e+01 0.000000000000000000e+00 0.000000000000000000e+00
8.840167236328125000e+01 0.000000000000000000e+00 0.000000000000000000e+00
8.851171875000000000e+01 0.000000000000000000e+00 0.000000000000000000e+00
8.876757812500000000e+01 0.000000000000000000e+00 0.000000000000000000e+00
8.900665283203125000e+01 0.000000000000000000e+00 0.000000000000000000e+00
8.928735351562500000e+01 0.000000000000000000e+00 0.000000000000000000e+00
8.952056884765625000e+01 0.000000000000000000e+00 0.000000000000000000e+00
8.960791015625000000e+01 0.000000000000000000e+00 0.000000000000000000e+00
8.968786621093750000e+01 0.000000000000000000e+00 0.000000000000000000e+00
9.017962646484375000e+01 0.000000000000000000e+00 0.000000000000000000e+00
9.032458496093750000e+01 0.000000000000000000e+00 0.000000000000000000e+00
8.984674072265625000e+01 0.000000000000000000e+00 0.000000000000000000e+00
8.765893554687500000e+01 0.000000000000000000e+00 0.000000000000000000e+00
8.569171142578125000e+01 0.000000000000000000e+00 0.000000000000000000e+00
8.400524902343750000e+01 0.000000000000000000e+00 0.000000000000000000e+00
8.307379150390625000e+01 0.000000000000000000e+00 0.000000000000000000e+00
8.259564208984375000e+01 0.000000000000000000e+00 0.000000000000000000e+00
8.226947021484375000e+01 0.000000000000000000e+00 0.000000000000000000e+00
8.229235839843750000e+01 0.000000000000000000e+00 0.000000000000000000e+00
8.235876464843750000e+01 0.000000000000000000e+00 0.000000000000000000e+00
8.247070312500000000e+01 0.000000000000000000e+00 0.000000000000000000e+00
8.291119384765625000e+01 0.000000000000000000e+00 0.000000000000000000e+00
8.333374023437500000e+01 0.000000000000000000e+00 0.000000000000000000e+00
8.354302978515625000e+01 0.000000000000000000e+00 0.000000000000000000e+00
8.366455078125000000e+01 0.000000000000000000e+00 0.000000000000000000e+00
8.365576171875000000e+01 0.000000000000000000e+00 0.000000000000000000e+00
8.393902587890625000e+01 0.000000000000000000e+00 0.000000000000000000e+00
8.401965332031250000e+01 0.000000000000000000e+00 0.000000000000000000e+00
8.413476562500000000e+01 0.000000000000000000e+00 0.000000000000000000e+00
8.440637207031250000e+01 0.000000000000000000e+00 0.000000000000000000e+00
8.481219482421875000e+01 0.000000000000000000e+00 0.000000000000000000e+00
8.504779052734375000e+01 0.000000000000000000e+00 0.000000000000000000e+00
8.560467529296875000e+01 0.000000000000000000e+00 0.000000000000000000e+00
8.600177001953125000e+01 0.000000000000000000e+00 0.000000000000000000e+00
8.647192382812500000e+01 0.000000000000000000e+00 0.000000000000000000e+00
8.677661132812500000e+01 0.000000000000000000e+00 0.000000000000000000e+00
8.712103271484375000e+01 0.000000000000000000e+00 0.000000000000000000e+00
8.746136474609375000e+01 0.000000000000000000e+00 0.000000000000000000e+00
8.796905517578125000e+01 0.000000000000000000e+00 0.000000000000000000e+00
8.826757812500000000e+01 0.000000000000000000e+00 0.000000000000000000e+00
8.841809082031250000e+01 0.000000000000000000e+00 0.000000000000000000e+00
8.845623779296875000e+01 0.000000000000000000e+00 0.000000000000000000e+00
8.872497558593750000e+01 0.000000000000000000e+00 0.000000000000000000e+00
8.867089843750000000e+01 0.000000000000000000e+00 0.000000000000000000e+00
8.873370361328125000e+01 0.000000000000000000e+00 0.000000000000000000e+00
8.901330566406250000e+01 0.000000000000000000e+00 0.000000000000000000e+00
8.915338134765625000e+01 0.000000000000000000e+00 0.000000000000000000e+00
8.928839111328125000e+01 0.000000000000000000e+00 0.000000000000000000e+00
8.930029296875000000e+01 0.000000000000000000e+00 0.000000000000000000e+00
8.853173828125000000e+01 0.000000000000000000e+00 0.000000000000000000e+00
8.610247802734375000e+01 0.000000000000000000e+00 0.000000000000000000e+00
8.412390136718750000e+01 0.000000000000000000e+00 0.000000000000000000e+00
8.329681396484375000e+01 0.000000000000000000e+00 0.000000000000000000e+00
8.249786376953125000e+01 0.000000000000000000e+00 0.000000000000000000e+00
8.245666503906250000e+01 0.000000000000000000e+00 0.000000000000000000e+00
8.262042236328125000e+01 0.000000000000000000e+00 0.000000000000000000e+00
8.256713867187500000e+01 0.000000000000000000e+00 0.000000000000000000e+00
8.281213378906250000e+01 0.000000000000000000e+00 0.000000000000000000e+00
8.294708251953125000e+01 0.000000000000000000e+00 0.000000000000000000e+00
8.344244384765625000e+01 0.000000000000000000e+00 0.000000000000000000e+00
8.388299560546875000e+01 0.000000000000000000e+00 0.000000000000000000e+00
8.434478759765625000e+01 0.000000000000000000e+00 0.000000000000000000e+00
8.449615478515625000e+01 0.000000000000000000e+00 0.000000000000000000e+00
8.449694824218750000e+01 0.000000000000000000e+00 0.000000000000000000e+00
8.435815429687500000e+01 0.000000000000000000e+00 0.000000000000000000e+00
8.429284667968750000e+01 0.000000000000000000e+00 0.000000000000000000e+00
8.435888671875000000e+01 0.000000000000000000e+00 0.000000000000000000e+00
8.457843017578125000e+01 0.000000000000000000e+00 0.000000000000000000e+00
8.498687744140625000e+01 0.000000000000000000e+00 0.000000000000000000e+00
8.569543457031250000e+01 0.000000000000000000e+00 0.000000000000000000e+00
8.603643798828125000e+01 0.000000000000000000e+00 0.000000000000000000e+00
8.594268798828125000e+01 0.000000000000000000e+00 0.000000000000000000e+00
8.606915283203125000e+01 0.000000000000000000e+00 0.000000000000000000e+00
8.599432373046875000e+01 0.000000000000000000e+00 0.000000000000000000e+00
8.614788818359375000e+01 0.000000000000000000e+00 0.000000000000000000e+00
8.643646240234375000e+01 0.000000000000000000e+00 0.000000000000000000e+00
8.647332763671875000e+01 0.000000000000000000e+00 0.000000000000000000e+00
8.669506835937500000e+01 0.000000000000000000e+00 0.000000000000000000e+00
8.712768554687500000e+01 0.000000000000000000e+00 0.000000000000000000e+00
8.730249023437500000e+01 0.000000000000000000e+00 0.000000000000000000e+00
8.780078125000000000e+01 0.000000000000000000e+00 0.000000000000000000e+00
8.815515136718750000e+01 0.000000000000000000e+00 0.000000000000000000e+00
8.826440429687500000e+01 0.000000000000000000e+00 0.000000000000000000e+00
8.859082031250000000e+01 0.000000000000000000e+00 0.000000000000000000e+00
8.878399658203125000e+01 0.000000000000000000e+00 0.000000000000000000e+00
8.887805175781250000e+01 0.000000000000000000e+00 0.000000000000000000e+00
8.862652587890625000e+01 0.000000000000000000e+00 0.000000000000000000e+00
8.722009277343750000e+01 0.000000000000000000e+00 0.000000000000000000e+00
8.560296630859375000e+01 0.000000000000000000e+00 0.000000000000000000e+00
8.425781250000000000e+01 0.000000000000000000e+00 0.000000000000000000e+00
8.395098876953125000e+01 0.000000000000000000e+00 0.000000000000000000e+00
8.377294921875000000e+01 0.000000000000000000e+00 0.000000000000000000e+00
8.369763183593750000e+01 0.000000000000000000e+00 0.000000000000000000e+00
8.359991455078125000e+01 0.000000000000000000e+00 0.000000000000000000e+00
8.385424804687500000e+01 0.000000000000000000e+00 0.000000000000000000e+00
8.415197753906250000e+01 0.000000000000000000e+00 0.000000000000000000e+00
8.451055908203125000e+01 0.000000000000000000e+00 0.000000000000000000e+00
8.481512451171875000e+01 0.000000000000000000e+00 0.000000000000000000e+00
8.493890380859375000e+01 0.000000000000000000e+00 0.000000000000000000e+00
8.509124755859375000e+01 0.000000000000000000e+00 0.000000000000000000e+00
8.493835449218750000e+01 0.000000000000000000e+00 0.000000000000000000e+00
8.495648193359375000e+01 0.000000000000000000e+00 0.000000000000000000e+00
8.489727783203125000e+01 0.000000000000000000e+00 0.000000000000000000e+00
8.472033691406250000e+01 0.000000000000000000e+00 0.000000000000000000e+00
8.482940673828125000e+01 0.000000000000000000e+00 0.000000000000000000e+00
8.519561767578125000e+01 0.000000000000000000e+00 0.000000000000000000e+00
8.553900146484375000e+01 0.000000000000000000e+00 0.000000000000000000e+00
8.600830078125000000e+01 0.000000000000000000e+00 0.000000000000000000e+00
8.633685302734375000e+01 0.000000000000000000e+00 0.000000000000000000e+00
8.651226806640625000e+01 0.000000000000000000e+00 0.000000000000000000e+00
8.679370117187500000e+01 0.000000000000000000e+00 0.000000000000000000e+00
8.717321777343750000e+01 0.000000000000000000e+00 0.000000000000000000e+00
8.736346435546875000e+01 0.000000000000000000e+00 0.000000000000000000e+00
8.816955566406250000e+01 0.000000000000000000e+00 0.000000000000000000e+00
8.801165771484375000e+01 0.000000000000000000e+00 0.000000000000000000e+00
8.818395996093750000e+01 0.000000000000000000e+00 0.000000000000000000e+00
8.803411865234375000e+01 0.000000000000000000e+00 0.000000000000000000e+00
8.831640625000000000e+01 0.000000000000000000e+00 0.000000000000000000e+00
8.867413330078125000e+01 0.000000000000000000e+00 0.000000000000000000e+00
8.902081298828125000e+01 0.000000000000000000e+00 0.000000000000000000e+00
8.910388183593750000e+01 0.000000000000000000e+00 0.000000000000000000e+00
8.889648437500000000e+01 0.000000000000000000e+00 0.000000000000000000e+00
8.793566894531250000e+01 0.000000000000000000e+00 0.000000000000000000e+00
8.613964843750000000e+01 0.000000000000000000e+00 0.000000000000000000e+00
8.524981689453125000e+01 0.000000000000000000e+00 0.000000000000000000e+00
8.449011230468750000e+01 0.000000000000000000e+00 0.000000000000000000e+00
8.428778076171875000e+01 0.000000000000000000e+00 0.000000000000000000e+00
8.425799560546875000e+01 0.000000000000000000e+00 0.000000000000000000e+00
8.439385986328125000e+01 0.000000000000000000e+00 0.000000000000000000e+00
8.452905273437500000e+01 0.000000000000000000e+00 0.000000000000000000e+00
8.472888183593750000e+01 0.000000000000000000e+00 0.000000000000000000e+00
8.495758056640625000e+01 0.000000000000000000e+00 0.000000000000000000e+00
8.517517089843750000e+01 0.000000000000000000e+00 0.000000000000000000e+00
8.523345947265625000e+01 0.000000000000000000e+00 0.000000000000000000e+00
8.527252197265625000e+01 0.000000000000000000e+00 0.000000000000000000e+00
8.535900878906250000e+01 0.000000000000000000e+00 0.000000000000000000e+00
8.517718505859375000e+01 0.000000000000000000e+00 0.000000000000000000e+00
8.524047851562500000e+01 0.000000000000000000e+00 0.000000000000000000e+00
8.533081054687500000e+01 0.000000000000000000e+00 0.000000000000000000e+00
8.575421142578125000e+01 0.000000000000000000e+00 0.000000000000000000e+00
8.572448730468750000e+01 0.000000000000000000e+00 0.000000000000000000e+00
8.596258544921875000e+01 0.000000000000000000e+00 0.000000000000000000e+00
8.627227783203125000e+01 0.000000000000000000e+00 0.000000000000000000e+00
8.630541992187500000e+01 0.000000000000000000e+00 0.000000000000000000e+00
8.655535888671875000e+01 0.000000000000000000e+00 0.000000000000000000e+00
8.658306884765625000e+01 0.000000000000000000e+00 0.000000000000000000e+00
8.670068359375000000e+01 0.000000000000000000e+00 0.000000000000000000e+00
8.691583251953125000e+01 0.000000000000000000e+00 0.000000000000000000e+00
8.701916503906250000e+01 0.000000000000000000e+00 0.000000000000000000e+00
8.735308837890625000e+01 0.000000000000000000e+00 0.000000000000000000e+00
8.765008544921875000e+01 0.000000000000000000e+00 0.000000000000000000e+00
8.778900146484375000e+01 0.000000000000000000e+00 0.000000000000000000e+00
8.789263916015625000e+01 0.000000000000000000e+00 0.000000000000000000e+00
8.821636962890625000e+01 0.000000000000000000e+00 0.000000000000000000e+00
8.844769287109375000e+01 0.000000000000000000e+00 0.000000000000000000e+00
8.871527099609375000e+01 0.000000000000000000e+00 0.000000000000000000e+00
8.891217041015625000e+01 0.000000000000000000e+00 0.000000000000000000e+00
8.889874267578125000e+01 0.000000000000000000e+00 0.000000000000000000e+00
8.817382812500000000e+01 0.000000000000000000e+00 0.000000000000000000e+00
8.600506591796875000e+01 0.000000000000000000e+00 0.000000000000000000e+00
8.486120605468750000e+01 0.000000000000000000e+00 0.000000000000000000e+00
8.426837158203125000e+01 0.000000000000000000e+00 0.000000000000000000e+00
8.393554687500000000e+01 0.000000000000000000e+00 0.000000000000000000e+00
8.366589355468750000e+01 0.000000000000000000e+00 0.000000000000000000e+00
8.352368164062500000e+01 0.000000000000000000e+00 0.000000000000000000e+00
8.341046142578125000e+01 0.000000000000000000e+00 0.000000000000000000e+00
8.353607177734375000e+01 0.000000000000000000e+00 0.000000000000000000e+00
8.344146728515625000e+01 0.000000000000000000e+00 0.000000000000000000e+00
8.362512207031250000e+01 0.000000000000000000e+00 0.000000000000000000e+00
8.375671386718750000e+01 0.000000000000000000e+00 0.000000000000000000e+00
8.379864501953125000e+01 0.000000000000000000e+00 0.000000000000000000e+00
8.405200195312500000e+01 0.000000000000000000e+00 0.000000000000000000e+00
8.418298339843750000e+01 0.000000000000000000e+00 0.000000000000000000e+00
8.470666503906250000e+01 0.000000000000000000e+00 0.000000000000000000e+00
8.467077636718750000e+01 0.000000000000000000e+00 0.000000000000000000e+00
8.465393066406250000e+01 0.000000000000000000e+00 0.000000000000000000e+00
8.470642089843750000e+01 0.000000000000000000e+00 0.000000000000000000e+00
8.480383300781250000e+01 0.000000000000000000e+00 0.000000000000000000e+00
8.481146240234375000e+01 0.000000000000000000e+00 0.000000000000000000e+00
8.511340332031250000e+01 0.000000000000000000e+00 0.000000000000000000e+00
8.563098144531250000e+01 0.000000000000000000e+00 0.000000000000000000e+00
8.589147949218750000e+01 0.000000000000000000e+00 0.000000000000000000e+00
8.603503417968750000e+01 0.000000000000000000e+00 0.000000000000000000e+00
8.617523193359375000e+01 0.000000000000000000e+00 0.000000000000000000e+00
8.625524902343750000e+01 0.000000000000000000e+00 0.000000000000000000e+00
8.656018066406250000e+01 0.000000000000000000e+00 0.000000000000000000e+00
8.677124023437500000e+01 0.000000000000000000e+00 0.000000000000000000e+00
8.704071044921875000e+01 0.000000000000000000e+00 0.000000000000000000e+00
8.741394042968750000e+01 0.000000000000000000e+00 0.000000000000000000e+00
8.748596191406250000e+01 0.000000000000000000e+00 0.000000000000000000e+00
8.748443603515625000e+01 0.000000000000000000e+00 0.000000000000000000e+00
8.774810791015625000e+01 0.000000000000000000e+00 0.000000000000000000e+00
8.803222656250000000e+01 0.000000000000000000e+00 0.000000000000000000e+00
8.834918212890625000e+01 0.000000000000000000e+00 0.000000000000000000e+00
8.861987304687500000e+01 0.000000000000000000e+00 0.000000000000000000e+00
8.837603759765625000e+01 0.000000000000000000e+00 0.000000000000000000e+00
8.717163085937500000e+01 0.000000000000000000e+00 0.000000000000000000e+00
8.555755615234375000e+01 0.000000000000000000e+00 0.000000000000000000e+00
8.440698242187500000e+01 0.000000000000000000e+00 0.000000000000000000e+00
8.409869384765625000e+01 0.000000000000000000e+00 0.000000000000000000e+00
8.395245361328125000e+01 0.000000000000000000e+00 0.000000000000000000e+00
8.381573486328125000e+01 0.000000000000000000e+00 0.000000000000000000e+00
8.385614013671875000e+01 0.000000000000000000e+00 0.000000000000000000e+00
8.412640380859375000e+01 0.000000000000000000e+00 0.000000000000000000e+00
8.425109863281250000e+01 0.000000000000000000e+00 0.000000000000000000e+00
8.444604492187500000e+01 0.000000000000000000e+00 0.000000000000000000e+00
8.508087158203125000e+01 0.000000000000000000e+00 0.000000000000000000e+00
8.546087646484375000e+01 0.000000000000000000e+00 0.000000000000000000e+00
8.558087158203125000e+01 0.000000000000000000e+00 0.000000000000000000e+00
8.564416503906250000e+01 0.000000000000000000e+00 0.000000000000000000e+00
8.563757324218750000e+01 0.000000000000000000e+00 0.000000000000000000e+00
8.553649902343750000e+01 0.000000000000000000e+00 0.000000000000000000e+00
8.543511962890625000e+01 0.000000000000000000e+00 0.000000000000000000e+00
8.551129150390625000e+01 0.000000000000000000e+00 0.000000000000000000e+00
8.570123291015625000e+01 0.000000000000000000e+00 0.000000000000000000e+00
8.606097412109375000e+01 0.000000000000000000e+00 0.000000000000000000e+00
8.641033935546875000e+01 0.000000000000000000e+00 0.000000000000000000e+00
8.685559082031250000e+01 0.000000000000000000e+00 0.000000000000000000e+00
8.699652099609375000e+01 0.000000000000000000e+00 0.000000000000000000e+00
8.717639160156250000e+01 0.000000000000000000e+00 0.000000000000000000e+00
8.753771972656250000e+01 0.000000000000000000e+00 0.000000000000000000e+00
8.776269531250000000e+01 0.000000000000000000e+00 0.000000000000000000e+00
8.747973632812500000e+01 0.000000000000000000e+00 0.000000000000000000e+00
8.751885986328125000e+01 0.000000000000000000e+00 0.000000000000000000e+00
8.757208251953125000e+01 0.000000000000000000e+00 0.000000000000000000e+00
8.766802978515625000e+01 0.000000000000000000e+00 0.000000000000000000e+00
8.774566650390625000e+01 0.000000000000000000e+00 0.000000000000000000e+00
8.789154052734375000e+01 0.000000000000000000e+00 0.000000000000000000e+00
8.798553466796875000e+01 0.000000000000000000e+00 0.000000000000000000e+00
8.826049804687500000e+01 0.000000000000000000e+00 0.000000000000000000e+00
8.839941406250000000e+01 0.000000000000000000e+00 0.000000000000000000e+00
8.864593505859375000e+01 0.000000000000000000e+00 0.000000000000000000e+00
8.854852294921875000e+01 0.000000000000000000e+00 0.000000000000000000e+00
8.729504394531250000e+01 0.000000000000000000e+00 0.000000000000000000e+00
8.553637695312500000e+01 0.000000000000000000e+00 0.000000000000000000e+00
8.422509765625000000e+01 0.000000000000000000e+00 0.000000000000000000e+00
8.335015869140625000e+01 0.000000000000000000e+00 0.000000000000000000e+00
8.304296875000000000e+01 0.000000000000000000e+00 0.000000000000000000e+00
8.291900634765625000e+01 0.000000000000000000e+00 0.000000000000000000e+00
8.285577392578125000e+01 0.000000000000000000e+00 0.000000000000000000e+00
8.284033203125000000e+01 0.000000000000000000e+00 0.000000000000000000e+00
8.270184326171875000e+01 0.000000000000000000e+00 0.000000000000000000e+00
8.270428466796875000e+01 0.000000000000000000e+00 0.000000000000000000e+00
8.268304443359375000e+01 0.000000000000000000e+00 0.000000000000000000e+00
8.262707519531250000e+01 0.000000000000000000e+00 0.000000000000000000e+00
8.270300292968750000e+01 0.000000000000000000e+00 0.000000000000000000e+00
8.251940917968750000e+01 0.000000000000000000e+00 0.000000000000000000e+00
8.220068359375000000e+01 0.000000000000000000e+00 0.000000000000000000e+00
8.214825439453125000e+01 0.000000000000000000e+00 0.000000000000000000e+00
8.208563232421875000e+01 0.000000000000000000e+00 0.000000000000000000e+00
8.198846435546875000e+01 0.000000000000000000e+00 0.000000000000000000e+00
8.189343261718750000e+01 0.000000000000000000e+00 0.000000000000000000e+00
8.210156250000000000e+01 0.000000000000000000e+00 0.000000000000000000e+00
8.221868896484375000e+01 0.000000000000000000e+00 0.000000000000000000e+00
8.254925537109375000e+01 0.000000000000000000e+00 0.000000000000000000e+00
8.268170166015625000e+01 0.000000000000000000e+00 0.000000000000000000e+00
8.269158935546875000e+01 0.000000000000000000e+00 0.000000000000000000e+00
8.302801513671875000e+01 0.000000000000000000e+00 0.000000000000000000e+00
8.299603271484375000e+01 0.000000000000000000e+00 0.000000000000000000e+00
8.313818359375000000e+01 0.000000000000000000e+00 0.000000000000000000e+00
8.307299804687500000e+01 0.000000000000000000e+00 0.000000000000000000e+00
8.332208251953125000e+01 0.000000000000000000e+00 0.000000000000000000e+00
8.340521240234375000e+01 0.000000000000000000e+00 0.000000000000000000e+00
8.351202392578125000e+01 0.000000000000000000e+00 0.000000000000000000e+00
8.377490234375000000e+01 0.000000000000000000e+00 0.000000000000000000e+00
8.375976562500000000e+01 0.000000000000000000e+00 0.000000000000000000e+00
8.379217529296875000e+01 0.000000000000000000e+00 0.000000000000000000e+00
8.332604980468750000e+01 0.000000000000000000e+00 0.000000000000000000e+00
8.128961181640625000e+01 0.000000000000000000e+00 0.000000000000000000e+00
7.945745849609375000e+01 0.000000000000000000e+00 0.000000000000000000e+00
7.827001953125000000e+01 0.000000000000000000e+00 0.000000000000000000e+00
7.761669921875000000e+01 0.000000000000000000e+00 0.000000000000000000e+00
7.726593017578125000e+01 0.000000000000000000e+00 0.000000000000000000e+00
7.709533691406250000e+01 0.000000000000000000e+00 0.000000000000000000e+00
7.704785156250000000e+01 0.000000000000000000e+00 0.000000000000000000e+00
7.718505859375000000e+01 0.000000000000000000e+00 0.000000000000000000e+00
7.747448730468750000e+01 0.000000000000000000e+00 0.000000000000000000e+00
7.771447753906250000e+01 0.000000000000000000e+00 0.000000000000000000e+00
7.800604248046875000e+01 0.000000000000000000e+00 0.000000000000000000e+00
7.832147216796875000e+01 0.000000000000000000e+00 0.000000000000000000e+00
7.841888427734375000e+01 0.000000000000000000e+00 0.000000000000000000e+00
7.832342529296875000e+01 0.000000000000000000e+00 0.000000000000000000e+00
7.816937255859375000e+01 0.000000000000000000e+00 0.000000000000000000e+00
7.801849365234375000e+01 0.000000000000000000e+00 0.000000000000000000e+00
7.797113037109375000e+01 0.000000000000000000e+00 0.000000000000000000e+00
7.797436523437500000e+01 0.000000000000000000e+00 0.000000000000000000e+00
7.805419921875000000e+01 0.000000000000000000e+00 0.000000000000000000e+00
7.809790039062500000e+01 0.000000000000000000e+00 0.000000000000000000e+00
7.839428710937500000e+01 0.000000000000000000e+00 0.000000000000000000e+00
7.851879882812500000e+01 0.000000000000000000e+00 0.000000000000000000e+00
7.857647705078125000e+01 0.000000000000000000e+00 0.000000000000000000e+00
7.895446777343750000e+01 0.000000000000000000e+00 0.000000000000000000e+00
7.890826416015625000e+01 0.000000000000000000e+00 0.000000000000000000e+00
7.902502441406250000e+01 0.000000000000000000e+00 0.000000000000000000e+00
7.890008544921875000e+01 0.000000000000000000e+00 0.000000000000000000e+00
7.902154541015625000e+01 0.000000000000000000e+00 0.000000000000000000e+00
7.907214355468750000e+01 0.000000000000000000e+00 0.000000000000000000e+00
7.906823730468750000e+01 0.000000000000000000e+00 0.000000000000000000e+00
7.888909912109375000e+01 0.000000000000000000e+00 0.000000000000000000e+00
7.897570800781250000e+01 0.000000000000000000e+00 0.000000000000000000e+00
7.910131835937500000e+01 0.000000000000000000e+00 0.000000000000000000e+00
7.947601318359375000e+01 0.000000000000000000e+00 0.000000000000000000e+00
7.981304931640625000e+01 0.000000000000000000e+00 0.000000000000000000e+00
7.991638183593750000e+01 0.000000000000000000e+00 0.000000000000000000e+00
7.938183593750000000e+01 0.000000000000000000e+00 0.000000000000000000e+00
7.737811279296875000e+01 0.000000000000000000e+00 0.000000000000000000e+00
7.555657958984375000e+01 0.000000000000000000e+00 0.000000000000000000e+00
7.423266601562500000e+01 0.000000000000000000e+00 0.000000000000000000e+00
7.361773681640625000e+01 0.000000000000000000e+00 0.000000000000000000e+00
7.323510742187500000e+01 0.000000000000000000e+00 0.000000000000000000e+00
7.300665283203125000e+01 0.000000000000000000e+00 0.000000000000000000e+00
7.256610107421875000e+01 0.000000000000000000e+00 0.000000000000000000e+00
7.215313720703125000e+01 0.000000000000000000e+00 0.000000000000000000e+00
7.212994384765625000e+01 0.000000000000000000e+00 0.000000000000000000e+00
7.221154785156250000e+01 0.000000000000000000e+00 0.000000000000000000e+00
7.217358398437500000e+01 0.000000000000000000e+00 0.000000000000000000e+00
7.228265380859375000e+01 0.000000000000000000e+00 0.000000000000000000e+00
7.244287109375000000e+01 0.000000000000000000e+00 0.000000000000000000e+00
7.256756591796875000e+01 0.000000000000000000e+00 0.000000000000000000e+00
7.259387207031250000e+01 0.000000000000000000e+00 0.000000000000000000e+00
7.280371093750000000e+01 0.000000000000000000e+00 0.000000000000000000e+00
7.279101562500000000e+01 0.000000000000000000e+00 0.000000000000000000e+00
7.288330078125000000e+01 0.000000000000000000e+00 0.000000000000000000e+00
7.302325439453125000e+01 0.000000000000000000e+00 0.000000000000000000e+00
7.318237304687500000e+01 0.000000000000000000e+00 0.000000000000000000e+00
7.360839843750000000e+01 0.000000000000000000e+00 0.000000000000000000e+00
7.369763183593750000e+01 0.000000000000000000e+00 0.000000000000000000e+00
7.404248046875000000e+01 0.000000000000000000e+00 0.000000000000000000e+00
7.434484863281250000e+01 0.000000000000000000e+00 0.000000000000000000e+00
7.447204589843750000e+01 0.000000000000000000e+00 0.000000000000000000e+00
7.455682373046875000e+01 0.000000000000000000e+00 0.000000000000000000e+00
7.478088378906250000e+01 0.000000000000000000e+00 0.000000000000000000e+00
7.507580566406250000e+01 0.000000000000000000e+00 0.000000000000000000e+00
7.545074462890625000e+01 0.000000000000000000e+00 0.000000000000000000e+00
7.572821044921875000e+01 0.000000000000000000e+00 0.000000000000000000e+00
7.587475585937500000e+01 0.000000000000000000e+00 0.000000000000000000e+00
7.616680908203125000e+01 0.000000000000000000e+00 0.000000000000000000e+00
7.620867919921875000e+01 0.000000000000000000e+00 0.000000000000000000e+00
7.627801513671875000e+01 0.000000000000000000e+00 0.000000000000000000e+00
7.645989990234375000e+01 0.000000000000000000e+00 0.000000000000000000e+00
7.646533203125000000e+01 0.000000000000000000e+00 0.000000000000000000e+00
7.628100585937500000e+01 0.000000000000000000e+00 0.000000000000000000e+00
7.493450927734375000e+01 0.000000000000000000e+00 0.000000000000000000e+00
7.336456298828125000e+01 0.000000000000000000e+00 0.000000000000000000e+00
7.193157958984375000e+01 0.000000000000000000e+00 0.000000000000000000e+00
7.130889892578125000e+01 0.000000000000000000e+00 0.000000000000000000e+00
7.099951171875000000e+01 0.000000000000000000e+00 0.000000000000000000e+00
7.104302978515625000e+01 0.000000000000000000e+00 0.000000000000000000e+00
7.104870605468750000e+01 0.000000000000000000e+00 0.000000000000000000e+00
7.110333251953125000e+01 0.000000000000000000e+00 0.000000000000000000e+00
7.112078857421875000e+01 0.000000000000000000e+00 0.000000000000000000e+00
7.123309326171875000e+01 0.000000000000000000e+00 0.000000000000000000e+00
7.154382324218750000e+01 0.000000000000000000e+00 0.000000000000000000e+00
7.259802246093750000e+01 0.000000000000000000e+00 0.000000000000000000e+00
7.233886718750000000e+01 0.000000000000000000e+00 0.000000000000000000e+00
7.227545166015625000e+01 0.000000000000000000e+00 0.000000000000000000e+00
7.238665771484375000e+01 0.000000000000000000e+00 0.000000000000000000e+00
7.247863769531250000e+01 0.000000000000000000e+00 0.000000000000000000e+00
7.260589599609375000e+01 0.000000000000000000e+00 0.000000000000000000e+00
7.273284912109375000e+01 0.000000000000000000e+00 0.000000000000000000e+00
7.283984375000000000e+01 0.000000000000000000e+00 0.000000000000000000e+00
7.290893554687500000e+01 0.000000000000000000e+00 0.000000000000000000e+00
7.327929687500000000e+01 0.000000000000000000e+00 0.000000000000000000e+00
7.356970214843750000e+01 0.000000000000000000e+00 0.000000000000000000e+00
7.377551269531250000e+01 0.000000000000000000e+00 0.000000000000000000e+00
7.416485595703125000e+01 0.000000000000000000e+00 0.000000000000000000e+00
7.456762695312500000e+01 0.000000000000000000e+00 0.000000000000000000e+00
7.510797119140625000e+01 0.000000000000000000e+00 0.000000000000000000e+00
7.544488525390625000e+01 0.000000000000000000e+00 0.000000000000000000e+00
7.578601074218750000e+01 0.000000000000000000e+00 0.000000000000000000e+00
7.594403076171875000e+01 0.000000000000000000e+00 0.000000000000000000e+00
7.626306152343750000e+01 0.000000000000000000e+00 0.000000000000000000e+00
7.624816894531250000e+01 0.000000000000000000e+00 0.000000000000000000e+00
7.643218994140625000e+01 0.000000000000000000e+00 0.000000000000000000e+00
7.675024414062500000e+01 0.000000000000000000e+00 0.000000000000000000e+00
7.702423095703125000e+01 0.000000000000000000e+00 0.000000000000000000e+00
7.713714599609375000e+01 0.000000000000000000e+00 0.000000000000000000e+00
7.742895507812500000e+01 0.000000000000000000e+00 0.000000000000000000e+00
7.745941162109375000e+01 0.000000000000000000e+00 0.000000000000000000e+00
7.659552001953125000e+01 0.000000000000000000e+00 0.000000000000000000e+00
7.504327392578125000e+01 0.000000000000000000e+00 0.000000000000000000e+00
7.360119628906250000e+01 0.000000000000000000e+00 0.000000000000000000e+00
7.276477050781250000e+01 0.000000000000000000e+00 0.000000000000000000e+00
7.230584716796875000e+01 0.000000000000000000e+00 0.000000000000000000e+00
7.232763671875000000e+01 0.000000000000000000e+00 0.000000000000000000e+00
7.245056152343750000e+01 0.000000000000000000e+00 0.000000000000000000e+00
7.249273681640625000e+01 0.000000000000000000e+00 0.000000000000000000e+00
7.253662109375000000e+01 0.000000000000000000e+00 0.000000000000000000e+00
7.261175537109375000e+01 0.000000000000000000e+00 0.000000000000000000e+00
7.282629394531250000e+01 0.000000000000000000e+00 0.000000000000000000e+00
7.298779296875000000e+01 0.000000000000000000e+00 0.000000000000000000e+00
7.328503417968750000e+01 0.000000000000000000e+00 0.000000000000000000e+00
7.331982421875000000e+01 0.000000000000000000e+00 0.000000000000000000e+00
7.332775878906250000e+01 0.000000000000000000e+00 0.000000000000000000e+00
7.310699462890625000e+01 0.000000000000000000e+00 0.000000000000000000e+00
7.298425292968750000e+01 0.000000000000000000e+00 0.000000000000000000e+00
7.306884765625000000e+01 0.000000000000000000e+00 0.000000000000000000e+00
7.296911621093750000e+01 0.000000000000000000e+00 0.000000000000000000e+00
7.321264648437500000e+01 0.000000000000000000e+00 0.000000000000000000e+00
7.340673828125000000e+01 0.000000000000000000e+00 0.000000000000000000e+00
7.349572753906250000e+01 0.000000000000000000e+00 0.000000000000000000e+00
7.357690429687500000e+01 0.000000000000000000e+00 0.000000000000000000e+00
7.345935058593750000e+01 0.000000000000000000e+00 0.000000000000000000e+00
7.349694824218750000e+01 0.000000000000000000e+00 0.000000000000000000e+00
7.361083984375000000e+01 0.000000000000000000e+00 0.000000000000000000e+00
7.385699462890625000e+01 0.000000000000000000e+00 0.000000000000000000e+00
7.392089843750000000e+01 0.000000000000000000e+00 0.000000000000000000e+00
7.399359130859375000e+01 0.000000000000000000e+00 0.000000000000000000e+00
7.420288085937500000e+01 0.000000000000000000e+00 0.000000000000000000e+00
7.429675292968750000e+01 0.000000000000000000e+00 0.000000000000000000e+00
7.438403320312500000e+01 0.000000000000000000e+00 0.000000000000000000e+00
7.455828857421875000e+01 0.000000000000000000e+00 0.000000000000000000e+00
7.493768310546875000e+01 0.000000000000000000e+00 0.000000000000000000e+00
7.527221679687500000e+01 0.000000000000000000e+00 0.000000000000000000e+00
7.391998291015625000e+01 0.000000000000000000e+00 0.000000000000000000e+00
7.236871337890625000e+01 0.000000000000000000e+00 0.000000000000000000e+00
7.082855224609375000e+01 0.000000000000000000e+00 0.000000000000000000e+00
6.987365722656250000e+01 0.000000000000000000e+00 0.000000000000000000e+00
6.939562988281250000e+01 0.000000000000000000e+00 0.000000000000000000e+00
6.929071044921875000e+01 0.000000000000000000e+00 0.000000000000000000e+00
6.926153564453125000e+01 0.000000000000000000e+00 0.000000000000000000e+00
6.924707031250000000e+01 0.000000000000000000e+00 0.000000000000000000e+00
6.933892822265625000e+01 0.000000000000000000e+00 0.000000000000000000e+00
6.955871582031250000e+01 0.000000000000000000e+00 0.000000000000000000e+00
6.975311279296875000e+01 0.000000000000000000e+00 0.000000000000000000e+00
6.975677490234375000e+01 0.000000000000000000e+00 0.000000000000000000e+00
6.960736083984375000e+01 0.000000000000000000e+00 0.000000000000000000e+00
6.967443847656250000e+01 0.000000000000000000e+00 0.000000000000000000e+00
6.976696777343750000e+01 0.000000000000000000e+00 0.000000000000000000e+00
6.980438232421875000e+01 0.000000000000000000e+00 0.000000000000000000e+00
6.974114990234375000e+01 0.000000000000000000e+00 0.000000000000000000e+00
6.982977294921875000e+01 0.000000000000000000e+00 0.000000000000000000e+00
6.998120117187500000e+01 0.000000000000000000e+00 0.000000000000000000e+00
7.006353759765625000e+01 0.000000000000000000e+00 0.000000000000000000e+00
7.030200195312500000e+01 0.000000000000000000e+00 0.000000000000000000e+00
7.068566894531250000e+01 0.000000000000000000e+00 0.000000000000000000e+00
7.071496582031250000e+01 0.000000000000000000e+00 0.000000000000000000e+00
7.078912353515625000e+01 0.000000000000000000e+00 0.000000000000000000e+00
7.112390136718750000e+01 0.000000000000000000e+00 0.000000000000000000e+00
7.123315429687500000e+01 0.000000000000000000e+00 0.000000000000000000e+00
7.152728271484375000e+01 0.000000000000000000e+00 0.000000000000000000e+00
7.150769042968750000e+01 0.000000000000000000e+00 0.000000000000000000e+00
7.157214355468750000e+01 0.000000000000000000e+00 0.000000000000000000e+00
7.174511718750000000e+01 0.000000000000000000e+00 0.000000000000000000e+00
7.183239746093750000e+01 0.000000000000000000e+00 0.000000000000000000e+00
7.204504394531250000e+01 0.000000000000000000e+00 0.000000000000000000e+00
7.185491943359375000e+01 0.000000000000000000e+00 0.000000000000000000e+00
7.182556152343750000e+01 0.000000000000000000e+00 0.000000000000000000e+00
7.194171142578125000e+01 0.000000000000000000e+00 0.000000000000000000e+00
7.199890136718750000e+01 0.000000000000000000e+00 0.000000000000000000e+00
7.146343994140625000e+01 0.000000000000000000e+00 0.000000000000000000e+00
6.954724121093750000e+01 0.000000000000000000e+00 0.000000000000000000e+00
6.757788085937500000e+01 0.000000000000000000e+00 0.000000000000000000e+00
6.634259033203125000e+01 0.000000000000000000e+00 0.000000000000000000e+00
6.528869628906250000e+01 0.000000000000000000e+00 0.000000000000000000e+00
6.493499755859375000e+01 0.000000000000000000e+00 0.000000000000000000e+00
6.483245849609375000e+01 0.000000000000000000e+00 0.000000000000000000e+00
6.487933349609375000e+01 0.000000000000000000e+00 0.000000000000000000e+00
6.483331298828125000e+01 0.000000000000000000e+00 0.000000000000000000e+00
6.482061767578125000e+01 0.000000000000000000e+00 0.000000000000000000e+00
6.478979492187500000e+01 0.000000000000000000e+00 0.000000000000000000e+00
6.462646484375000000e+01 0.000000000000000000e+00 0.000000000000000000e+00
6.478991699218750000e+01 0.000000000000000000e+00 0.000000000000000000e+00
6.496282958984375000e+01 0.000000000000000000e+00 0.000000000000000000e+00
6.488012695312500000e+01 0.000000000000000000e+00 0.000000000000000000e+00
6.485150146484375000e+01 0.000000000000000000e+00 0.000000000000000000e+00
6.484173583984375000e+01 0.000000000000000000e+00 0.000000000000000000e+00
6.491113281250000000e+01 0.000000000000000000e+00 0.000000000000000000e+00
6.497723388671875000e+01 0.000000000000000000e+00 0.000000000000000000e+00
6.515447998046875000e+01 0.000000000000000000e+00 0.000000000000000000e+00
6.555096435546875000e+01 0.000000000000000000e+00 0.000000000000000000e+00
6.564141845703125000e+01 0.000000000000000000e+00 0.000000000000000000e+00
6.599224853515625000e+01 0.000000000000000000e+00 0.000000000000000000e+00
6.656036376953125000e+01 0.000000000000000000e+00 0.000000000000000000e+00
6.680584716796875000e+01 0.000000000000000000e+00 0.000000000000000000e+00
6.692816162109375000e+01 0.000000000000000000e+00 0.000000000000000000e+00
6.707226562500000000e+01 0.000000000000000000e+00 0.000000000000000000e+00
6.715454101562500000e+01 0.000000000000000000e+00 0.000000000000000000e+00
6.735095214843750000e+01 0.000000000000000000e+00 0.000000000000000000e+00
6.758612060546875000e+01 0.000000000000000000e+00 0.000000000000000000e+00
6.777691650390625000e+01 0.000000000000000000e+00 0.000000000000000000e+00
6.836950683593750000e+01 0.000000000000000000e+00 0.000000000000000000e+00
6.871508789062500000e+01 0.000000000000000000e+00 0.000000000000000000e+00
6.910540771484375000e+01 0.000000000000000000e+00 0.000000000000000000e+00
6.932788085937500000e+01 0.000000000000000000e+00 0.000000000000000000e+00
6.965350341796875000e+01 0.000000000000000000e+00 0.000000000000000000e+00
6.979815673828125000e+01 0.000000000000000000e+00 0.000000000000000000e+00
6.948358154296875000e+01 0.000000000000000000e+00 0.000000000000000000e+00
6.752685546875000000e+01 0.000000000000000000e+00 0.000000000000000000e+00
6.578936767578125000e+01 0.000000000000000000e+00 0.000000000000000000e+00
6.467883300781250000e+01 0.000000000000000000e+00 0.000000000000000000e+00
6.410522460937500000e+01 0.000000000000000000e+00 0.000000000000000000e+00
6.391278076171875000e+01 0.000000000000000000e+00 0.000000000000000000e+00
6.389978027343750000e+01 0.000000000000000000e+00 0.000000000000000000e+00
6.393750000000000000e+01 0.000000000000000000e+00 0.000000000000000000e+00
6.410614013671875000e+01 0.000000000000000000e+00 0.000000000000000000e+00
6.443371582031250000e+01 0.000000000000000000e+00 0.000000000000000000e+00
6.482147216796875000e+01 0.000000000000000000e+00 0.000000000000000000e+00
6.495758056640625000e+01 0.000000000000000000e+00 0.000000000000000000e+00
6.515386962890625000e+01 0.000000000000000000e+00 0.000000000000000000e+00
6.549743652343750000e+01 0.000000000000000000e+00 0.000000000000000000e+00
6.555010986328125000e+01 0.000000000000000000e+00 0.000000000000000000e+00
6.568847656250000000e+01 0.000000000000000000e+00 0.000000000000000000e+00
6.574230957031250000e+01 0.000000000000000000e+00 0.000000000000000000e+00
6.598773193359375000e+01 0.000000000000000000e+00 0.000000000000000000e+00
6.640698242187500000e+01 0.000000000000000000e+00 0.000000000000000000e+00
6.719812011718750000e+01 0.000000000000000000e+00 0.000000000000000000e+00
6.778656005859375000e+01 0.000000000000000000e+00 0.000000000000000000e+00
6.812500000000000000e+01 0.000000000000000000e+00 0.000000000000000000e+00
6.833544921875000000e+01 0.000000000000000000e+00 0.000000000000000000e+00
6.889416503906250000e+01 0.000000000000000000e+00 0.000000000000000000e+00
7.026568603515625000e+01 0.000000000000000000e+00 0.000000000000000000e+00
7.132684326171875000e+01 0.000000000000000000e+00 0.000000000000000000e+00
7.173614501953125000e+01 0.000000000000000000e+00 0.000000000000000000e+00
7.201977539062500000e+01 0.000000000000000000e+00 0.000000000000000000e+00
7.326123046875000000e+01 0.000000000000000000e+00 0.000000000000000000e+00
7.475885009765625000e+01 0.000000000000000000e+00 0.000000000000000000e+00
7.524322509765625000e+01 0.000000000000000000e+00 0.000000000000000000e+00
7.533905029296875000e+01 0.000000000000000000e+00 0.000000000000000000e+00
7.651208496093750000e+01 0.000000000000000000e+00 0.000000000000000000e+00
7.819866943359375000e+01 0.000000000000000000e+00 0.000000000000000000e+00
7.867968750000000000e+01 0.000000000000000000e+00 0.000000000000000000e+00
7.868835449218750000e+01 0.000000000000000000e+00 0.000000000000000000e+00
7.883129882812500000e+01 0.000000000000000000e+00 0.000000000000000000e+00
7.876770019531250000e+01 0.000000000000000000e+00 0.000000000000000000e+00
7.752087402343750000e+01 0.000000000000000000e+00 0.000000000000000000e+00
7.596716308593750000e+01 0.000000000000000000e+00 0.000000000000000000e+00
7.574481201171875000e+01 0.000000000000000000e+00 0.000000000000000000e+00
7.586834716796875000e+01 0.000000000000000000e+00 0.000000000000000000e+00
7.611926269531250000e+01 0.000000000000000000e+00 0.000000000000000000e+00
7.622772216796875000e+01 0.000000000000000000e+00 0.000000000000000000e+00
7.662200927734375000e+01 0.000000000000000000e+00 0.000000000000000000e+00
7.698559570312500000e+01 0.000000000000000000e+00 0.000000000000000000e+00
7.848236083984375000e+01 0.000000000000000000e+00 0.000000000000000000e+00
7.861029052734375000e+01 0.000000000000000000e+00 0.000000000000000000e+00
7.865557861328125000e+01 0.000000000000000000e+00 0.000000000000000000e+00
7.874499511718750000e+01 0.000000000000000000e+00 0.000000000000000000e+00
7.869860839843750000e+01 0.000000000000000000e+00 0.000000000000000000e+00
7.862231445312500000e+01 0.000000000000000000e+00 0.000000000000000000e+00
7.852563476562500000e+01 0.000000000000000000e+00 0.000000000000000000e+00
7.852313232421875000e+01 0.000000000000000000e+00 0.000000000000000000e+00
7.850616455078125000e+01 0.000000000000000000e+00 0.000000000000000000e+00
7.851104736328125000e+01 0.000000000000000000e+00 0.000000000000000000e+00
7.860998535156250000e+01 0.000000000000000000e+00 0.000000000000000000e+00
7.873339843750000000e+01 0.000000000000000000e+00 0.000000000000000000e+00
7.897583007812500000e+01 0.000000000000000000e+00 0.000000000000000000e+00
7.908453369140625000e+01 0.000000000000000000e+00 0.000000000000000000e+00
7.911596679687500000e+01 0.000000000000000000e+00 0.000000000000000000e+00
7.914703369140625000e+01 0.000000000000000000e+00 0.000000000000000000e+00
7.923406982421875000e+01 0.000000000000000000e+00 0.000000000000000000e+00
7.948016357421875000e+01 0.000000000000000000e+00 0.000000000000000000e+00
7.967877197265625000e+01 0.000000000000000000e+00 0.000000000000000000e+00
7.979431152343750000e+01 0.000000000000000000e+00 0.000000000000000000e+00
7.975012207031250000e+01 0.000000000000000000e+00 0.000000000000000000e+00
7.977539062500000000e+01 0.000000000000000000e+00 0.000000000000000000e+00
7.976336669921875000e+01 0.000000000000000000e+00 0.000000000000000000e+00
7.968865966796875000e+01 0.000000000000000000e+00 0.000000000000000000e+00
7.970227050781250000e+01 0.000000000000000000e+00 0.000000000000000000e+00
7.906243896484375000e+01 0.000000000000000000e+00 0.000000000000000000e+00
7.701568603515625000e+01 0.000000000000000000e+00 0.000000000000000000e+00
7.490771484375000000e+01 0.000000000000000000e+00 0.000000000000000000e+00
7.321533203125000000e+01 0.000000000000000000e+00 0.000000000000000000e+00
7.212432861328125000e+01 0.000000000000000000e+00 0.000000000000000000e+00
7.165209960937500000e+01 0.000000000000000000e+00 0.000000000000000000e+00
7.125653076171875000e+01 0.000000000000000000e+00 0.000000000000000000e+00
7.111364746093750000e+01 0.000000000000000000e+00 0.000000000000000000e+00
7.125762939453125000e+01 0.000000000000000000e+00 0.000000000000000000e+00
7.127966308593750000e+01 0.000000000000000000e+00 0.000000000000000000e+00
7.129559326171875000e+01 0.000000000000000000e+00 0.000000000000000000e+00
7.154901123046875000e+01 0.000000000000000000e+00 0.000000000000000000e+00
7.184143066406250000e+01 0.000000000000000000e+00 0.000000000000000000e+00
7.209637451171875000e+01 0.000000000000000000e+00 0.000000000000000000e+00
7.193994140625000000e+01 0.000000000000000000e+00 0.000000000000000000e+00
7.195349121093750000e+01 0.000000000000000000e+00 0.000000000000000000e+00
7.193811035156250000e+01 0.000000000000000000e+00 0.000000000000000000e+00
7.200073242187500000e+01 0.000000000000000000e+00 0.000000000000000000e+00
7.196990966796875000e+01 0.000000000000000000e+00 0.000000000000000000e+00
7.223718261718750000e+01 0.000000000000000000e+00 0.000000000000000000e+00
7.240625000000000000e+01 0.000000000000000000e+00 0.000000000000000000e+00
7.270288085937500000e+01 0.000000000000000000e+00 0.000000000000000000e+00
7.281768798828125000e+01 0.000000000000000000e+00 0.000000000000000000e+00
7.277593994140625000e+01 0.000000000000000000e+00 0.000000000000000000e+00
7.280975341796875000e+01 0.000000000000000000e+00 0.000000000000000000e+00
7.284466552734375000e+01 0.000000000000000000e+00 0.000000000000000000e+00
7.292755126953125000e+01 0.000000000000000000e+00 0.000000000000000000e+00
7.298834228515625000e+01 0.000000000000000000e+00 0.000000000000000000e+00
7.322760009765625000e+01 0.000000000000000000e+00 0.000000000000000000e+00
7.348596191406250000e+01 0.000000000000000000e+00 0.000000000000000000e+00
7.375305175781250000e+01 0.000000000000000000e+00 0.000000000000000000e+00
7.389550781250000000e+01 0.000000000000000000e+00 0.000000000000000000e+00
7.407446289062500000e+01 0.000000000000000000e+00 0.000000000000000000e+00
7.435961914062500000e+01 0.000000000000000000e+00 0.000000000000000000e+00
7.453704833984375000e+01 0.000000000000000000e+00 0.000000000000000000e+00
7.535638427734375000e+01 0.000000000000000000e+00 0.000000000000000000e+00
7.548632812500000000e+01 0.000000000000000000e+00 0.000000000000000000e+00
7.558355712890625000e+01 0.000000000000000000e+00 0.000000000000000000e+00
7.452130126953125000e+01 0.000000000000000000e+00 0.000000000000000000e+00
7.234375000000000000e+01 0.000000000000000000e+00 0.000000000000000000e+00
7.011901855468750000e+01 0.000000000000000000e+00 0.000000000000000000e+00
6.901104736328125000e+01 0.000000000000000000e+00 0.000000000000000000e+00
6.807037353515625000e+01 0.000000000000000000e+00 0.000000000000000000e+00
6.782128906250000000e+01 0.000000000000000000e+00 0.000000000000000000e+00
6.763153076171875000e+01 0.000000000000000000e+00 0.000000000000000000e+00
6.769195556640625000e+01 0.000000000000000000e+00 0.000000000000000000e+00
6.773657226562500000e+01 0.000000000000000000e+00 0.000000000000000000e+00
6.793194580078125000e+01 0.000000000000000000e+00 0.000000000000000000e+00
6.841876220703125000e+01 0.000000000000000000e+00 0.000000000000000000e+00
6.901287841796875000e+01 0.000000000000000000e+00 0.000000000000000000e+00
6.932897949218750000e+01 0.000000000000000000e+00 0.000000000000000000e+00
6.963696289062500000e+01 0.000000000000000000e+00 0.000000000000000000e+00
6.951690673828125000e+01 0.000000000000000000e+00 0.000000000000000000e+00
6.958374023437500000e+01 0.000000000000000000e+00 0.000000000000000000e+00
6.960961914062500000e+01 0.000000000000000000e+00 0.000000000000000000e+00
6.971289062500000000e+01 0.000000000000000000e+00 0.000000000000000000e+00
6.995959472656250000e+01 0.000000000000000000e+00 0.000000000000000000e+00
7.020831298828125000e+01 0.000000000000000000e+00 0.000000000000000000e+00
7.065557861328125000e+01 0.000000000000000000e+00 0.000000000000000000e+00
7.095855712890625000e+01 0.000000000000000000e+00 0.000000000000000000e+00
7.112847900390625000e+01 0.000000000000000000e+00 0.000000000000000000e+00
7.167169189453125000e+01 0.000000000000000000e+00 0.000000000000000000e+00
7.198803710937500000e+01 0.000000000000000000e+00 0.000000000000000000e+00
7.229296875000000000e+01 0.000000000000000000e+00 0.000000000000000000e+00
7.234863281250000000e+01 0.000000000000000000e+00 0.000000000000000000e+00
7.259002685546875000e+01 0.000000000000000000e+00 0.000000000000000000e+00
7.301214599609375000e+01 0.000000000000000000e+00 0.000000000000000000e+00
7.337976074218750000e+01 0.000000000000000000e+00 0.000000000000000000e+00
7.373333740234375000e+01 0.000000000000000000e+00 0.000000000000000000e+00
7.403411865234375000e+01 0.000000000000000000e+00 0.000000000000000000e+00
7.438696289062500000e+01 0.000000000000000000e+00 0.000000000000000000e+00
7.460437011718750000e+01 0.000000000000000000e+00 0.000000000000000000e+00
7.477929687500000000e+01 0.000000000000000000e+00 0.000000000000000000e+00
7.497863769531250000e+01 0.000000000000000000e+00 0.000000000000000000e+00
7.498480224609375000e+01 0.000000000000000000e+00 0.000000000000000000e+00
7.447711181640625000e+01 0.000000000000000000e+00 0.000000000000000000e+00
7.225640869140625000e+01 0.000000000000000000e+00 0.000000000000000000e+00
7.004949951171875000e+01 0.000000000000000000e+00 0.000000000000000000e+00
6.871954345703125000e+01 0.000000000000000000e+00 0.000000000000000000e+00
6.821466064453125000e+01 0.000000000000000000e+00 0.000000000000000000e+00
6.787768554687500000e+01 0.000000000000000000e+00 0.000000000000000000e+00
6.791973876953125000e+01 0.000000000000000000e+00 0.000000000000000000e+00
6.791949462890625000e+01 0.000000000000000000e+00 0.000000000000000000e+00
6.791003417968750000e+01 0.000000000000000000e+00 0.000000000000000000e+00
6.812280273437500000e+01 0.000000000000000000e+00 0.000000000000000000e+00
6.818884277343750000e+01 0.000000000000000000e+00 0.000000000000000000e+00
6.829113769531250000e+01 0.000000000000000000e+00 0.000000000000000000e+00
6.843048095703125000e+01 0.000000000000000000e+00 0.000000000000000000e+00
6.850305175781250000e+01 0.000000000000000000e+00 0.000000000000000000e+00
6.853936767578125000e+01 0.000000000000000000e+00 0.000000000000000000e+00
6.854949951171875000e+01 0.000000000000000000e+00 0.000000000000000000e+00
6.850457763671875000e+01 0.000000000000000000e+00 0.000000000000000000e+00
6.855352783203125000e+01 0.000000000000000000e+00 0.000000000000000000e+00
6.846343994140625000e+01 0.000000000000000000e+00 0.000000000000000000e+00
6.862738037109375000e+01 0.000000000000000000e+00 0.000000000000000000e+00
6.952764892578125000e+01 0.000000000000000000e+00 0.000000000000000000e+00
6.935815429687500000e+01 0.000000000000000000e+00 0.000000000000000000e+00
6.946197509765625000e+01 0.000000000000000000e+00 0.000000000000000000e+00
6.960650634765625000e+01 0.000000000000000000e+00 0.000000000000000000e+00
6.968280029296875000e+01 0.000000000000000000e+00 0.000000000000000000e+00
6.963690185546875000e+01 0.000000000000000000e+00 0.000000000000000000e+00
7.001617431640625000e+01 0.000000000000000000e+00 0.000000000000000000e+00
7.044195556640625000e+01 0.000000000000000000e+00 0.000000000000000000e+00
7.055938720703125000e+01 0.000000000000000000e+00 0.000000000000000000e+00
7.062310791015625000e+01 0.000000000000000000e+00 0.000000000000000000e+00
7.074108886718750000e+01 0.000000000000000000e+00 0.000000000000000000e+00
7.087268066406250000e+01 0.000000000000000000e+00 0.000000000000000000e+00
7.097460937500000000e+01 0.000000000000000000e+00 0.000000000000000000e+00
7.122222900390625000e+01 0.000000000000000000e+00 0.000000000000000000e+00
7.106097412109375000e+01 0.000000000000000000e+00 0.000000000000000000e+00
7.064300537109375000e+01 0.000000000000000000e+00 0.000000000000000000e+00
6.851129150390625000e+01 0.000000000000000000e+00 0.000000000000000000e+00
6.646343994140625000e+01 0.000000000000000000e+00 0.000000000000000000e+00
6.515521240234375000e+01 0.000000000000000000e+00 0.000000000000000000e+00
6.416619873046875000e+01 0.000000000000000000e+00 0.000000000000000000e+00
6.393786621093750000e+01 0.000000000000000000e+00 0.000000000000000000e+00
6.372009277343750000e+01 0.000000000000000000e+00 0.000000000000000000e+00
6.378533935546875000e+01 0.000000000000000000e+00 0.000000000000000000e+00
6.379821777343750000e+01 0.000000000000000000e+00 0.000000000000000000e+00
6.403179931640625000e+01 0.000000000000000000e+00 0.000000000000000000e+00
6.424481201171875000e+01 0.000000000000000000e+00 0.000000000000000000e+00
6.470367431640625000e+01 0.000000000000000000e+00 0.000000000000000000e+00
6.498016357421875000e+01 0.000000000000000000e+00 0.000000000000000000e+00
6.498834228515625000e+01 0.000000000000000000e+00 0.000000000000000000e+00
6.491442871093750000e+01 0.000000000000000000e+00 0.000000000000000000e+00
6.486193847656250000e+01 0.000000000000000000e+00 0.000000000000000000e+00
6.506011962890625000e+01 0.000000000000000000e+00 0.000000000000000000e+00
6.486816406250000000e+01 0.000000000000000000e+00 0.000000000000000000e+00
6.496734619140625000e+01 0.000000000000000000e+00 0.000000000000000000e+00
6.510253906250000000e+01 0.000000000000000000e+00 0.000000000000000000e+00
6.561456298828125000e+01 0.000000000000000000e+00 0.000000000000000000e+00
6.586151123046875000e+01 0.000000000000000000e+00 0.000000000000000000e+00
6.621594238281250000e+01 0.000000000000000000e+00 0.000000000000000000e+00
6.648724365234375000e+01 0.000000000000000000e+00 0.000000000000000000e+00
6.678033447265625000e+01 0.000000000000000000e+00 0.000000000000000000e+00
6.713104248046875000e+01 0.000000000000000000e+00 0.000000000000000000e+00
6.732037353515625000e+01 0.000000000000000000e+00 0.000000000000000000e+00
6.753491210937500000e+01 0.000000000000000000e+00 0.000000000000000000e+00
6.769250488281250000e+01 0.000000000000000000e+00 0.000000000000000000e+00
6.801550292968750000e+01 0.000000000000000000e+00 0.000000000000000000e+00
6.834588623046875000e+01 0.000000000000000000e+00 0.000000000000000000e+00
6.832305908203125000e+01 0.000000000000000000e+00 0.000000000000000000e+00
6.855541992187500000e+01 0.000000000000000000e+00 0.000000000000000000e+00
6.859326171875000000e+01 0.000000000000000000e+00 0.000000000000000000e+00
6.856420898437500000e+01 0.000000000000000000e+00 0.000000000000000000e+00
6.894543457031250000e+01 0.000000000000000000e+00 0.000000000000000000e+00
6.901660156250000000e+01 0.000000000000000000e+00 0.000000000000000000e+00
6.881121826171875000e+01 0.000000000000000000e+00 0.000000000000000000e+00
6.707513427734375000e+01 0.000000000000000000e+00 0.000000000000000000e+00
6.500427246093750000e+01 0.000000000000000000e+00 0.000000000000000000e+00
6.312707519531250000e+01 0.000000000000000000e+00 0.000000000000000000e+00
6.197131347656250000e+01 0.000000000000000000e+00 0.000000000000000000e+00
6.152990722656250000e+01 0.000000000000000000e+00 0.000000000000000000e+00
6.124560546875000000e+01 0.000000000000000000e+00 0.000000000000000000e+00
6.108770751953125000e+01 0.000000000000000000e+00 0.000000000000000000e+00
6.120855712890625000e+01 0.000000000000000000e+00 0.000000000000000000e+00
6.130157470703125000e+01 0.000000000000000000e+00 0.000000000000000000e+00
6.134918212890625000e+01 0.000000000000000000e+00 0.000000000000000000e+00
6.168713378906250000e+01 0.000000000000000000e+00 0.000000000000000000e+00
6.210992431640625000e+01 0.000000000000000000e+00 0.000000000000000000e+00
6.250750732421875000e+01 0.000000000000000000e+00 0.000000000000000000e+00
6.293725585937500000e+01 0.000000000000000000e+00 0.000000000000000000e+00
6.343811035156250000e+01 0.000000000000000000e+00 0.000000000000000000e+00
6.384442138671875000e+01 0.000000000000000000e+00 0.000000000000000000e+00
6.417913818359375000e+01 0.000000000000000000e+00 0.000000000000000000e+00
6.493542480468750000e+01 0.000000000000000000e+00 0.000000000000000000e+00
6.588867187500000000e+01 0.000000000000000000e+00 0.000000000000000000e+00
6.714349365234375000e+01 0.000000000000000000e+00 0.000000000000000000e+00
6.887542724609375000e+01 0.000000000000000000e+00 0.000000000000000000e+00
6.987847900390625000e+01 0.000000000000000000e+00 0.000000000000000000e+00
7.032440185546875000e+01 0.000000000000000000e+00 0.000000000000000000e+00
7.084045410156250000e+01 0.000000000000000000e+00 0.000000000000000000e+00
7.139678955078125000e+01 0.000000000000000000e+00 0.000000000000000000e+00
7.180761718750000000e+01 0.000000000000000000e+00 0.000000000000000000e+00
7.189141845703125000e+01 0.000000000000000000e+00 0.000000000000000000e+00
7.249328613281250000e+01 0.000000000000000000e+00 0.000000000000000000e+00
7.278857421875000000e+01 0.000000000000000000e+00 0.000000000000000000e+00
7.277697753906250000e+01 0.000000000000000000e+00 0.000000000000000000e+00
7.254821777343750000e+01 0.000000000000000000e+00 0.000000000000000000e+00
7.241174316406250000e+01 0.000000000000000000e+00 0.000000000000000000e+00
7.269665527343750000e+01 0.000000000000000000e+00 0.000000000000000000e+00
7.301043701171875000e+01 0.000000000000000000e+00 0.000000000000000000e+00
7.339050292968750000e+01 0.000000000000000000e+00 0.000000000000000000e+00
7.392321777343750000e+01 0.000000000000000000e+00 0.000000000000000000e+00
7.435223388671875000e+01 0.000000000000000000e+00 0.000000000000000000e+00
7.467498779296875000e+01 0.000000000000000000e+00 0.000000000000000000e+00
7.446411132812500000e+01 0.000000000000000000e+00 0.000000000000000000e+00
7.220343017578125000e+01 0.000000000000000000e+00 0.000000000000000000e+00
6.985766601562500000e+01 0.000000000000000000e+00 0.000000000000000000e+00
6.824926757812500000e+01 0.000000000000000000e+00 0.000000000000000000e+00
6.746325683593750000e+01 0.000000000000000000e+00 0.000000000000000000e+00
6.719671630859375000e+01 0.000000000000000000e+00 0.000000000000000000e+00
6.693560791015625000e+01 0.000000000000000000e+00 0.000000000000000000e+00
6.679736328125000000e+01 0.000000000000000000e+00 0.000000000000000000e+00
6.685644531250000000e+01 0.000000000000000000e+00 0.000000000000000000e+00
6.690924072265625000e+01 0.000000000000000000e+00 0.000000000000000000e+00
6.729827880859375000e+01 0.000000000000000000e+00 0.000000000000000000e+00
6.778570556640625000e+01 0.000000000000000000e+00 0.000000000000000000e+00
6.793164062500000000e+01 0.000000000000000000e+00 0.000000000000000000e+00
6.803198242187500000e+01 0.000000000000000000e+00 0.000000000000000000e+00
6.801000976562500000e+01 0.000000000000000000e+00 0.000000000000000000e+00
6.798510742187500000e+01 0.000000000000000000e+00 0.000000000000000000e+00
6.797711181640625000e+01 0.000000000000000000e+00 0.000000000000000000e+00
6.795648193359375000e+01 0.000000000000000000e+00 0.000000000000000000e+00
6.795587158203125000e+01 0.000000000000000000e+00 0.000000000000000000e+00
6.812133789062500000e+01 0.000000000000000000e+00 0.000000000000000000e+00
6.843060302734375000e+01 0.000000000000000000e+00 0.000000000000000000e+00
6.880578613281250000e+01 0.000000000000000000e+00 0.000000000000000000e+00
6.919818115234375000e+01 0.000000000000000000e+00 0.000000000000000000e+00
6.973913574218750000e+01 0.000000000000000000e+00 0.000000000000000000e+00
7.020092773437500000e+01 0.000000000000000000e+00 0.000000000000000000e+00
7.069299316406250000e+01 0.000000000000000000e+00 0.000000000000000000e+00
7.120513916015625000e+01 0.000000000000000000e+00 0.000000000000000000e+00
7.160681152343750000e+01 0.000000000000000000e+00 0.000000000000000000e+00
7.187786865234375000e+01 0.000000000000000000e+00 0.000000000000000000e+00
7.258135986328125000e+01 0.000000000000000000e+00 0.000000000000000000e+00
7.254888916015625000e+01 0.000000000000000000e+00 0.000000000000000000e+00
7.243859863281250000e+01 0.000000000000000000e+00 0.000000000000000000e+00
7.239019775390625000e+01 0.000000000000000000e+00 0.000000000000000000e+00
7.243603515625000000e+01 0.000000000000000000e+00 0.000000000000000000e+00
7.266625976562500000e+01 0.000000000000000000e+00 0.000000000000000000e+00
7.260430908203125000e+01 0.000000000000000000e+00 0.000000000000000000e+00
7.146234130859375000e+01 0.000000000000000000e+00 0.000000000000000000e+00
6.926599121093750000e+01 0.000000000000000000e+00 0.000000000000000000e+00
6.737823486328125000e+01 0.000000000000000000e+00 0.000000000000000000e+00
6.589355468750000000e+01 0.000000000000000000e+00 0.000000000000000000e+00
6.537023925781250000e+01 0.000000000000000000e+00 0.000000000000000000e+00
6.499768066406250000e+01 0.000000000000000000e+00 0.000000000000000000e+00
6.493536376953125000e+01 0.000000000000000000e+00 0.000000000000000000e+00
6.493701171875000000e+01 0.000000000000000000e+00 0.000000000000000000e+00
6.529138183593750000e+01 0.000000000000000000e+00 0.000000000000000000e+00
6.539794921875000000e+01 0.000000000000000000e+00 0.000000000000000000e+00
6.579223632812500000e+01 0.000000000000000000e+00 0.000000000000000000e+00
6.608532714843750000e+01 0.000000000000000000e+00 0.000000000000000000e+00
6.618951416015625000e+01 0.000000000000000000e+00 0.000000000000000000e+00
6.611773681640625000e+01 0.000000000000000000e+00 0.000000000000000000e+00
6.602899169921875000e+01 0.000000000000000000e+00 0.000000000000000000e+00
6.583941650390625000e+01 0.000000000000000000e+00 0.000000000000000000e+00
6.583129882812500000e+01 0.000000000000000000e+00 0.000000000000000000e+00
6.587835693359375000e+01 0.000000000000000000e+00 0.000000000000000000e+00
6.603710937500000000e+01 0.000000000000000000e+00 0.000000000000000000e+00
6.650189208984375000e+01 0.000000000000000000e+00 0.000000000000000000e+00
6.693505859375000000e+01 0.000000000000000000e+00 0.000000000000000000e+00
6.722192382812500000e+01 0.000000000000000000e+00 0.000000000000000000e+00
6.760430908203125000e+01 0.000000000000000000e+00 0.000000000000000000e+00
6.774719238281250000e+01 0.000000000000000000e+00 0.000000000000000000e+00
6.804156494140625000e+01 0.000000000000000000e+00 0.000000000000000000e+00
6.825823974609375000e+01 0.000000000000000000e+00 0.000000000000000000e+00
6.846044921875000000e+01 0.000000000000000000e+00 0.000000000000000000e+00
6.858941650390625000e+01 0.000000000000000000e+00 0.000000000000000000e+00
6.886352539062500000e+01 0.000000000000000000e+00 0.000000000000000000e+00
6.914880371093750000e+01 0.000000000000000000e+00 0.000000000000000000e+00
6.932891845703125000e+01 0.000000000000000000e+00 0.000000000000000000e+00
6.953137207031250000e+01 0.000000000000000000e+00 0.000000000000000000e+00
6.989550781250000000e+01 0.000000000000000000e+00 0.000000000000000000e+00
6.995690917968750000e+01 0.000000000000000000e+00 0.000000000000000000e+00
6.945373535156250000e+01 0.000000000000000000e+00 0.000000000000000000e+00
6.726751708984375000e+01 0.000000000000000000e+00 0.000000000000000000e+00
6.498565673828125000e+01 0.000000000000000000e+00 0.000000000000000000e+00
6.355590820312500000e+01 0.000000000000000000e+00 0.000000000000000000e+00
6.230480957031250000e+01 0.000000000000000000e+00 0.000000000000000000e+00
6.206396484375000000e+01 0.000000000000000000e+00 0.000000000000000000e+00
6.207269287109375000e+01 0.000000000000000000e+00 0.000000000000000000e+00
6.193835449218750000e+01 0.000000000000000000e+00 0.000000000000000000e+00
6.185516357421875000e+01 0.000000000000000000e+00 0.000000000000000000e+00
6.201293945312500000e+01 0.000000000000000000e+00 0.000000000000000000e+00
6.205731201171875000e+01 0.000000000000000000e+00 0.000000000000000000e+00
6.255401611328125000e+01 0.000000000000000000e+00 0.000000000000000000e+00
6.280255126953125000e+01 0.000000000000000000e+00 0.000000000000000000e+00
6.283813476562500000e+01 0.000000000000000000e+00 0.000000000000000000e+00
6.290069580078125000e+01 0.000000000000000000e+00 0.000000000000000000e+00
6.277862548828125000e+01 0.000000000000000000e+00 0.000000000000000000e+00
6.267755126953125000e+01 0.000000000000000000e+00 0.000000000000000000e+00
6.280676269531250000e+01 0.000000000000000000e+00 0.000000000000000000e+00
6.294549560546875000e+01 0.000000000000000000e+00 0.000000000000000000e+00
6.382452392578125000e+01 0.000000000000000000e+00 0.000000000000000000e+00
6.388256835937500000e+01 0.000000000000000000e+00 0.000000000000000000e+00
6.410766601562500000e+01 0.000000000000000000e+00 0.000000000000000000e+00
6.439251708984375000e+01 0.000000000000000000e+00 0.000000000000000000e+00
6.455096435546875000e+01 0.000000000000000000e+00 0.000000000000000000e+00
6.482952880859375000e+01 0.000000000000000000e+00 0.000000000000000000e+00
6.514227294921875000e+01 0.000000000000000000e+00 0.000000000000000000e+00
6.545825195312500000e+01 0.000000000000000000e+00 0.000000000000000000e+00
6.573522949218750000e+01 0.000000000000000000e+00 0.000000000000000000e+00
6.583734130859375000e+01 0.000000000000000000e+00 0.000000000000000000e+00
6.612817382812500000e+01 0.000000000000000000e+00 0.000000000000000000e+00
6.627307128906250000e+01 0.000000000000000000e+00 0.000000000000000000e+00
6.636395263671875000e+01 0.000000000000000000e+00 0.000000000000000000e+00
6.658648681640625000e+01 0.000000000000000000e+00 0.000000000000000000e+00
6.703942871093750000e+01 0.000000000000000000e+00 0.000000000000000000e+00
6.729309082031250000e+01 0.000000000000000000e+00 0.000000000000000000e+00
6.745489501953125000e+01 0.000000000000000000e+00 0.000000000000000000e+00
6.605108642578125000e+01 0.000000000000000000e+00 0.000000000000000000e+00
6.363604736328125000e+01 0.000000000000000000e+00 0.000000000000000000e+00
6.168640136718750000e+01 0.000000000000000000e+00 0.000000000000000000e+00
6.025457763671875000e+01 0.000000000000000000e+00 0.000000000000000000e+00
5.952703857421875000e+01 0.000000000000000000e+00 0.000000000000000000e+00
5.932385253906250000e+01 0.000000000000000000e+00 0.000000000000000000e+00
5.935876464843750000e+01 0.000000000000000000e+00 0.000000000000000000e+00
5.934692382812500000e+01 0.000000000000000000e+00 0.000000000000000000e+00
5.919085693359375000e+01 0.000000000000000000e+00 0.000000000000000000e+00
5.940808105468750000e+01 0.000000000000000000e+00 0.000000000000000000e+00
5.984002685546875000e+01 0.000000000000000000e+00 0.000000000000000000e+00
6.021423339843750000e+01 0.000000000000000000e+00 0.000000000000000000e+00
6.059918212890625000e+01 0.000000000000000000e+00 0.000000000000000000e+00
6.079681396484375000e+01 0.000000000000000000e+00 0.000000000000000000e+00
6.083453369140625000e+01 0.000000000000000000e+00 0.000000000000000000e+00
6.081738281250000000e+01 0.000000000000000000e+00 0.000000000000000000e+00
6.079034423828125000e+01 0.000000000000000000e+00 0.000000000000000000e+00
6.078790283203125000e+01 0.000000000000000000e+00 0.000000000000000000e+00
6.084906005859375000e+01 0.000000000000000000e+00 0.000000000000000000e+00
6.118896484375000000e+01 0.000000000000000000e+00 0.000000000000000000e+00
6.137402343750000000e+01 0.000000000000000000e+00 0.000000000000000000e+00
6.178723144531250000e+01 0.000000000000000000e+00 0.000000000000000000e+00
6.220837402343750000e+01 0.000000000000000000e+00 0.000000000000000000e+00
6.258544921875000000e+01 0.000000000000000000e+00 0.000000000000000000e+00
6.294299316406250000e+01 0.000000000000000000e+00 0.000000000000000000e+00
6.331970214843750000e+01 0.000000000000000000e+00 0.000000000000000000e+00
6.375982666015625000e+01 0.000000000000000000e+00 0.000000000000000000e+00
6.401934814453125000e+01 0.000000000000000000e+00 0.000000000000000000e+00
6.425354003906250000e+01 0.000000000000000000e+00 0.000000000000000000e+00
6.458398437500000000e+01 0.000000000000000000e+00 0.000000000000000000e+00
6.476635742187500000e+01 0.000000000000000000e+00 0.000000000000000000e+00
6.529418945312500000e+01 0.000000000000000000e+00 0.000000000000000000e+00
6.555328369140625000e+01 0.000000000000000000e+00 0.000000000000000000e+00
6.583239746093750000e+01 0.000000000000000000e+00 0.000000000000000000e+00
6.605236816406250000e+01 0.000000000000000000e+00 0.000000000000000000e+00
6.608801269531250000e+01 0.000000000000000000e+00 0.000000000000000000e+00
6.549005126953125000e+01 0.000000000000000000e+00 0.000000000000000000e+00
6.308972167968750000e+01 0.000000000000000000e+00 0.000000000000000000e+00
6.115307617187500000e+01 0.000000000000000000e+00 0.000000000000000000e+00
5.984985351562500000e+01 0.000000000000000000e+00 0.000000000000000000e+00
5.920446777343750000e+01 0.000000000000000000e+00 0.000000000000000000e+00
5.894390869140625000e+01 0.000000000000000000e+00 0.000000000000000000e+00
5.886700439453125000e+01 0.000000000000000000e+00 0.000000000000000000e+00
5.926751708984375000e+01 0.000000000000000000e+00 0.000000000000000000e+00
5.929864501953125000e+01 0.000000000000000000e+00 0.000000000000000000e+00
5.957116699218750000e+01 0.000000000000000000e+00 0.000000000000000000e+00
6.012420654296875000e+01 0.000000000000000000e+00 0.000000000000000000e+00
6.058123779296875000e+01 0.000000000000000000e+00 0.000000000000000000e+00
6.080981445312500000e+01 0.000000000000000000e+00 0.000000000000000000e+00
6.077947998046875000e+01 0.000000000000000000e+00 0.000000000000000000e+00
6.095776367187500000e+01 0.000000000000000000e+00 0.000000000000000000e+00
6.108666992187500000e+01 0.000000000000000000e+00 0.000000000000000000e+00
6.094757080078125000e+01 0.000000000000000000e+00 0.000000000000000000e+00
6.091442871093750000e+01 0.000000000000000000e+00 0.000000000000000000e+00
6.119781494140625000e+01 0.000000000000000000e+00 0.000000000000000000e+00
6.145812988281250000e+01 0.000000000000000000e+00 0.000000000000000000e+00
6.176849365234375000e+01 0.000000000000000000e+00 0.000000000000000000e+00
6.193750000000000000e+01 0.000000000000000000e+00 0.000000000000000000e+00
6.226898193359375000e+01 0.000000000000000000e+00 0.000000000000000000e+00
6.268395996093750000e+01 0.000000000000000000e+00 0.000000000000000000e+00
6.288757324218750000e+01 0.000000000000000000e+00 0.000000000000000000e+00
6.320495605468750000e+01 0.000000000000000000e+00 0.000000000000000000e+00
6.359637451171875000e+01 0.000000000000000000e+00 0.000000000000000000e+00
6.384759521484375000e+01 0.000000000000000000e+00 0.000000000000000000e+00
6.409875488281250000e+01 0.000000000000000000e+00 0.000000000000000000e+00
6.427435302734375000e+01 0.000000000000000000e+00 0.000000000000000000e+00
6.458148193359375000e+01 0.000000000000000000e+00 0.000000000000000000e+00
6.487078857421875000e+01 0.000000000000000000e+00 0.000000000000000000e+00
6.518444824218750000e+01 0.000000000000000000e+00 0.000000000000000000e+00
6.522125244140625000e+01 0.000000000000000000e+00 0.000000000000000000e+00
6.526593017578125000e+01 0.000000000000000000e+00 0.000000000000000000e+00
6.423791503906250000e+01 0.000000000000000000e+00 0.000000000000000000e+00
6.220721435546875000e+01 0.000000000000000000e+00 0.000000000000000000e+00
6.041461181640625000e+01 0.000000000000000000e+00 0.000000000000000000e+00
5.966839599609375000e+01 0.000000000000000000e+00 0.000000000000000000e+00
5.900268554687500000e+01 0.000000000000000000e+00 0.000000000000000000e+00
5.896545410156250000e+01 0.000000000000000000e+00 0.000000000000000000e+00
5.914306640625000000e+01 0.000000000000000000e+00 0.000000000000000000e+00
5.937432861328125000e+01 0.000000000000000000e+00 0.000000000000000000e+00
5.968182373046875000e+01 0.000000000000000000e+00 0.000000000000000000e+00
6.011883544921875000e+01 0.000000000000000000e+00 0.000000000000000000e+00
6.053186035156250000e+01 0.000000000000000000e+00 0.000000000000000000e+00
6.082342529296875000e+01 0.000000000000000000e+00 0.000000000000000000e+00
6.082647705078125000e+01 0.000000000000000000e+00 0.000000000000000000e+00
6.080615234375000000e+01 0.000000000000000000e+00 0.000000000000000000e+00
6.081427001953125000e+01 0.000000000000000000e+00 0.000000000000000000e+00
6.053393554687500000e+01 0.000000000000000000e+00 0.000000000000000000e+00
6.038336181640625000e+01 0.000000000000000000e+00 0.000000000000000000e+00
6.034729003906250000e+01 0.000000000000000000e+00 0.000000000000000000e+00
6.053863525390625000e+01 0.000000000000000000e+00 0.000000000000000000e+00
6.073498535156250000e+01 0.000000000000000000e+00 0.000000000000000000e+00
6.091107177734375000e+01 0.000000000000000000e+00 0.000000000000000000e+00
6.132147216796875000e+01 0.000000000000000000e+00 0.000000000000000000e+00
6.153613281250000000e+01 0.000000000000000000e+00 0.000000000000000000e+00
6.191271972656250000e+01 0.000000000000000000e+00 0.000000000000000000e+00
6.217553710937500000e+01 0.000000000000000000e+00 0.000000000000000000e+00
6.233074951171875000e+01 0.000000000000000000e+00 0.000000000000000000e+00
6.251019287109375000e+01 0.000000000000000000e+00 0.000000000000000000e+00
6.285107421875000000e+01 0.000000000000000000e+00 0.000000000000000000e+00
6.317224121093750000e+01 0.000000000000000000e+00 0.000000000000000000e+00
6.325695800781250000e+01 0.000000000000000000e+00 0.000000000000000000e+00
6.344610595703125000e+01 0.000000000000000000e+00 0.000000000000000000e+00
6.363079833984375000e+01 0.000000000000000000e+00 0.000000000000000000e+00
6.372607421875000000e+01 0.000000000000000000e+00 0.000000000000000000e+00
6.193341064453125000e+01 0.000000000000000000e+00 0.000000000000000000e+00
5.975158691406250000e+01 0.000000000000000000e+00 0.000000000000000000e+00
5.789617919921875000e+01 0.000000000000000000e+00 0.000000000000000000e+00
5.733703613281250000e+01 0.000000000000000000e+00 0.000000000000000000e+00
5.703503417968750000e+01 0.000000000000000000e+00 0.000000000000000000e+00
5.682647705078125000e+01 0.000000000000000000e+00 0.000000000000000000e+00
5.670013427734375000e+01 0.000000000000000000e+00 0.000000000000000000e+00
5.692565917968750000e+01 0.000000000000000000e+00 0.000000000000000000e+00
5.708819580078125000e+01 0.000000000000000000e+00 0.000000000000000000e+00
5.762164306640625000e+01 0.000000000000000000e+00 0.000000000000000000e+00
5.794213867187500000e+01 0.000000000000000000e+00 0.000000000000000000e+00
5.809393310546875000e+01 0.000000000000000000e+00 0.000000000000000000e+00
5.821911621093750000e+01 0.000000000000000000e+00 0.000000000000000000e+00
5.845233154296875000e+01 0.000000000000000000e+00 0.000000000000000000e+00
5.837493896484375000e+01 0.000000000000000000e+00 0.000000000000000000e+00
5.821441650390625000e+01 0.000000000000000000e+00 0.000000000000000000e+00
5.834844970703125000e+01 0.000000000000000000e+00 0.000000000000000000e+00
5.837170410156250000e+01 0.000000000000000000e+00 0.000000000000000000e+00
5.833251953125000000e+01 0.000000000000000000e+00 0.000000000000000000e+00
5.847875976562500000e+01 0.000000000000000000e+00 0.000000000000000000e+00
5.882196044921875000e+01 0.000000000000000000e+00 0.000000000000000000e+00
5.899078369140625000e+01 0.000000000000000000e+00 0.000000000000000000e+00
5.919995117187500000e+01 0.000000000000000000e+00 0.000000000000000000e+00
5.913769531250000000e+01 0.000000000000000000e+00 0.000000000000000000e+00
5.917053222656250000e+01 0.000000000000000000e+00 0.000000000000000000e+00
5.917785644531250000e+01 0.000000000000000000e+00 0.000000000000000000e+00
5.923913574218750000e+01 0.000000000000000000e+00 0.000000000000000000e+00
5.953118896484375000e+01 0.000000000000000000e+00 0.000000000000000000e+00
5.965008544921875000e+01 0.000000000000000000e+00 0.000000000000000000e+00
5.982806396484375000e+01 0.000000000000000000e+00 0.000000000000000000e+00
6.025622558593750000e+01 0.000000000000000000e+00 0.000000000000000000e+00
6.050640869140625000e+01 0.000000000000000000e+00 0.000000000000000000e+00
6.050158691406250000e+01 0.000000000000000000e+00 0.000000000000000000e+00
5.956695556640625000e+01 0.000000000000000000e+00 0.000000000000000000e+00
5.764147949218750000e+01 0.000000000000000000e+00 0.000000000000000000e+00
5.599291992187500000e+01 0.000000000000000000e+00 0.000000000000000000e+00
5.470300292968750000e+01 0.000000000000000000e+00 0.000000000000000000e+00
5.405468750000000000e+01 0.000000000000000000e+00 0.000000000000000000e+00
5.377661132812500000e+01 0.000000000000000000e+00 0.000000000000000000e+00
5.358837890625000000e+01 0.000000000000000000e+00 0.000000000000000000e+00
5.365460205078125000e+01 0.000000000000000000e+00 0.000000000000000000e+00
5.374365234375000000e+01 0.000000000000000000e+00 0.000000000000000000e+00
5.395404052734375000e+01 0.000000000000000000e+00 0.000000000000000000e+00
5.445214843750000000e+01 0.000000000000000000e+00 0.000000000000000000e+00
5.469311523437500000e+01 0.000000000000000000e+00 0.000000000000000000e+00
5.490826416015625000e+01 0.000000000000000000e+00 0.000000000000000000e+00
5.498291015625000000e+01 0.000000000000000000e+00 0.000000000000000000e+00
5.504064941406250000e+01 0.000000000000000000e+00 0.000000000000000000e+00
5.506414794921875000e+01 0.000000000000000000e+00 0.000000000000000000e+00
5.508135986328125000e+01 0.000000000000000000e+00 0.000000000000000000e+00
5.511688232421875000e+01 0.000000000000000000e+00 0.000000000000000000e+00
5.540478515625000000e+01 0.000000000000000000e+00 0.000000000000000000e+00
5.576641845703125000e+01 0.000000000000000000e+00 0.000000000000000000e+00
5.627392578125000000e+01 0.000000000000000000e+00 0.000000000000000000e+00
5.672851562500000000e+01 0.000000000000000000e+00 0.000000000000000000e+00
5.738970947265625000e+01 0.000000000000000000e+00 0.000000000000000000e+00
5.779309082031250000e+01 0.000000000000000000e+00 0.000000000000000000e+00
5.803948974609375000e+01 0.000000000000000000e+00 0.000000000000000000e+00
5.832263183593750000e+01 0.000000000000000000e+00 0.000000000000000000e+00
5.906622314453125000e+01 0.000000000000000000e+00 0.000000000000000000e+00
5.906921386718750000e+01 0.000000000000000000e+00 0.000000000000000000e+00
5.902416992187500000e+01 0.000000000000000000e+00 0.000000000000000000e+00
5.917327880859375000e+01 0.000000000000000000e+00 0.000000000000000000e+00
5.946612548828125000e+01 0.000000000000000000e+00 0.000000000000000000e+00
5.973364257812500000e+01 0.000000000000000000e+00 0.000000000000000000e+00
6.006878662109375000e+01 0.000000000000000000e+00 0.000000000000000000e+00
6.039300537109375000e+01 0.000000000000000000e+00 0.000000000000000000e+00
6.043609619140625000e+01 0.000000000000000000e+00 0.000000000000000000e+00
6.019433593750000000e+01 0.000000000000000000e+00 0.000000000000000000e+00
5.846112060546875000e+01 0.000000000000000000e+00 0.000000000000000000e+00
5.703051757812500000e+01 0.000000000000000000e+00 0.000000000000000000e+00
5.594964599609375000e+01 0.000000000000000000e+00 0.000000000000000000e+00
5.535174560546875000e+01 0.000000000000000000e+00 0.000000000000000000e+00
5.515332031250000000e+01 0.000000000000000000e+00 0.000000000000000000e+00
5.510723876953125000e+01 0.000000000000000000e+00 0.000000000000000000e+00
5.498010253906250000e+01 0.000000000000000000e+00 0.000000000000000000e+00
5.513659667968750000e+01 0.000000000000000000e+00 0.000000000000000000e+00
5.541345214843750000e+01 0.000000000000000000e+00 0.000000000000000000e+00
5.565545654296875000e+01 0.000000000000000000e+00 0.000000000000000000e+00
5.616998291015625000e+01 0.000000000000000000e+00 0.000000000000000000e+00
5.619781494140625000e+01 0.000000000000000000e+00 0.000000000000000000e+00
5.656170654296875000e+01 0.000000000000000000e+00 0.000000000000000000e+00
5.657617187500000000e+01 0.000000000000000000e+00 0.000000000000000000e+00
5.650115966796875000e+01 0.000000000000000000e+00 0.000000000000000000e+00
5.654479980468750000e+01 0.000000000000000000e+00 0.000000000000000000e+00
5.659020996093750000e+01 0.000000000000000000e+00 0.000000000000000000e+00
5.684429931640625000e+01 0.000000000000000000e+00 0.000000000000000000e+00
5.699365234375000000e+01 0.000000000000000000e+00 0.000000000000000000e+00
5.751037597656250000e+01 0.000000000000000000e+00 0.000000000000000000e+00
5.791369628906250000e+01 0.000000000000000000e+00 0.000000000000000000e+00
5.830981445312500000e+01 0.000000000000000000e+00 0.000000000000000000e+00
5.865722656250000000e+01 0.000000000000000000e+00 0.000000000000000000e+00
5.907135009765625000e+01 0.000000000000000000e+00 0.000000000000000000e+00
5.926501464843750000e+01 0.000000000000000000e+00 0.000000000000000000e+00
5.940759277343750000e+01 0.000000000000000000e+00 0.000000000000000000e+00
5.974554443359375000e+01 0.000000000000000000e+00 0.000000000000000000e+00
6.004608154296875000e+01 0.000000000000000000e+00 0.000000000000000000e+00
6.022143554687500000e+01 0.000000000000000000e+00 0.000000000000000000e+00
6.031335449218750000e+01 0.000000000000000000e+00 0.000000000000000000e+00
6.043359375000000000e+01 0.000000000000000000e+00 0.000000000000000000e+00
6.072802734375000000e+01 0.000000000000000000e+00 0.000000000000000000e+00
6.081317138671875000e+01 0.000000000000000000e+00 0.000000000000000000e+00
5.997387695312500000e+01 0.000000000000000000e+00 0.000000000000000000e+00
5.778985595703125000e+01 0.000000000000000000e+00 0.000000000000000000e+00
5.633850097656250000e+01 0.000000000000000000e+00 0.000000000000000000e+00
5.533776855468750000e+01 0.000000000000000000e+00 0.000000000000000000e+00
5.477362060546875000e+01 0.000000000000000000e+00 0.000000000000000000e+00
5.472125244140625000e+01 0.000000000000000000e+00 0.000000000000000000e+00
5.473730468750000000e+01 0.000000000000000000e+00 0.000000000000000000e+00
5.471264648437500000e+01 0.000000000000000000e+00 0.000000000000000000e+00
5.505322265625000000e+01 0.000000000000000000e+00 0.000000000000000000e+00
5.559216308593750000e+01 0.000000000000000000e+00 0.000000000000000000e+00
5.585260009765625000e+01 0.000000000000000000e+00 0.000000000000000000e+00
5.602239990234375000e+01 0.000000000000000000e+00 0.000000000000000000e+00
5.620550537109375000e+01 0.000000000000000000e+00 0.000000000000000000e+00
5.622869873046875000e+01 0.000000000000000000e+00 0.000000000000000000e+00
5.622613525390625000e+01 0.000000000000000000e+00 0.000000000000000000e+00
5.642803955078125000e+01 0.000000000000000000e+00 0.000000000000000000e+00
5.638537597656250000e+01 0.000000000000000000e+00 0.000000000000000000e+00
5.701983642578125000e+01 0.000000000000000000e+00 0.000000000000000000e+00
5.697564697265625000e+01 0.000000000000000000e+00 0.000000000000000000e+00
5.725604248046875000e+01 0.000000000000000000e+00 0.000000000000000000e+00
5.778985595703125000e+01 0.000000000000000000e+00 0.000000000000000000e+00
5.817132568359375000e+01 0.000000000000000000e+00 0.000000000000000000e+00
5.831518554687500000e+01 0.000000000000000000e+00 0.000000000000000000e+00
5.884075927734375000e+01 0.000000000000000000e+00 0.000000000000000000e+00
5.933477783203125000e+01 0.000000000000000000e+00 0.000000000000000000e+00
5.955975341796875000e+01 0.000000000000000000e+00 0.000000000000000000e+00
5.967034912109375000e+01 0.000000000000000000e+00 0.000000000000000000e+00
5.997564697265625000e+01 0.000000000000000000e+00 0.000000000000000000e+00
6.015472412109375000e+01 0.000000000000000000e+00 0.000000000000000000e+00
6.029016113281250000e+01 0.000000000000000000e+00 0.000000000000000000e+00
6.063854980468750000e+01 0.000000000000000000e+00 0.000000000000000000e+00
6.097998046875000000e+01 0.000000000000000000e+00 0.000000000000000000e+00
6.137255859375000000e+01 0.000000000000000000e+00 0.000000000000000000e+00
6.144177246093750000e+01 0.000000000000000000e+00 0.000000000000000000e+00
6.108697509765625000e+01 0.000000000000000000e+00 0.000000000000000000e+00
5.955438232421875000e+01 0.000000000000000000e+00 0.000000000000000000e+00
5.774249267578125000e+01 0.000000000000000000e+00 0.000000000000000000e+00
5.668939208984375000e+01 0.000000000000000000e+00 0.000000000000000000e+00
5.621820068359375000e+01 0.000000000000000000e+00 0.000000000000000000e+00
5.610839843750000000e+01 0.000000000000000000e+00 0.000000000000000000e+00
5.611273193359375000e+01 0.000000000000000000e+00 0.000000000000000000e+00
5.594909667968750000e+01 0.000000000000000000e+00 0.000000000000000000e+00
5.576879882812500000e+01 0.000000000000000000e+00 0.000000000000000000e+00
5.590588378906250000e+01 0.000000000000000000e+00 0.000000000000000000e+00
5.627612304687500000e+01 0.000000000000000000e+00 0.000000000000000000e+00
5.648144531250000000e+01 0.000000000000000000e+00 0.000000000000000000e+00
5.675585937500000000e+01 0.000000000000000000e+00 0.000000000000000000e+00
5.706951904296875000e+01 0.000000000000000000e+00 0.000000000000000000e+00
5.713360595703125000e+01 0.000000000000000000e+00 0.000000000000000000e+00
5.731164550781250000e+01 0.000000000000000000e+00 0.000000000000000000e+00
5.752655029296875000e+01 0.000000000000000000e+00 0.000000000000000000e+00
5.769348144531250000e+01 0.000000000000000000e+00 0.000000000000000000e+00
5.801873779296875000e+01 0.000000000000000000e+00 0.000000000000000000e+00
5.857476806640625000e+01 0.000000000000000000e+00 0.000000000000000000e+00
5.878796386718750000e+01 0.000000000000000000e+00 0.000000000000000000e+00
5.938275146484375000e+01 0.000000000000000000e+00 0.000000000000000000e+00
5.972589111328125000e+01 0.000000000000000000e+00 0.000000000000000000e+00
6.027984619140625000e+01 0.000000000000000000e+00 0.000000000000000000e+00
6.055834960937500000e+01 0.000000000000000000e+00 0.000000000000000000e+00
6.088635253906250000e+01 0.000000000000000000e+00 0.000000000000000000e+00
6.125445556640625000e+01 0.000000000000000000e+00 0.000000000000000000e+00
6.164953613281250000e+01 0.000000000000000000e+00 0.000000000000000000e+00
6.198883056640625000e+01 0.000000000000000000e+00 0.000000000000000000e+00
6.229754638671875000e+01 0.000000000000000000e+00 0.000000000000000000e+00
6.271887207031250000e+01 0.000000000000000000e+00 0.000000000000000000e+00
6.281518554687500000e+01 0.000000000000000000e+00 0.000000000000000000e+00
6.321112060546875000e+01 0.000000000000000000e+00 0.000000000000000000e+00
6.346014404296875000e+01 0.000000000000000000e+00 0.000000000000000000e+00
6.353765869140625000e+01 0.000000000000000000e+00 0.000000000000000000e+00
6.353674316406250000e+01 0.000000000000000000e+00 0.000000000000000000e+00
6.285113525390625000e+01 0.000000000000000000e+00 0.000000000000000000e+00
6.123559570312500000e+01 0.000000000000000000e+00 0.000000000000000000e+00
5.996252441406250000e+01 0.000000000000000000e+00 0.000000000000000000e+00
5.915710449218750000e+01 0.000000000000000000e+00 0.000000000000000000e+00
5.884790039062500000e+01 0.000000000000000000e+00 0.000000000000000000e+00
