2.974609375000000000e+00 1.025390625000000000e+00 2.000000000000000000e+00
2.974609375000000000e+00 1.025390625000000000e+00 2.000000000000000000e+00
2.974609375000000000e+00 1.025390625000000000e+00 2.000000000000000000e+00
1.229980468750000000e+00 1.716308593750000000e-01 4.082031250000000000e-01
7.285156250000000000e-01 4.422607421875000000e-01 3.999023437500000000e-01
1.953125000000000000e-03 1.558837890625000000e-01 0.000000000000000000e+00
0.000000000000000000e+00 1.634521484375000000e-01 0.000000000000000000e+00
0.000000000000000000e+00 1.363525390625000000e-01 0.000000000000000000e+00
0.000000000000000000e+00 7.210083007812500000e-01 0.000000000000000000e+00
0.000000000000000000e+00 8.326416015625000000e-01 0.000000000000000000e+00
0.000000000000000000e+00 8.397216796875000000e-01 0.000000000000000000e+00
0.000000000000000000e+00 8.480834960937500000e-01 0.000000000000000000e+00
6.103515625000000000e-05 8.562622070312500000e-01 6.103515625000000000e-05
0.000000000000000000e+00 8.752441406250000000e-01 0.000000000000000000e+00
0.000000000000000000e+00 8.736572265625000000e-01 0.000000000000000000e+00
1.831054687500000000e-04 9.253540039062500000e-01 0.000000000000000000e+00
0.000000000000000000e+00 9.348754882812500000e-01 0.000000000000000000e+00
0.000000000000000000e+00 9.348754882812500000e-01 0.000000000000000000e+00
0.000000000000000000e+00 9.450073242187500000e-01 0.000000000000000000e+00
0.000000000000000000e+00 9.456176757812500000e-01 0.000000000000000000e+00
0.000000000000000000e+00 9.451904296875000000e-01 0.000000000000000000e+00
0.000000000000000000e+00 9.255981445312500000e-01 0.000000000000000000e+00
0.000000000000000000e+00 9.259033203125000000e-01 0.000000000000000000e+00
0.000000000000000000e+00 9.262695312500000000e-01 0.000000000000000000e+00
0.000000000000000000e+00 9.283447265625000000e-01 0.000000000000000000e+00
0.000000000000000000e+00 9.288330078125000000e-01 0.000000000000000000e+00
0.000000000000000000e+00 9.320678710937500000e-01 0.000000000000000000e+00
0.000000000000000000e+00 9.319458007812500000e-01 0.000000000000000000e+00
0.000000000000000000e+00 9.270019531250000000e-01 0.000000000000000000e+00
0.000000000000000000e+00 9.413452148437500000e-01 0.000000000000000000e+00
0.000000000000000000e+00 9.327392578125000000e-01 0.000000000000000000e+00
0.000000000000000000e+00 9.329833984375000000e-01 0.000000000000000000e+00
0.000000000000000000e+00 9.329833984375000000e-01 0.000000000000000000e+00
0.000000000000000000e+00 9.345703125000000000e-01 0.000000000000000000e+00
6.103515625000000000e-05 9.510498046875000000e-01 0.000000000000000000e+00
6.103515625000000000e-05 9.526367187500000000e-01 0.000000000000000000e+00
1.220703125000000000e-04 9.684448242187500000e-01 0.000000000000000000e+00
1.220703125000000000e-04 9.659423828125000000e-01 0.000000000000000000e+00
1.220703125000000000e-04 9.688720703125000000e-01 0.000000000000000000e+00
1.220703125000000000e-04 9.688720703125000000e-01 0.000000000000000000e+00
1.831054687500000000e-04 9.654541015625000000e-01 0.000000000000000000e+00
1.831054687500000000e-04 9.676513671875000000e-01 0.000000000000000000e+00
0.000000000000000000e+00 9.709472656250000000e-01 0.000000000000000000e+00
0.000000000000000000e+00 9.553222656250000000e-01 0.000000000000000000e+00
0.000000000000000000e+00 9.553222656250000000e-01 0.000000000000000000e+00
0.000000000000000000e+00 9.553222656250000000e-01 0.000000000000000000e+00
0.000000000000000000e+00 9.553222656250000000e-01 0.000000000000000000e+00
0.000000000000000000e+00 9.553222656250000000e-01 0.000000000000000000e+00
0.000000000000000000e+00 9.553222656250000000e-01 0.000000000000000000e+00
0.000000000000000000e+00 9.553222656250000000e-01 0.000000000000000000e+00
0.000000000000000000e+00 9.389648437500000000e-01 0.000000000000000000e+00
0.000000000000000000e+00 9.353027343750000000e-01 0.000000000000000000e+00
0.000000000000000000e+00 9.326171875000000000e-01 0.000000000000000000e+00
0.000000000000000000e+00 9.323730468750000000e-01 0.000000000000000000e+00
0.000000000000000000e+00 9.323730468750000000e-01 0.000000000000000000e+00
0.000000000000000000e+00 9.266357421875000000e-01 0.000000000000000000e+00
0.000000000000000000e+00 9.216308593750000000e-01 0.000000000000000000e+00
0.000000000000000000e+00 9.216308593750000000e-01 0.000000000000000000e+00
0.000000000000000000e+00 9.163818359375000000e-01 0.000000000000000000e+00
0.000000000000000000e+00 9.163818359375000000e-01 0.000000000000000000e+00
0.000000000000000000e+00 9.729003906250000000e-01 0.000000000000000000e+00
0.000000000000000000e+00 9.846191406250000000e-01 0.000000000000000000e+00
0.000000000000000000e+00 9.941406250000000000e-01 0.000000000000000000e+00
0.000000000000000000e+00 9.941406250000000000e-01 0.000000000000000000e+00
0.000000000000000000e+00 9.846191406250000000e-01 0.000000000000000000e+00
0.000000000000000000e+00 9.846191406250000000e-01 0.000000000000000000e+00
0.000000000000000000e+00 9.846191406250000000e-01 0.000000000000000000e+00
0.000000000000000000e+00 9.846191406250000000e-01 0.000000000000000000e+00
0.000000000000000000e+00 9.846191406250000000e-01 0.000000000000000000e+00
0.000000000000000000e+00 9.855957031250000000e-01 0.000000000000000000e+00
0.000000000000000000e+00 9.951171875000000000e-01 0.000000000000000000e+00
0.000000000000000000e+00 9.855957031250000000e-01 0.000000000000000000e+00
0.000000000000000000e+00 9.951171875000000000e-01 0.000000000000000000e+00
0.000000000000000000e+00 9.951171875000000000e-01 0.000000000000000000e+00
0.000000000000000000e+00 9.951171875000000000e-01 0.000000000000000000e+00
0.000000000000000000e+00 9.951171875000000000e-01 0.000000000000000000e+00
0.000000000000000000e+00 9.951171875000000000e-01 0.000000000000000000e+00
0.000000000000000000e+00 9.951171875000000000e-01 0.000000000000000000e+00
0.000000000000000000e+00 9.951171875000000000e-01 0.000000000000000000e+00
0.000000000000000000e+00 9.951171875000000000e-01 0.000000000000000000e+00
0.000000000000000000e+00 9.951171875000000000e-01 0.000000000000000000e+00
0.000000000000000000e+00 9.960937500000000000e-01 0.000000000000000000e+00
0.000000000000000000e+00 9.960937500000000000e-01 0.000000000000000000e+00
0.000000000000000000e+00 9.865722656250000000e-01 0.000000000000000000e+00
0.000000000000000000e+00 9.865722656250000000e-01 0.000000000000000000e+00
0.000000000000000000e+00 9.865722656250000000e-01 0.000000000000000000e+00
0.000000000000000000e+00 9.858398437500000000e-01 0.000000000000000000e+00
0.000000000000000000e+00 9.858398437500000000e-01 0.000000000000000000e+00
0.000000000000000000e+00 9.953613281250000000e-01 0.000000000000000000e+00
0.000000000000000000e+00 9.953613281250000000e-01 0.000000000000000000e+00
0.000000000000000000e+00 9.958496093750000000e-01 0.000000000000000000e+00
0.000000000000000000e+00 9.863281250000000000e-01 0.000000000000000000e+00
0.000000000000000000e+00 9.863281250000000000e-01 0.000000000000000000e+00
0.000000000000000000e+00 9.863281250000000000e-01 0.000000000000000000e+00
0.000000000000000000e+00 9.958496093750000000e-01 0.000000000000000000e+00
0.000000000000000000e+00 9.968261718750000000e-01 0.000000000000000000e+00
0.000000000000000000e+00 9.968261718750000000e-01 0.000000000000000000e+00
0.000000000000000000e+00 9.968261718750000000e-01 0.000000000000000000e+00
0.000000000000000000e+00 9.973144531250000000e-01 0.000000000000000000e+00
0.000000000000000000e+00 9.982910156250000000e-01 0.000000000000000000e+00
0.000000000000000000e+00 9.982910156250000000e-01 0.000000000000000000e+00
0.000000000000000000e+00 9.992675781250000000e-01 0.000000000000000000e+00
0.000000000000000000e+00 1.000000000000000000e+00 0.000000000000000000e+00
0.000000000000000000e+00 1.000000000000000000e+00 0.000000000000000000e+00
0.000000000000000000e+00 9.904785156250000000e-01 0.000000000000000000e+00
0.000000000000000000e+00 1.000000000000000000e+00 0.000000000000000000e+00
0.000000000000000000e+00 1.000000000000000000e+00 0.000000000000000000e+00
0.000000000000000000e+00 1.000000000000000000e+00 0.000000000000000000e+00
0.000000000000000000e+00 9.904785156250000000e-01 0.000000000000000000e+00
0.000000000000000000e+00 9.904785156250000000e-01 0.000000000000000000e+00
0.000000000000000000e+00 1.000000000000000000e+00 0.000000000000000000e+00
0.000000000000000000e+00 9.904785156250000000e-01 0.000000000000000000e+00
0.000000000000000000e+00 1.000000000000000000e+00 0.000000000000000000e+00
0.000000000000000000e+00 1.000000000000000000e+00 0.000000000000000000e+00
0.000000000000000000e+00 9.904785156250000000e-01 0.000000000000000000e+00
0.000000000000000000e+00 9.904785156250000000e-01 0.000000000000000000e+00
0.000000000000000000e+00 1.000000000000000000e+00 0.000000000000000000e+00
0.000000000000000000e+00 1.000000000000000000e+00 0.000000000000000000e+00
0.000000000000000000e+00 1.000000000000000000e+00 0.000000000000000000e+00
0.000000000000000000e+00 1.000000000000000000e+00 0.000000000000000000e+00
0.000000000000000000e+00 1.000000000000000000e+00 0.000000000000000000e+00
0.000000000000000000e+00 1.000000000000000000e+00 0.000000000000000000e+00
0.000000000000000000e+00 1.000000000000000000e+00 0.000000000000000000e+00
0.000000000000000000e+00 1.000000000000000000e+00 0.000000000000000000e+00
0.000000000000000000e+00 1.000000000000000000e+00 0.000000000000000000e+00
0.000000000000000000e+00 1.000000000000000000e+00 0.000000000000000000e+00
0.000000000000000000e+00 1.000000000000000000e+00 0.000000000000000000e+00
0.000000000000000000e+00 9.904785156250000000e-01 0.000000000000000000e+00
0.000000000000000000e+00 9.904785156250000000e-01 0.000000000000000000e+00
0.000000000000000000e+00 9.904785156250000000e-01 0.000000000000000000e+00
0.000000000000000000e+00 1.000000000000000000e+00 0.000000000000000000e+00
0.000000000000000000e+00 1.000000000000000000e+00 0.000000000000000000e+00
0.000000000000000000e+00 1.000000000000000000e+00 0.000000000000000000e+00
0.000000000000000000e+00 1.000000000000000000e+00 0.000000000000000000e+00
0.000000000000000000e+00 1.000000000000000000e+00 0.000000000000000000e+00
0.000000000000000000e+00 1.000000000000000000e+00 0.000000000000000000e+00
0.000000000000000000e+00 1.000000000000000000e+00 0.000000000000000000e+00
0.000000000000000000e+00 1.000000000000000000e+00 0.000000000000000000e+00
0.000000000000000000e+00 1.000000000000000000e+00 0.000000000000000000e+00
0.000000000000000000e+00 1.000000000000000000e+00 0.000000000000000000e+00
0.000000000000000000e+00 1.000000000000000000e+00 0.000000000000000000e+00
0.000000000000000000e+00 1.000000000000000000e+00 0.000000000000000000e+00
0.000000000000000000e+00 1.000000000000000000e+00 0.000000000000000000e+00
0.000000000000000000e+00 1.000000000000000000e+00 0.000000000000000000e+00
0.000000000000000000e+00 1.000000000000000000e+00 0.000000000000000000e+00
0.000000000000000000e+00 1.000000000000000000e+00 0.000000000000000000e+00
0.000000000000000000e+00 1.000000000000000000e+00 0.000000000000000000e+00
0.000000000000000000e+00 1.000000000000000000e+00 0.000000000000000000e+00
0.000000000000000000e+00 1.000000000000000000e+00 0.000000000000000000e+00
0.000000000000000000e+00 1.000000000000000000e+00 0.000000000000000000e+00
0.000000000000000000e+00 9.998779296875000000e-01 0.000000000000000000e+00
0.000000000000000000e+00 9.998779296875000000e-01 0.000000000000000000e+00
0.000000000000000000e+00 9.998779296875000000e-01 0.000000000000000000e+00
0.000000000000000000e+00 9.998779296875000000e-01 0.000000000000000000e+00
0.000000000000000000e+00 9.998779296875000000e-01 0.000000000000000000e+00
0.000000000000000000e+00 9.998779296875000000e-01 0.000000000000000000e+00
0.000000000000000000e+00 9.998779296875000000e-01 0.000000000000000000e+00
0.000000000000000000e+00 9.998779296875000000e-01 0.000000000000000000e+00
0.000000000000000000e+00 9.998779296875000000e-01 0.000000000000000000e+00
0.000000000000000000e+00 1.000000000000000000e+00 0.000000000000000000e+00
0.000000000000000000e+00 1.000000000000000000e+00 0.000000000000000000e+00
0.000000000000000000e+00 1.000000000000000000e+00 0.000000000000000000e+00
0.000000000000000000e+00 1.000000000000000000e+00 0.000000000000000000e+00
0.000000000000000000e+00 1.000000000000000000e+00 0.000000000000000000e+00
0.000000000000000000e+00 1.000000000000000000e+00 0.000000000000000000e+00
0.000000000000000000e+00 1.000000000000000000e+00 0.000000000000000000e+00
0.000000000000000000e+00 1.000000000000000000e+00 0.000000000000000000e+00
0.000000000000000000e+00 1.000000000000000000e+00 0.000000000000000000e+00
0.000000000000000000e+00 1.000000000000000000e+00 0.000000000000000000e+00
0.000000000000000000e+00 1.000000000000000000e+00 0.000000000000000000e+00
0.000000000000000000e+00 1.000000000000000000e+00 0.000000000000000000e+00
0.000000000000000000e+00 1.000000000000000000e+00 0.000000000000000000e+00
0.000000000000000000e+00 1.000000000000000000e+00 0.000000000000000000e+00
0.000000000000000000e+00 1.000000000000000000e+00 0.000000000000000000e+00
0.000000000000000000e+00 1.000000000000000000e+00 0.000000000000000000e+00
0.000000000000000000e+00 1.000000000000000000e+00 0.000000000000000000e+00
0.000000000000000000e+00 9.904785156250000000e-01 0.000000000000000000e+00
0.000000000000000000e+00 1.000000000000000000e+00 0.000000000000000000e+00
0.000000000000000000e+00 1.000000000000000000e+00 0.000000000000000000e+00
0.000000000000000000e+00 1.000000000000000000e+00 0.000000000000000000e+00
0.000000000000000000e+00 1.000000000000000000e+00 0.000000000000000000e+00
0.000000000000000000e+00 1.000000000000000000e+00 0.000000000000000000e+00
0.000000000000000000e+00 1.000000000000000000e+00 0.000000000000000000e+00
0.000000000000000000e+00 1.000000000000000000e+00 0.000000000000000000e+00
0.000000000000000000e+00 1.000000000000000000e+00 0.000000000000000000e+00
0.000000000000000000e+00 1.000000000000000000e+00 0.000000000000000000e+00
0.000000000000000000e+00 9.904785156250000000e-01 0.000000000000000000e+00
0.000000000000000000e+00 1.000000000000000000e+00 0.000000000000000000e+00
0.000000000000000000e+00 1.000000000000000000e+00 0.000000000000000000e+00
0.000000000000000000e+00 9.985351562500000000e-01 0.000000000000000000e+00
0.000000000000000000e+00 9.985351562500000000e-01 0.000000000000000000e+00
0.000000000000000000e+00 1.000000000000000000e+00 0.000000000000000000e+00
0.000000000000000000e+00 1.000000000000000000e+00 0.000000000000000000e+00
0.000000000000000000e+00 1.000000000000000000e+00 0.000000000000000000e+00
0.000000000000000000e+00 1.000000000000000000e+00 0.000000000000000000e+00
0.000000000000000000e+00 1.000000000000000000e+00 0.000000000000000000e+00
0.000000000000000000e+00 1.000000000000000000e+00 0.000000000000000000e+00
0.000000000000000000e+00 1.000000000000000000e+00 0.000000000000000000e+00
0.000000000000000000e+00 1.000000000000000000e+00 0.000000000000000000e+00
0.000000000000000000e+00 1.000000000000000000e+00 0.000000000000000000e+00
0.000000000000000000e+00 1.000000000000000000e+00 0.000000000000000000e+00
0.000000000000000000e+00 1.000000000000000000e+00 0.000000000000000000e+00
0.000000000000000000e+00 1.000000000000000000e+00 0.000000000000000000e+00
0.000000000000000000e+00 1.000000000000000000e+00 0.000000000000000000e+00
0.000000000000000000e+00 1.000000000000000000e+00 0.000000000000000000e+00
0.000000000000000000e+00 1.000000000000000000e+00 0.000000000000000000e+00
0.000000000000000000e+00 1.000000000000000000e+00 0.000000000000000000e+00
0.000000000000000000e+00 1.000000000000000000e+00 0.000000000000000000e+00
0.000000000000000000e+00 9.904785156250000000e-01 0.000000000000000000e+00
0.000000000000000000e+00 1.000000000000000000e+00 0.000000000000000000e+00
0.000000000000000000e+00 1.000000000000000000e+00 0.000000000000000000e+00
0.000000000000000000e+00 1.000000000000000000e+00 0.000000000000000000e+00
0.000000000000000000e+00 1.000000000000000000e+00 0.000000000000000000e+00
0.000000000000000000e+00 1.000000000000000000e+00 0.000000000000000000e+00
0.000000000000000000e+00 1.000000000000000000e+00 0.000000000000000000e+00
0.000000000000000000e+00 1.000000000000000000e+00 0.000000000000000000e+00
0.000000000000000000e+00 1.000000000000000000e+00 0.000000000000000000e+00
0.000000000000000000e+00 1.000000000000000000e+00 0.000000000000000000e+00
0.000000000000000000e+00 1.000000000000000000e+00 0.000000000000000000e+00
0.000000000000000000e+00 1.000000000000000000e+00 0.000000000000000000e+00
0.000000000000000000e+00 1.000000000000000000e+00 0.000000000000000000e+00
0.000000000000000000e+00 1.000000000000000000e+00 0.000000000000000000e+00
0.000000000000000000e+00 1.000000000000000000e+00 0.000000000000000000e+00
0.000000000000000000e+00 1.000000000000000000e+00 0.000000000000000000e+00
0.000000000000000000e+00 1.000000000000000000e+00 0.000000000000000000e+00
0.000000000000000000e+00 1.000000000000000000e+00 0.000000000000000000e+00
0.000000000000000000e+00 1.000000000000000000e+00 0.000000000000000000e+00
0.000000000000000000e+00 1.000000000000000000e+00 0.000000000000000000e+00
0.000000000000000000e+00 1.000000000000000000e+00 0.000000000000000000e+00
0.000000000000000000e+00 1.000000000000000000e+00 0.000000000000000000e+00
0.000000000000000000e+00 1.000000000000000000e+00 0.000000000000000000e+00
0.000000000000000000e+00 1.000000000000000000e+00 0.000000000000000000e+00
0.000000000000000000e+00 1.000000000000000000e+00 0.000000000000000000e+00
0.000000000000000000e+00 1.000000000000000000e+00 0.000000000000000000e+00
0.000000000000000000e+00 1.000000000000000000e+00 0.000000000000000000e+00
0.000000000000000000e+00 1.000000000000000000e+00 0.000000000000000000e+00
0.000000000000000000e+00 1.000000000000000000e+00 0.000000000000000000e+00
0.000000000000000000e+00 1.000000000000000000e+00 0.000000000000000000e+00
0.000000000000000000e+00 1.000000000000000000e+00 0.000000000000000000e+00
0.000000000000000000e+00 1.000000000000000000e+00 0.000000000000000000e+00
0.000000000000000000e+00 1.000000000000000000e+00 0.000000000000000000e+00
0.000000000000000000e+00 1.000000000000000000e+00 0.000000000000000000e+00
0.000000000000000000e+00 1.000000000000000000e+00 0.000000000000000000e+00
0.000000000000000000e+00 1.000000000000000000e+00 0.000000000000000000e+00
0.000000000000000000e+00 1.000000000000000000e+00 0.000000000000000000e+00
0.000000000000000000e+00 1.000000000000000000e+00 0.000000000000000000e+00
0.000000000000000000e+00 1.000000000000000000e+00 0.000000000000000000e+00
0.000000000000000000e+00 1.000000000000000000e+00 0.000000000000000000e+00
0.000000000000000000e+00 1.000000000000000000e+00 0.000000000000000000e+00
0.000000000000000000e+00 1.000000000000000000e+00 0.000000000000000000e+00
0.000000000000000000e+00 1.000000000000000000e+00 0.000000000000000000e+00
0.000000000000000000e+00 1.000000000000000000e+00 0.000000000000000000e+00
0.000000000000000000e+00 1.000000000000000000e+00 0.000000000000000000e+00
0.000000000000000000e+00 1.000000000000000000e+00 0.000000000000000000e+00
0.000000000000000000e+00 1.000000000000000000e+00 0.000000000000000000e+00
0.000000000000000000e+00 1.000000000000000000e+00 0.000000000000000000e+00
0.000000000000000000e+00 1.000000000000000000e+00 0.000000000000000000e+00
0.000000000000000000e+00 1.000000000000000000e+00 0.000000000000000000e+00
0.000000000000000000e+00 1.000000000000000000e+00 0.000000000000000000e+00
0.000000000000000000e+00 1.000000000000000000e+00 0.000000000000000000e+00
0.000000000000000000e+00 1.000000000000000000e+00 0.000000000000000000e+00
0.000000000000000000e+00 1.000000000000000000e+00 0.000000000000000000e+00
0.000000000000000000e+00 1.000000000000000000e+00 0.000000000000000000e+00
0.000000000000000000e+00 9.984130859375000000e-01 0.000000000000000000e+00
0.000000000000000000e+00 9.984130859375000000e-01 0.000000000000000000e+00
0.000000000000000000e+00 9.975585937500000000e-01 0.000000000000000000e+00
0.000000000000000000e+00 9.957275390625000000e-01 0.000000000000000000e+00
0.000000000000000000e+00 9.951171875000000000e-01 0.000000000000000000e+00
0.000000000000000000e+00 9.951171875000000000e-01 0.000000000000000000e+00
0.000000000000000000e+00 9.951171875000000000e-01 0.000000000000000000e+00
0.000000000000000000e+00 9.951171875000000000e-01 0.000000000000000000e+00
0.000000000000000000e+00 9.951171875000000000e-01 0.000000000000000000e+00
0.000000000000000000e+00 9.951171875000000000e-01 0.000000000000000000e+00
0.000000000000000000e+00 9.951171875000000000e-01 0.000000000000000000e+00
0.000000000000000000e+00 9.951171875000000000e-01 0.000000000000000000e+00
0.000000000000000000e+00 9.951171875000000000e-01 0.000000000000000000e+00
0.000000000000000000e+00 9.951171875000000000e-01 0.000000000000000000e+00
0.000000000000000000e+00 9.951171875000000000e-01 0.000000000000000000e+00
0.000000000000000000e+00 9.997558593750000000e-01 0.000000000000000000e+00
0.000000000000000000e+00 9.951171875000000000e-01 0.000000000000000000e+00
0.000000000000000000e+00 9.995117187500000000e-01 0.000000000000000000e+00
0.000000000000000000e+00 9.995117187500000000e-01 0.000000000000000000e+00
0.000000000000000000e+00 9.995117187500000000e-01 0.000000000000000000e+00
0.000000000000000000e+00 9.995117187500000000e-01 0.000000000000000000e+00
0.000000000000000000e+00 9.952392578125000000e-01 0.000000000000000000e+00
0.000000000000000000e+00 9.952392578125000000e-01 0.000000000000000000e+00
0.000000000000000000e+00 9.952392578125000000e-01 0.000000000000000000e+00
0.000000000000000000e+00 9.952392578125000000e-01 0.000000000000000000e+00
0.000000000000000000e+00 9.952392578125000000e-01 0.000000000000000000e+00
0.000000000000000000e+00 9.989013671875000000e-01 0.000000000000000000e+00
0.000000000000000000e+00 9.952392578125000000e-01 0.000000000000000000e+00
0.000000000000000000e+00 9.952392578125000000e-01 0.000000000000000000e+00
0.000000000000000000e+00 9.952392578125000000e-01 0.000000000000000000e+00
0.000000000000000000e+00 9.953613281250000000e-01 0.000000000000000000e+00
0.000000000000000000e+00 9.953613281250000000e-01 0.000000000000000000e+00
0.000000000000000000e+00 9.954833984375000000e-01 0.000000000000000000e+00
0.000000000000000000e+00 9.957275390625000000e-01 0.000000000000000000e+00
0.000000000000000000e+00 9.957275390625000000e-01 0.000000000000000000e+00
0.000000000000000000e+00 9.957275390625000000e-01 0.000000000000000000e+00
0.000000000000000000e+00 9.957275390625000000e-01 0.000000000000000000e+00
0.000000000000000000e+00 1.000000000000000000e+00 0.000000000000000000e+00
0.000000000000000000e+00 9.895019531250000000e-01 0.000000000000000000e+00
0.000000000000000000e+00 9.990234375000000000e-01 0.000000000000000000e+00
0.000000000000000000e+00 9.990234375000000000e-01 0.000000000000000000e+00
0.000000000000000000e+00 9.990234375000000000e-01 0.000000000000000000e+00
0.000000000000000000e+00 9.990234375000000000e-01 0.000000000000000000e+00
0.000000000000000000e+00 9.990234375000000000e-01 0.000000000000000000e+00
0.000000000000000000e+00 9.990234375000000000e-01 0.000000000000000000e+00
0.000000000000000000e+00 9.990234375000000000e-01 0.000000000000000000e+00
0.000000000000000000e+00 9.990234375000000000e-01 0.000000000000000000e+00
0.000000000000000000e+00 9.990234375000000000e-01 0.000000000000000000e+00
0.000000000000000000e+00 9.990234375000000000e-01 0.000000000000000000e+00
0.000000000000000000e+00 9.990234375000000000e-01 0.000000000000000000e+00
0.000000000000000000e+00 9.990234375000000000e-01 0.000000000000000000e+00
0.000000000000000000e+00 9.990234375000000000e-01 0.000000000000000000e+00
0.000000000000000000e+00 9.990234375000000000e-01 0.000000000000000000e+00
0.000000000000000000e+00 9.895019531250000000e-01 0.000000000000000000e+00
0.000000000000000000e+00 9.992675781250000000e-01 0.000000000000000000e+00
0.000000000000000000e+00 9.995117187500000000e-01 0.000000000000000000e+00
0.000000000000000000e+00 9.995117187500000000e-01 0.000000000000000000e+00
0.000000000000000000e+00 9.899902343750000000e-01 0.000000000000000000e+00
0.000000000000000000e+00 9.995117187500000000e-01 0.000000000000000000e+00
0.000000000000000000e+00 9.995117187500000000e-01 0.000000000000000000e+00
0.000000000000000000e+00 9.995117187500000000e-01 0.000000000000000000e+00
0.000000000000000000e+00 9.995117187500000000e-01 0.000000000000000000e+00
0.000000000000000000e+00 9.995117187500000000e-01 0.000000000000000000e+00
0.000000000000000000e+00 9.995117187500000000e-01 0.000000000000000000e+00
0.000000000000000000e+00 9.995117187500000000e-01 0.000000000000000000e+00
0.000000000000000000e+00 9.995117187500000000e-01 0.000000000000000000e+00
0.000000000000000000e+00 9.997558593750000000e-01 0.000000000000000000e+00
0.000000000000000000e+00 9.997558593750000000e-01 0.000000000000000000e+00
0.000000000000000000e+00 9.997558593750000000e-01 0.000000000000000000e+00
0.000000000000000000e+00 9.997558593750000000e-01 0.000000000000000000e+00
0.000000000000000000e+00 9.997558593750000000e-01 0.000000000000000000e+00
0.000000000000000000e+00 9.997558593750000000e-01 0.000000000000000000e+00
0.000000000000000000e+00 9.997558593750000000e-01 0.000000000000000000e+00
0.000000000000000000e+00 1.000000000000000000e+00 0.000000000000000000e+00
0.000000000000000000e+00 9.904785156250000000e-01 0.000000000000000000e+00
0.000000000000000000e+00 9.904785156250000000e-01 0.000000000000000000e+00
0.000000000000000000e+00 9.904785156250000000e-01 0.000000000000000000e+00
0.000000000000000000e+00 9.904785156250000000e-01 0.000000000000000000e+00
0.000000000000000000e+00 9.904785156250000000e-01 0.000000000000000000e+00
0.000000000000000000e+00 9.904785156250000000e-01 0.000000000000000000e+00
0.000000000000000000e+00 1.000000000000000000e+00 0.000000000000000000e+00
0.000000000000000000e+00 1.000000000000000000e+00 0.000000000000000000e+00
0.000000000000000000e+00 9.904785156250000000e-01 0.000000000000000000e+00
0.000000000000000000e+00 9.904785156250000000e-01 0.000000000000000000e+00
0.000000000000000000e+00 9.904785156250000000e-01 0.000000000000000000e+00
0.000000000000000000e+00 9.904785156250000000e-01 0.000000000000000000e+00
0.000000000000000000e+00 9.904785156250000000e-01 0.000000000000000000e+00
0.000000000000000000e+00 1.000000000000000000e+00 0.000000000000000000e+00
0.000000000000000000e+00 9.997558593750000000e-01 0.000000000000000000e+00
0.000000000000000000e+00 1.000000000000000000e+00 0.000000000000000000e+00
0.000000000000000000e+00 1.000000000000000000e+00 0.000000000000000000e+00
0.000000000000000000e+00 1.000000000000000000e+00 0.000000000000000000e+00
0.000000000000000000e+00 1.000000000000000000e+00 0.000000000000000000e+00
0.000000000000000000e+00 1.000000000000000000e+00 0.000000000000000000e+00
0.000000000000000000e+00 1.000000000000000000e+00 0.000000000000000000e+00
0.000000000000000000e+00 1.000000000000000000e+00 0.000000000000000000e+00
0.000000000000000000e+00 9.904785156250000000e-01 0.000000000000000000e+00
0.000000000000000000e+00 9.943847656250000000e-01 0.000000000000000000e+00
0.000000000000000000e+00 9.943847656250000000e-01 0.000000000000000000e+00
0.000000000000000000e+00 9.943847656250000000e-01 0.000000000000000000e+00
0.000000000000000000e+00 9.943847656250000000e-01 0.000000000000000000e+00
0.000000000000000000e+00 9.943847656250000000e-01 0.000000000000000000e+00
0.000000000000000000e+00 9.959716796875000000e-01 0.000000000000000000e+00
0.000000000000000000e+00 9.959716796875000000e-01 0.000000000000000000e+00
0.000000000000000000e+00 9.959716796875000000e-01 0.000000000000000000e+00
0.000000000000000000e+00 9.975585937500000000e-01 0.000000000000000000e+00
0.000000000000000000e+00 9.975585937500000000e-01 0.000000000000000000e+00
0.000000000000000000e+00 9.964599609375000000e-01 0.000000000000000000e+00
0.000000000000000000e+00 9.946289062500000000e-01 0.000000000000000000e+00
0.000000000000000000e+00 9.946289062500000000e-01 0.000000000000000000e+00
0.000000000000000000e+00 9.946289062500000000e-01 0.000000000000000000e+00
0.000000000000000000e+00 9.946289062500000000e-01 0.000000000000000000e+00
0.000000000000000000e+00 9.946289062500000000e-01 0.000000000000000000e+00
0.000000000000000000e+00 9.962158203125000000e-01 0.000000000000000000e+00
0.000000000000000000e+00 9.965820312500000000e-01 0.000000000000000000e+00
0.000000000000000000e+00 9.971923828125000000e-01 0.000000000000000000e+00
0.000000000000000000e+00 9.980468750000000000e-01 0.000000000000000000e+00
0.000000000000000000e+00 9.993896484375000000e-01 0.000000000000000000e+00
0.000000000000000000e+00 9.787597656250000000e-01 0.000000000000000000e+00
0.000000000000000000e+00 9.787597656250000000e-01 0.000000000000000000e+00
0.000000000000000000e+00 9.904785156250000000e-01 0.000000000000000000e+00
0.000000000000000000e+00 9.904785156250000000e-01 0.000000000000000000e+00
0.000000000000000000e+00 9.902343750000000000e-01 0.000000000000000000e+00
0.000000000000000000e+00 9.775390625000000000e-01 0.000000000000000000e+00
0.000000000000000000e+00 9.775390625000000000e-01 0.000000000000000000e+00
0.000000000000000000e+00 9.957275390625000000e-01 0.000000000000000000e+00
0.000000000000000000e+00 9.957275390625000000e-01 0.000000000000000000e+00
0.000000000000000000e+00 9.868164062500000000e-01 0.000000000000000000e+00
0.000000000000000000e+00 9.868164062500000000e-01 0.000000000000000000e+00
0.000000000000000000e+00 9.851074218750000000e-01 0.000000000000000000e+00
0.000000000000000000e+00 9.855957031250000000e-01 0.000000000000000000e+00
0.000000000000000000e+00 9.855957031250000000e-01 0.000000000000000000e+00
0.000000000000000000e+00 9.804687500000000000e-01 0.000000000000000000e+00
0.000000000000000000e+00 9.802246093750000000e-01 0.000000000000000000e+00
0.000000000000000000e+00 9.802246093750000000e-01 0.000000000000000000e+00
0.000000000000000000e+00 9.893798828125000000e-01 0.000000000000000000e+00
0.000000000000000000e+00 9.902343750000000000e-01 0.000000000000000000e+00
0.000000000000000000e+00 9.912109375000000000e-01 0.000000000000000000e+00
0.000000000000000000e+00 9.915771484375000000e-01 0.000000000000000000e+00
0.000000000000000000e+00 9.915771484375000000e-01 0.000000000000000000e+00
0.000000000000000000e+00 9.914550781250000000e-01 0.000000000000000000e+00
0.000000000000000000e+00 9.895019531250000000e-01 0.000000000000000000e+00
0.000000000000000000e+00 9.895019531250000000e-01 0.000000000000000000e+00
0.000000000000000000e+00 9.802246093750000000e-01 0.000000000000000000e+00
0.000000000000000000e+00 9.802246093750000000e-01 0.000000000000000000e+00
0.000000000000000000e+00 9.802246093750000000e-01 0.000000000000000000e+00
0.000000000000000000e+00 9.802246093750000000e-01 0.000000000000000000e+00
0.000000000000000000e+00 9.822998046875000000e-01 0.000000000000000000e+00
0.000000000000000000e+00 9.846191406250000000e-01 0.000000000000000000e+00
0.000000000000000000e+00 9.884033203125000000e-01 0.000000000000000000e+00
0.000000000000000000e+00 9.909667968750000000e-01 0.000000000000000000e+00
0.000000000000000000e+00 9.935302734375000000e-01 0.000000000000000000e+00
0.000000000000000000e+00 9.937744140625000000e-01 0.000000000000000000e+00
0.000000000000000000e+00 9.940185546875000000e-01 0.000000000000000000e+00
0.000000000000000000e+00 9.942626953125000000e-01 0.000000000000000000e+00
0.000000000000000000e+00 9.945068359375000000e-01 0.000000000000000000e+00
0.000000000000000000e+00 9.941406250000000000e-01 0.000000000000000000e+00
0.000000000000000000e+00 9.963378906250000000e-01 0.000000000000000000e+00
0.000000000000000000e+00 9.963378906250000000e-01 0.000000000000000000e+00
0.000000000000000000e+00 9.957275390625000000e-01 0.000000000000000000e+00
0.000000000000000000e+00 9.964599609375000000e-01 0.000000000000000000e+00
0.000000000000000000e+00 9.959716796875000000e-01 0.000000000000000000e+00
0.000000000000000000e+00 9.959716796875000000e-01 0.000000000000000000e+00
0.000000000000000000e+00 9.959716796875000000e-01 0.000000000000000000e+00
0.000000000000000000e+00 9.959716796875000000e-01 0.000000000000000000e+00
0.000000000000000000e+00 9.959716796875000000e-01 0.000000000000000000e+00
0.000000000000000000e+00 9.948730468750000000e-01 0.000000000000000000e+00
0.000000000000000000e+00 9.948730468750000000e-01 0.000000000000000000e+00
0.000000000000000000e+00 9.948730468750000000e-01 0.000000000000000000e+00
0.000000000000000000e+00 9.943847656250000000e-01 0.000000000000000000e+00
0.000000000000000000e+00 9.938964843750000000e-01 0.000000000000000000e+00
0.000000000000000000e+00 9.938964843750000000e-01 0.000000000000000000e+00
0.000000000000000000e+00 9.938964843750000000e-01 0.000000000000000000e+00
0.000000000000000000e+00 9.938964843750000000e-01 0.000000000000000000e+00
0.000000000000000000e+00 9.938964843750000000e-01 0.000000000000000000e+00
0.000000000000000000e+00 9.938964843750000000e-01 0.000000000000000000e+00
0.000000000000000000e+00 9.938964843750000000e-01 0.000000000000000000e+00
0.000000000000000000e+00 9.938964843750000000e-01 0.000000000000000000e+00
0.000000000000000000e+00 9.926757812500000000e-01 0.000000000000000000e+00
0.000000000000000000e+00 9.926757812500000000e-01 0.000000000000000000e+00
0.000000000000000000e+00 9.926757812500000000e-01 0.000000000000000000e+00
0.000000000000000000e+00 9.887695312500000000e-01 0.000000000000000000e+00
0.000000000000000000e+00 9.885253906250000000e-01 0.000000000000000000e+00
0.000000000000000000e+00 9.885253906250000000e-01 0.000000000000000000e+00
0.000000000000000000e+00 9.885253906250000000e-01 0.000000000000000000e+00
0.000000000000000000e+00 9.924316406250000000e-01 0.000000000000000000e+00
0.000000000000000000e+00 9.947509765625000000e-01 0.000000000000000000e+00
0.000000000000000000e+00 9.925537109375000000e-01 0.000000000000000000e+00
0.000000000000000000e+00 9.918212890625000000e-01 0.000000000000000000e+00
0.000000000000000000e+00 9.920654296875000000e-01 0.000000000000000000e+00
0.000000000000000000e+00 9.920654296875000000e-01 0.000000000000000000e+00
0.000000000000000000e+00 9.920654296875000000e-01 0.000000000000000000e+00
0.000000000000000000e+00 9.923095703125000000e-01 0.000000000000000000e+00
0.000000000000000000e+00 9.923095703125000000e-01 0.000000000000000000e+00
0.000000000000000000e+00 9.923095703125000000e-01 0.000000000000000000e+00
0.000000000000000000e+00 9.923095703125000000e-01 0.000000000000000000e+00
0.000000000000000000e+00 9.936523437500000000e-01 0.000000000000000000e+00
0.000000000000000000e+00 9.954833984375000000e-01 0.000000000000000000e+00
0.000000000000000000e+00 9.949951171875000000e-01 0.000000000000000000e+00
0.000000000000000000e+00 9.949951171875000000e-01 0.000000000000000000e+00
0.000000000000000000e+00 9.949951171875000000e-01 0.000000000000000000e+00
0.000000000000000000e+00 9.942626953125000000e-01 0.000000000000000000e+00
0.000000000000000000e+00 9.942626953125000000e-01 0.000000000000000000e+00
0.000000000000000000e+00 9.942626953125000000e-01 0.000000000000000000e+00
0.000000000000000000e+00 9.945068359375000000e-01 0.000000000000000000e+00
0.000000000000000000e+00 9.968261718750000000e-01 0.000000000000000000e+00
0.000000000000000000e+00 9.968261718750000000e-01 0.000000000000000000e+00
0.000000000000000000e+00 9.974365234375000000e-01 0.000000000000000000e+00
0.000000000000000000e+00 9.974365234375000000e-01 0.000000000000000000e+00
0.000000000000000000e+00 9.974365234375000000e-01 0.000000000000000000e+00
0.000000000000000000e+00 9.974365234375000000e-01 0.000000000000000000e+00
0.000000000000000000e+00 9.974365234375000000e-01 0.000000000000000000e+00
0.000000000000000000e+00 9.974365234375000000e-01 0.000000000000000000e+00
0.000000000000000000e+00 9.974365234375000000e-01 0.000000000000000000e+00
0.000000000000000000e+00 9.974365234375000000e-01 0.000000000000000000e+00
0.000000000000000000e+00 9.974365234375000000e-01 0.000000000000000000e+00
0.000000000000000000e+00 9.974365234375000000e-01 0.000000000000000000e+00
0.000000000000000000e+00 9.943847656250000000e-01 0.000000000000000000e+00
0.000000000000000000e+00 9.943847656250000000e-01 0.000000000000000000e+00
0.000000000000000000e+00 9.932861328125000000e-01 0.000000000000000000e+00
0.000000000000000000e+00 9.932861328125000000e-01 0.000000000000000000e+00
0.000000000000000000e+00 9.932861328125000000e-01 0.000000000000000000e+00
0.000000000000000000e+00 9.932861328125000000e-01 0.000000000000000000e+00
0.000000000000000000e+00 1.002807617187500000e+00 0.000000000000000000e+00
0.000000000000000000e+00 1.002807617187500000e+00 0.000000000000000000e+00
0.000000000000000000e+00 1.002563476562500000e+00 0.000000000000000000e+00
0.000000000000000000e+00 1.002563476562500000e+00 0.000000000000000000e+00
0.000000000000000000e+00 1.002807617187500000e+00 0.000000000000000000e+00
0.000000000000000000e+00 1.002807617187500000e+00 0.000000000000000000e+00
0.000000000000000000e+00 9.935302734375000000e-01 0.000000000000000000e+00
0.000000000000000000e+00 9.935302734375000000e-01 0.000000000000000000e+00
0.000000000000000000e+00 9.932861328125000000e-01 0.000000000000000000e+00
0.000000000000000000e+00 9.930419921875000000e-01 0.000000000000000000e+00
0.000000000000000000e+00 9.930419921875000000e-01 0.000000000000000000e+00
0.000000000000000000e+00 9.920654296875000000e-01 0.000000000000000000e+00
0.000000000000000000e+00 9.920654296875000000e-01 0.000000000000000000e+00
0.000000000000000000e+00 9.920654296875000000e-01 0.000000000000000000e+00
0.000000000000000000e+00 9.920654296875000000e-01 0.000000000000000000e+00
0.000000000000000000e+00 9.920654296875000000e-01 0.000000000000000000e+00
0.000000000000000000e+00 1.001586914062500000e+00 0.000000000000000000e+00
0.000000000000000000e+00 1.001586914062500000e+00 0.000000000000000000e+00
0.000000000000000000e+00 1.001586914062500000e+00 0.000000000000000000e+00
0.000000000000000000e+00 9.912109375000000000e-01 0.000000000000000000e+00
0.000000000000000000e+00 9.912109375000000000e-01 0.000000000000000000e+00
0.000000000000000000e+00 1.000732421875000000e+00 0.000000000000000000e+00
0.000000000000000000e+00 1.000732421875000000e+00 0.000000000000000000e+00
0.000000000000000000e+00 1.002197265625000000e+00 0.000000000000000000e+00
0.000000000000000000e+00 9.989013671875000000e-01 0.000000000000000000e+00
0.000000000000000000e+00 9.975585937500000000e-01 0.000000000000000000e+00
0.000000000000000000e+00 9.974365234375000000e-01 0.000000000000000000e+00
0.000000000000000000e+00 9.974365234375000000e-01 0.000000000000000000e+00
0.000000000000000000e+00 9.974365234375000000e-01 0.000000000000000000e+00
0.000000000000000000e+00 9.974365234375000000e-01 0.000000000000000000e+00
0.000000000000000000e+00 9.974365234375000000e-01 0.000000000000000000e+00
0.000000000000000000e+00 9.974365234375000000e-01 0.000000000000000000e+00
0.000000000000000000e+00 9.974365234375000000e-01 0.000000000000000000e+00
0.000000000000000000e+00 9.976806640625000000e-01 0.000000000000000000e+00
0.000000000000000000e+00 9.976806640625000000e-01 0.000000000000000000e+00
0.000000000000000000e+00 9.976806640625000000e-01 0.000000000000000000e+00
0.000000000000000000e+00 9.976806640625000000e-01 0.000000000000000000e+00
0.000000000000000000e+00 9.976806640625000000e-01 0.000000000000000000e+00
0.000000000000000000e+00 9.976806640625000000e-01 0.000000000000000000e+00
0.000000000000000000e+00 9.976806640625000000e-01 0.000000000000000000e+00
0.000000000000000000e+00 9.976806640625000000e-01 0.000000000000000000e+00
0.000000000000000000e+00 9.976806640625000000e-01 0.000000000000000000e+00
0.000000000000000000e+00 9.976806640625000000e-01 0.000000000000000000e+00
0.000000000000000000e+00 9.975585937500000000e-01 0.000000000000000000e+00
0.000000000000000000e+00 9.975585937500000000e-01 0.000000000000000000e+00
0.000000000000000000e+00 9.970703125000000000e-01 0.000000000000000000e+00
0.000000000000000000e+00 9.970703125000000000e-01 0.000000000000000000e+00
0.000000000000000000e+00 9.973144531250000000e-01 0.000000000000000000e+00
0.000000000000000000e+00 9.973144531250000000e-01 0.000000000000000000e+00
0.000000000000000000e+00 9.973144531250000000e-01 0.000000000000000000e+00
0.000000000000000000e+00 9.973144531250000000e-01 0.000000000000000000e+00
0.000000000000000000e+00 9.973144531250000000e-01 0.000000000000000000e+00
0.000000000000000000e+00 9.973144531250000000e-01 0.000000000000000000e+00
0.000000000000000000e+00 9.975585937500000000e-01 0.000000000000000000e+00
0.000000000000000000e+00 9.943847656250000000e-01 0.000000000000000000e+00
0.000000000000000000e+00 9.943847656250000000e-01 0.000000000000000000e+00
0.000000000000000000e+00 1.003906250000000000e+00 0.000000000000000000e+00
0.000000000000000000e+00 1.003906250000000000e+00 0.000000000000000000e+00
0.000000000000000000e+00 9.943847656250000000e-01 0.000000000000000000e+00
0.000000000000000000e+00 9.943847656250000000e-01 0.000000000000000000e+00
0.000000000000000000e+00 9.949951171875000000e-01 0.000000000000000000e+00
0.000000000000000000e+00 9.949951171875000000e-01 0.000000000000000000e+00
0.000000000000000000e+00 9.949951171875000000e-01 0.000000000000000000e+00
0.000000000000000000e+00 9.949951171875000000e-01 0.000000000000000000e+00
0.000000000000000000e+00 9.949951171875000000e-01 0.000000000000000000e+00
0.000000000000000000e+00 1.004516601562500000e+00 0.000000000000000000e+00
0.000000000000000000e+00 1.004272460937500000e+00 0.000000000000000000e+00
0.000000000000000000e+00 1.003540039062500000e+00 0.000000000000000000e+00
0.000000000000000000e+00 1.001464843750000000e+00 0.000000000000000000e+00
0.000000000000000000e+00 1.001464843750000000e+00 0.000000000000000000e+00
0.000000000000000000e+00 1.001464843750000000e+00 0.000000000000000000e+00
0.000000000000000000e+00 9.998779296875000000e-01 0.000000000000000000e+00
0.000000000000000000e+00 9.991455078125000000e-01 0.000000000000000000e+00
0.000000000000000000e+00 9.989013671875000000e-01 0.000000000000000000e+00
0.000000000000000000e+00 9.984130859375000000e-01 0.000000000000000000e+00
0.000000000000000000e+00 9.984130859375000000e-01 0.000000000000000000e+00
0.000000000000000000e+00 9.969482421875000000e-01 0.000000000000000000e+00
0.000000000000000000e+00 9.969482421875000000e-01 0.000000000000000000e+00
0.000000000000000000e+00 9.969482421875000000e-01 0.000000000000000000e+00
0.000000000000000000e+00 1.000366210937500000e+00 0.000000000000000000e+00
0.000000000000000000e+00 1.000366210937500000e+00 0.000000000000000000e+00
0.000000000000000000e+00 9.969482421875000000e-01 0.000000000000000000e+00
0.000000000000000000e+00 9.969482421875000000e-01 0.000000000000000000e+00
0.000000000000000000e+00 9.969482421875000000e-01 0.000000000000000000e+00
0.000000000000000000e+00 9.969482421875000000e-01 0.000000000000000000e+00
0.000000000000000000e+00 9.908447265625000000e-01 0.000000000000000000e+00
0.000000000000000000e+00 9.906005859375000000e-01 0.000000000000000000e+00
0.000000000000000000e+00 9.906005859375000000e-01 0.000000000000000000e+00
0.000000000000000000e+00 1.000366210937500000e+00 0.000000000000000000e+00
0.000000000000000000e+00 1.000122070312500000e+00 0.000000000000000000e+00
0.000000000000000000e+00 1.000122070312500000e+00 0.000000000000000000e+00
0.000000000000000000e+00 1.000366210937500000e+00 0.000000000000000000e+00
0.000000000000000000e+00 1.000000000000000000e+00 0.000000000000000000e+00
0.000000000000000000e+00 1.000000000000000000e+00 0.000000000000000000e+00
0.000000000000000000e+00 1.000000000000000000e+00 0.000000000000000000e+00
0.000000000000000000e+00 1.000000000000000000e+00 0.000000000000000000e+00
0.000000000000000000e+00 1.000000000000000000e+00 0.000000000000000000e+00
0.000000000000000000e+00 1.000000000000000000e+00 0.000000000000000000e+00
0.000000000000000000e+00 1.000000000000000000e+00 0.000000000000000000e+00
0.000000000000000000e+00 1.000000000000000000e+00 0.000000000000000000e+00
0.000000000000000000e+00 1.000000000000000000e+00 0.000000000000000000e+00
0.000000000000000000e+00 9.998779296875000000e-01 0.000000000000000000e+00
0.000000000000000000e+00 9.998779296875000000e-01 0.000000000000000000e+00
0.000000000000000000e+00 9.998779296875000000e-01 0.000000000000000000e+00
0.000000000000000000e+00 9.998779296875000000e-01 0.000000000000000000e+00
0.000000000000000000e+00 9.998779296875000000e-01 0.000000000000000000e+00
0.000000000000000000e+00 9.903564453125000000e-01 0.000000000000000000e+00
0.000000000000000000e+00 9.998779296875000000e-01 0.000000000000000000e+00
0.000000000000000000e+00 9.998779296875000000e-01 0.000000000000000000e+00
0.000000000000000000e+00 1.000000000000000000e+00 0.000000000000000000e+00
0.000000000000000000e+00 1.000000000000000000e+00 0.000000000000000000e+00
0.000000000000000000e+00 1.000000000000000000e+00 0.000000000000000000e+00
0.000000000000000000e+00 9.996337890625000000e-01 0.000000000000000000e+00
0.000000000000000000e+00 9.996337890625000000e-01 0.000000000000000000e+00
0.000000000000000000e+00 9.980468750000000000e-01 0.000000000000000000e+00
0.000000000000000000e+00 9.990234375000000000e-01 0.000000000000000000e+00
0.000000000000000000e+00 9.982910156250000000e-01 0.000000000000000000e+00
0.000000000000000000e+00 9.987792968750000000e-01 0.000000000000000000e+00
0.000000000000000000e+00 9.987792968750000000e-01 0.000000000000000000e+00
0.000000000000000000e+00 9.987792968750000000e-01 0.000000000000000000e+00
0.000000000000000000e+00 9.987792968750000000e-01 0.000000000000000000e+00
0.000000000000000000e+00 9.987792968750000000e-01 0.000000000000000000e+00
0.000000000000000000e+00 9.987792968750000000e-01 0.000000000000000000e+00
0.000000000000000000e+00 9.985351562500000000e-01 0.000000000000000000e+00
0.000000000000000000e+00 9.985351562500000000e-01 0.000000000000000000e+00
0.000000000000000000e+00 9.985351562500000000e-01 0.000000000000000000e+00
0.000000000000000000e+00 9.985351562500000000e-01 0.000000000000000000e+00
0.000000000000000000e+00 9.985351562500000000e-01 0.000000000000000000e+00
0.000000000000000000e+00 9.985351562500000000e-01 0.000000000000000000e+00
0.000000000000000000e+00 9.985351562500000000e-01 0.000000000000000000e+00
0.000000000000000000e+00 9.985351562500000000e-01 0.000000000000000000e+00
0.000000000000000000e+00 9.990234375000000000e-01 0.000000000000000000e+00
0.000000000000000000e+00 9.990234375000000000e-01 0.000000000000000000e+00
0.000000000000000000e+00 9.990234375000000000e-01 0.000000000000000000e+00
0.000000000000000000e+00 9.985351562500000000e-01 0.000000000000000000e+00
0.000000000000000000e+00 9.985351562500000000e-01 0.000000000000000000e+00
0.000000000000000000e+00 9.985351562500000000e-01 0.000000000000000000e+00
0.000000000000000000e+00 9.985351562500000000e-01 0.000000000000000000e+00
0.000000000000000000e+00 9.995117187500000000e-01 0.000000000000000000e+00
0.000000000000000000e+00 9.995117187500000000e-01 0.000000000000000000e+00
0.000000000000000000e+00 9.995117187500000000e-01 0.000000000000000000e+00
0.000000000000000000e+00 9.995117187500000000e-01 0.000000000000000000e+00
0.000000000000000000e+00 9.995117187500000000e-01 0.000000000000000000e+00
0.000000000000000000e+00 9.990234375000000000e-01 0.000000000000000000e+00
0.000000000000000000e+00 9.987792968750000000e-01 0.000000000000000000e+00
0.000000000000000000e+00 9.987792968750000000e-01 0.000000000000000000e+00
0.000000000000000000e+00 9.987792968750000000e-01 0.000000000000000000e+00
0.000000000000000000e+00 9.987792968750000000e-01 0.000000000000000000e+00
0.000000000000000000e+00 9.987792968750000000e-01 0.000000000000000000e+00
0.000000000000000000e+00 9.987792968750000000e-01 0.000000000000000000e+00
0.000000000000000000e+00 9.987792968750000000e-01 0.000000000000000000e+00
0.000000000000000000e+00 9.870605468750000000e-01 0.000000000000000000e+00
0.000000000000000000e+00 9.987792968750000000e-01 0.000000000000000000e+00
0.000000000000000000e+00 9.987792968750000000e-01 0.000000000000000000e+00
0.000000000000000000e+00 9.985351562500000000e-01 0.000000000000000000e+00
0.000000000000000000e+00 9.985351562500000000e-01 0.000000000000000000e+00
0.000000000000000000e+00 9.985351562500000000e-01 0.000000000000000000e+00
0.000000000000000000e+00 9.985351562500000000e-01 0.000000000000000000e+00
0.000000000000000000e+00 9.985351562500000000e-01 0.000000000000000000e+00
0.000000000000000000e+00 9.995117187500000000e-01 0.000000000000000000e+00
0.000000000000000000e+00 9.995117187500000000e-01 0.000000000000000000e+00
0.000000000000000000e+00 9.995117187500000000e-01 0.000000000000000000e+00
0.000000000000000000e+00 9.995117187500000000e-01 0.000000000000000000e+00
0.000000000000000000e+00 9.995117187500000000e-01 0.000000000000000000e+00
0.000000000000000000e+00 9.995117187500000000e-01 0.000000000000000000e+00
0.000000000000000000e+00 9.995117187500000000e-01 0.000000000000000000e+00
0.000000000000000000e+00 9.995117187500000000e-01 0.000000000000000000e+00
0.000000000000000000e+00 9.995117187500000000e-01 0.000000000000000000e+00
0.000000000000000000e+00 9.995117187500000000e-01 0.000000000000000000e+00
0.000000000000000000e+00 9.995117187500000000e-01 0.000000000000000000e+00
0.000000000000000000e+00 9.995117187500000000e-01 0.000000000000000000e+00
0.000000000000000000e+00 9.995117187500000000e-01 0.000000000000000000e+00
0.000000000000000000e+00 9.995117187500000000e-01 0.000000000000000000e+00
0.000000000000000000e+00 9.995117187500000000e-01 0.000000000000000000e+00
0.000000000000000000e+00 9.885253906250000000e-01 0.000000000000000000e+00
0.000000000000000000e+00 9.885253906250000000e-01 0.000000000000000000e+00
0.000000000000000000e+00 9.980468750000000000e-01 0.000000000000000000e+00
0.000000000000000000e+00 9.980468750000000000e-01 0.000000000000000000e+00
0.000000000000000000e+00 9.982910156250000000e-01 0.000000000000000000e+00
0.000000000000000000e+00 9.982910156250000000e-01 0.000000000000000000e+00
0.000000000000000000e+00 9.982910156250000000e-01 0.000000000000000000e+00
0.000000000000000000e+00 9.980468750000000000e-01 0.000000000000000000e+00
0.000000000000000000e+00 9.982910156250000000e-01 0.000000000000000000e+00
0.000000000000000000e+00 9.990234375000000000e-01 0.000000000000000000e+00
0.000000000000000000e+00 1.000000000000000000e+00 0.000000000000000000e+00
0.000000000000000000e+00 1.000000000000000000e+00 0.000000000000000000e+00
0.000000000000000000e+00 1.000000000000000000e+00 0.000000000000000000e+00
0.000000000000000000e+00 1.000000000000000000e+00 0.000000000000000000e+00
0.000000000000000000e+00 9.991455078125000000e-01 0.000000000000000000e+00
0.000000000000000000e+00 9.991455078125000000e-01 0.000000000000000000e+00
0.000000000000000000e+00 9.991455078125000000e-01 0.000000000000000000e+00
0.000000000000000000e+00 9.991455078125000000e-01 0.000000000000000000e+00
0.000000000000000000e+00 9.896240234375000000e-01 0.000000000000000000e+00
0.000000000000000000e+00 9.896240234375000000e-01 0.000000000000000000e+00
0.000000000000000000e+00 9.896240234375000000e-01 0.000000000000000000e+00
0.000000000000000000e+00 9.896240234375000000e-01 0.000000000000000000e+00
0.000000000000000000e+00 9.991455078125000000e-01 0.000000000000000000e+00
0.000000000000000000e+00 9.991455078125000000e-01 0.000000000000000000e+00
0.000000000000000000e+00 9.991455078125000000e-01 0.000000000000000000e+00
0.000000000000000000e+00 9.991455078125000000e-01 0.000000000000000000e+00
0.000000000000000000e+00 9.991455078125000000e-01 0.000000000000000000e+00
0.000000000000000000e+00 9.991455078125000000e-01 0.000000000000000000e+00
0.000000000000000000e+00 1.000366210937500000e+00 0.000000000000000000e+00
0.000000000000000000e+00 1.001464843750000000e+00 0.000000000000000000e+00
0.000000000000000000e+00 1.002197265625000000e+00 0.000000000000000000e+00
0.000000000000000000e+00 9.934082031250000000e-01 0.000000000000000000e+00
0.000000000000000000e+00 9.934082031250000000e-01 0.000000000000000000e+00
0.000000000000000000e+00 9.934082031250000000e-01 0.000000000000000000e+00
0.000000000000000000e+00 9.934082031250000000e-01 0.000000000000000000e+00
0.000000000000000000e+00 9.934082031250000000e-01 0.000000000000000000e+00
0.000000000000000000e+00 9.930419921875000000e-01 0.000000000000000000e+00
0.000000000000000000e+00 9.930419921875000000e-01 0.000000000000000000e+00
0.000000000000000000e+00 9.930419921875000000e-01 0.000000000000000000e+00
0.000000000000000000e+00 9.930419921875000000e-01 0.000000000000000000e+00
0.000000000000000000e+00 9.930419921875000000e-01 0.000000000000000000e+00
0.000000000000000000e+00 9.930419921875000000e-01 0.000000000000000000e+00
0.000000000000000000e+00 9.930419921875000000e-01 0.000000000000000000e+00
0.000000000000000000e+00 9.948730468750000000e-01 0.000000000000000000e+00
0.000000000000000000e+00 9.948730468750000000e-01 0.000000000000000000e+00
0.000000000000000000e+00 9.948730468750000000e-01 0.000000000000000000e+00
0.000000000000000000e+00 9.932861328125000000e-01 0.000000000000000000e+00
0.000000000000000000e+00 9.932861328125000000e-01 0.000000000000000000e+00
0.000000000000000000e+00 9.932861328125000000e-01 0.000000000000000000e+00
0.000000000000000000e+00 9.932861328125000000e-01 0.000000000000000000e+00
0.000000000000000000e+00 9.932861328125000000e-01 0.000000000000000000e+00
0.000000000000000000e+00 9.932861328125000000e-01 0.000000000000000000e+00
0.000000000000000000e+00 9.932861328125000000e-01 0.000000000000000000e+00
0.000000000000000000e+00 9.926757812500000000e-01 0.000000000000000000e+00
0.000000000000000000e+00 9.923095703125000000e-01 0.000000000000000000e+00
0.000000000000000000e+00 9.951171875000000000e-01 0.000000000000000000e+00
0.000000000000000000e+00 9.951171875000000000e-01 0.000000000000000000e+00
0.000000000000000000e+00 9.951171875000000000e-01 0.000000000000000000e+00
0.000000000000000000e+00 9.833984375000000000e-01 0.000000000000000000e+00
0.000000000000000000e+00 9.930419921875000000e-01 0.000000000000000000e+00
0.000000000000000000e+00 1.000000000000000000e+00 0.000000000000000000e+00
0.000000000000000000e+00 1.000000000000000000e+00 0.000000000000000000e+00
0.000000000000000000e+00 1.000000000000000000e+00 0.000000000000000000e+00
0.000000000000000000e+00 1.000000000000000000e+00 0.000000000000000000e+00
0.000000000000000000e+00 1.000000000000000000e+00 0.000000000000000000e+00
0.000000000000000000e+00 1.000000000000000000e+00 0.000000000000000000e+00
0.000000000000000000e+00 1.000000000000000000e+00 0.000000000000000000e+00
0.000000000000000000e+00 1.000000000000000000e+00 0.000000000000000000e+00
0.000000000000000000e+00 1.000000000000000000e+00 0.000000000000000000e+00
0.000000000000000000e+00 1.000000000000000000e+00 0.000000000000000000e+00
0.000000000000000000e+00 1.000000000000000000e+00 0.000000000000000000e+00
0.000000000000000000e+00 1.000000000000000000e+00 0.000000000000000000e+00
0.000000000000000000e+00 1.000000000000000000e+00 0.000000000000000000e+00
0.000000000000000000e+00 1.000000000000000000e+00 0.000000000000000000e+00
0.000000000000000000e+00 1.000000000000000000e+00 0.000000000000000000e+00
0.000000000000000000e+00 1.000000000000000000e+00 0.000000000000000000e+00
0.000000000000000000e+00 1.000000000000000000e+00 0.000000000000000000e+00
0.000000000000000000e+00 1.000000000000000000e+00 0.000000000000000000e+00
0.000000000000000000e+00 1.000000000000000000e+00 0.000000000000000000e+00
0.000000000000000000e+00 1.000000000000000000e+00 0.000000000000000000e+00
0.000000000000000000e+00 1.000000000000000000e+00 0.000000000000000000e+00
0.000000000000000000e+00 1.000000000000000000e+00 0.000000000000000000e+00
0.000000000000000000e+00 1.000000000000000000e+00 0.000000000000000000e+00
0.000000000000000000e+00 1.000000000000000000e+00 0.000000000000000000e+00
0.000000000000000000e+00 1.000000000000000000e+00 0.000000000000000000e+00
0.000000000000000000e+00 1.000000000000000000e+00 0.000000000000000000e+00
0.000000000000000000e+00 9.963378906250000000e-01 0.000000000000000000e+00
0.000000000000000000e+00 1.000000000000000000e+00 0.000000000000000000e+00
0.000000000000000000e+00 9.963378906250000000e-01 0.000000000000000000e+00
0.000000000000000000e+00 9.952392578125000000e-01 0.000000000000000000e+00
0.000000000000000000e+00 9.952392578125000000e-01 0.000000000000000000e+00
0.000000000000000000e+00 9.952392578125000000e-01 0.000000000000000000e+00
0.000000000000000000e+00 9.952392578125000000e-01 0.000000000000000000e+00
0.000000000000000000e+00 9.997558593750000000e-01 0.000000000000000000e+00
0.000000000000000000e+00 9.997558593750000000e-01 0.000000000000000000e+00
0.000000000000000000e+00 9.997558593750000000e-01 0.000000000000000000e+00
0.000000000000000000e+00 1.000000000000000000e+00 0.000000000000000000e+00
0.000000000000000000e+00 1.000000000000000000e+00 0.000000000000000000e+00
0.000000000000000000e+00 1.000000000000000000e+00 0.000000000000000000e+00
0.000000000000000000e+00 1.000000000000000000e+00 0.000000000000000000e+00
0.000000000000000000e+00 1.000000000000000000e+00 0.000000000000000000e+00
0.000000000000000000e+00 1.000000000000000000e+00 0.000000000000000000e+00
0.000000000000000000e+00 1.000000000000000000e+00 0.000000000000000000e+00
0.000000000000000000e+00 1.000000000000000000e+00 0.000000000000000000e+00
0.000000000000000000e+00 1.000000000000000000e+00 0.000000000000000000e+00
0.000000000000000000e+00 1.000000000000000000e+00 0.000000000000000000e+00
0.000000000000000000e+00 1.000000000000000000e+00 0.000000000000000000e+00
0.000000000000000000e+00 1.000000000000000000e+00 0.000000000000000000e+00
0.000000000000000000e+00 1.000000000000000000e+00 0.000000000000000000e+00
0.000000000000000000e+00 1.000000000000000000e+00 0.000000000000000000e+00
0.000000000000000000e+00 1.000000000000000000e+00 0.000000000000000000e+00
0.000000000000000000e+00 1.000000000000000000e+00 0.000000000000000000e+00
0.000000000000000000e+00 1.000000000000000000e+00 0.000000000000000000e+00
0.000000000000000000e+00 1.000000000000000000e+00 0.000000000000000000e+00
0.000000000000000000e+00 1.000000000000000000e+00 0.000000000000000000e+00
0.000000000000000000e+00 1.000000000000000000e+00 0.000000000000000000e+00
0.000000000000000000e+00 1.000000000000000000e+00 0.000000000000000000e+00
0.000000000000000000e+00 1.000000000000000000e+00 0.000000000000000000e+00
0.000000000000000000e+00 1.000000000000000000e+00 0.000000000000000000e+00
0.000000000000000000e+00 1.000000000000000000e+00 0.000000000000000000e+00
0.000000000000000000e+00 9.895019531250000000e-01 0.000000000000000000e+00
0.000000000000000000e+00 9.895019531250000000e-01 0.000000000000000000e+00
0.000000000000000000e+00 9.895019531250000000e-01 0.000000000000000000e+00
0.000000000000000000e+00 9.895019531250000000e-01 0.000000000000000000e+00
0.000000000000000000e+00 9.895019531250000000e-01 0.000000000000000000e+00
0.000000000000000000e+00 9.895019531250000000e-01 0.000000000000000000e+00
0.000000000000000000e+00 9.895019531250000000e-01 0.000000000000000000e+00
0.000000000000000000e+00 9.895019531250000000e-01 0.000000000000000000e+00
0.000000000000000000e+00 9.990234375000000000e-01 0.000000000000000000e+00
0.000000000000000000e+00 9.990234375000000000e-01 0.000000000000000000e+00
0.000000000000000000e+00 9.990234375000000000e-01 0.000000000000000000e+00
0.000000000000000000e+00 9.990234375000000000e-01 0.000000000000000000e+00
0.000000000000000000e+00 1.000732421875000000e+00 0.000000000000000000e+00
0.000000000000000000e+00 1.000732421875000000e+00 0.000000000000000000e+00
0.000000000000000000e+00 1.000732421875000000e+00 0.000000000000000000e+00
0.000000000000000000e+00 1.000732421875000000e+00 0.000000000000000000e+00
0.000000000000000000e+00 9.990234375000000000e-01 0.000000000000000000e+00
0.000000000000000000e+00 9.978027343750000000e-01 0.000000000000000000e+00
0.000000000000000000e+00 9.970703125000000000e-01 0.000000000000000000e+00
0.000000000000000000e+00 9.970703125000000000e-01 0.000000000000000000e+00
0.000000000000000000e+00 9.974365234375000000e-01 0.000000000000000000e+00
0.000000000000000000e+00 9.967041015625000000e-01 0.000000000000000000e+00
0.000000000000000000e+00 9.967041015625000000e-01 0.000000000000000000e+00
0.000000000000000000e+00 9.967041015625000000e-01 0.000000000000000000e+00
0.000000000000000000e+00 9.967041015625000000e-01 0.000000000000000000e+00
0.000000000000000000e+00 9.967041015625000000e-01 0.000000000000000000e+00
0.000000000000000000e+00 9.967041015625000000e-01 0.000000000000000000e+00
0.000000000000000000e+00 9.967041015625000000e-01 0.000000000000000000e+00
0.000000000000000000e+00 9.968261718750000000e-01 0.000000000000000000e+00
0.000000000000000000e+00 9.968261718750000000e-01 0.000000000000000000e+00
0.000000000000000000e+00 9.968261718750000000e-01 0.000000000000000000e+00
0.000000000000000000e+00 9.968261718750000000e-01 0.000000000000000000e+00
0.000000000000000000e+00 9.968261718750000000e-01 0.000000000000000000e+00
0.000000000000000000e+00 9.979248046875000000e-01 0.000000000000000000e+00
0.000000000000000000e+00 9.979248046875000000e-01 0.000000000000000000e+00
0.000000000000000000e+00 9.979248046875000000e-01 0.000000000000000000e+00
0.000000000000000000e+00 9.979248046875000000e-01 0.000000000000000000e+00
0.000000000000000000e+00 9.979248046875000000e-01 0.000000000000000000e+00
0.000000000000000000e+00 9.979248046875000000e-01 0.000000000000000000e+00
0.000000000000000000e+00 9.979248046875000000e-01 0.000000000000000000e+00
0.000000000000000000e+00 9.975585937500000000e-01 0.000000000000000000e+00
0.000000000000000000e+00 9.970703125000000000e-01 0.000000000000000000e+00
0.000000000000000000e+00 9.968261718750000000e-01 0.000000000000000000e+00
0.000000000000000000e+00 9.968261718750000000e-01 0.000000000000000000e+00
0.000000000000000000e+00 9.968261718750000000e-01 0.000000000000000000e+00
0.000000000000000000e+00 9.968261718750000000e-01 0.000000000000000000e+00
0.000000000000000000e+00 9.970703125000000000e-01 0.000000000000000000e+00
0.000000000000000000e+00 9.970703125000000000e-01 0.000000000000000000e+00
0.000000000000000000e+00 9.970703125000000000e-01 0.000000000000000000e+00
0.000000000000000000e+00 9.970703125000000000e-01 0.000000000000000000e+00
0.000000000000000000e+00 9.970703125000000000e-01 0.000000000000000000e+00
0.000000000000000000e+00 9.970703125000000000e-01 0.000000000000000000e+00
0.000000000000000000e+00 9.970703125000000000e-01 0.000000000000000000e+00
0.000000000000000000e+00 9.973144531250000000e-01 0.000000000000000000e+00
0.000000000000000000e+00 9.973144531250000000e-01 0.000000000000000000e+00
0.000000000000000000e+00 9.975585937500000000e-01 0.000000000000000000e+00
0.000000000000000000e+00 9.975585937500000000e-01 0.000000000000000000e+00
0.000000000000000000e+00 9.970703125000000000e-01 0.000000000000000000e+00
0.000000000000000000e+00 9.970703125000000000e-01 0.000000000000000000e+00
0.000000000000000000e+00 9.970703125000000000e-01 0.000000000000000000e+00
0.000000000000000000e+00 1.000000000000000000e+00 0.000000000000000000e+00
0.000000000000000000e+00 1.000000000000000000e+00 0.000000000000000000e+00
0.000000000000000000e+00 1.000000000000000000e+00 0.000000000000000000e+00
0.000000000000000000e+00 1.000000000000000000e+00 0.000000000000000000e+00
0.000000000000000000e+00 1.000000000000000000e+00 0.000000000000000000e+00
0.000000000000000000e+00 1.000000000000000000e+00 0.000000000000000000e+00
0.000000000000000000e+00 1.000000000000000000e+00 0.000000000000000000e+00
0.000000000000000000e+00 1.000000000000000000e+00 0.000000000000000000e+00
0.000000000000000000e+00 1.000000000000000000e+00 0.000000000000000000e+00
0.000000000000000000e+00 9.980468750000000000e-01 0.000000000000000000e+00
0.000000000000000000e+00 9.982910156250000000e-01 0.000000000000000000e+00
0.000000000000000000e+00 9.982910156250000000e-01 0.000000000000000000e+00
0.000000000000000000e+00 9.982910156250000000e-01 0.000000000000000000e+00
0.000000000000000000e+00 9.943847656250000000e-01 0.000000000000000000e+00
0.000000000000000000e+00 9.851074218750000000e-01 0.000000000000000000e+00
0.000000000000000000e+00 9.962158203125000000e-01 0.000000000000000000e+00
0.000000000000000000e+00 9.962158203125000000e-01 0.000000000000000000e+00
0.000000000000000000e+00 9.959716796875000000e-01 0.000000000000000000e+00
0.000000000000000000e+00 9.959716796875000000e-01 0.000000000000000000e+00
0.000000000000000000e+00 9.957275390625000000e-01 0.000000000000000000e+00
0.000000000000000000e+00 9.954833984375000000e-01 0.000000000000000000e+00
0.000000000000000000e+00 9.954833984375000000e-01 0.000000000000000000e+00
0.000000000000000000e+00 9.954833984375000000e-01 0.000000000000000000e+00
0.000000000000000000e+00 9.954833984375000000e-01 0.000000000000000000e+00
0.000000000000000000e+00 9.957275390625000000e-01 0.000000000000000000e+00
0.000000000000000000e+00 9.962158203125000000e-01 0.000000000000000000e+00
0.000000000000000000e+00 9.980468750000000000e-01 0.000000000000000000e+00
0.000000000000000000e+00 1.000000000000000000e+00 0.000000000000000000e+00
0.000000000000000000e+00 1.000000000000000000e+00 0.000000000000000000e+00
0.000000000000000000e+00 1.000000000000000000e+00 0.000000000000000000e+00
0.000000000000000000e+00 9.970703125000000000e-01 0.000000000000000000e+00
0.000000000000000000e+00 9.975585937500000000e-01 0.000000000000000000e+00
0.000000000000000000e+00 9.978027343750000000e-01 0.000000000000000000e+00
0.000000000000000000e+00 9.978027343750000000e-01 0.000000000000000000e+00
0.000000000000000000e+00 9.978027343750000000e-01 0.000000000000000000e+00
0.000000000000000000e+00 9.978027343750000000e-01 0.000000000000000000e+00
0.000000000000000000e+00 1.000000000000000000e+00 0.000000000000000000e+00
0.000000000000000000e+00 1.000976562500000000e+00 0.000000000000000000e+00
0.000000000000000000e+00 1.000976562500000000e+00 0.000000000000000000e+00
0.000000000000000000e+00 1.000854492187500000e+00 0.000000000000000000e+00
0.000000000000000000e+00 1.000854492187500000e+00 0.000000000000000000e+00
0.000000000000000000e+00 1.000854492187500000e+00 0.000000000000000000e+00
0.000000000000000000e+00 1.000854492187500000e+00 0.000000000000000000e+00
0.000000000000000000e+00 1.000854492187500000e+00 0.000000000000000000e+00
0.000000000000000000e+00 1.000976562500000000e+00 0.000000000000000000e+00
0.000000000000000000e+00 1.000976562500000000e+00 0.000000000000000000e+00
0.000000000000000000e+00 1.000976562500000000e+00 0.000000000000000000e+00
0.000000000000000000e+00 1.000976562500000000e+00 0.000000000000000000e+00
0.000000000000000000e+00 1.000000000000000000e+00 0.000000000000000000e+00
0.000000000000000000e+00 1.000000000000000000e+00 0.000000000000000000e+00
0.000000000000000000e+00 1.000000000000000000e+00 0.000000000000000000e+00
0.000000000000000000e+00 1.000000000000000000e+00 0.000000000000000000e+00
0.000000000000000000e+00 1.000000000000000000e+00 0.000000000000000000e+00
0.000000000000000000e+00 1.000000000000000000e+00 0.000000000000000000e+00
0.000000000000000000e+00 1.000000000000000000e+00 0.000000000000000000e+00
0.000000000000000000e+00 1.000000000000000000e+00 0.000000000000000000e+00
0.000000000000000000e+00 1.000000000000000000e+00 0.000000000000000000e+00
0.000000000000000000e+00 1.000000000000000000e+00 0.000000000000000000e+00
0.000000000000000000e+00 1.000000000000000000e+00 0.000000000000000000e+00
0.000000000000000000e+00 1.000000000000000000e+00 0.000000000000000000e+00
0.000000000000000000e+00 9.963378906250000000e-01 0.000000000000000000e+00
0.000000000000000000e+00 9.957275390625000000e-01 0.000000000000000000e+00
0.000000000000000000e+00 9.957275390625000000e-01 0.000000000000000000e+00
0.000000000000000000e+00 9.957275390625000000e-01 0.000000000000000000e+00
0.000000000000000000e+00 9.957275390625000000e-01 0.000000000000000000e+00
0.000000000000000000e+00 9.957275390625000000e-01 0.000000000000000000e+00
0.000000000000000000e+00 9.948730468750000000e-01 0.000000000000000000e+00
0.000000000000000000e+00 9.948730468750000000e-01 0.000000000000000000e+00
0.000000000000000000e+00 9.948730468750000000e-01 0.000000000000000000e+00
0.000000000000000000e+00 9.948730468750000000e-01 0.000000000000000000e+00
0.000000000000000000e+00 9.956054687500000000e-01 0.000000000000000000e+00
0.000000000000000000e+00 9.956054687500000000e-01 0.000000000000000000e+00
0.000000000000000000e+00 9.956054687500000000e-01 0.000000000000000000e+00
0.000000000000000000e+00 9.956054687500000000e-01 0.000000000000000000e+00
0.000000000000000000e+00 9.956054687500000000e-01 0.000000000000000000e+00
0.000000000000000000e+00 9.956054687500000000e-01 0.000000000000000000e+00
0.000000000000000000e+00 9.956054687500000000e-01 0.000000000000000000e+00
0.000000000000000000e+00 9.956054687500000000e-01 0.000000000000000000e+00
0.000000000000000000e+00 9.956054687500000000e-01 0.000000000000000000e+00
0.000000000000000000e+00 9.956054687500000000e-01 0.000000000000000000e+00
0.000000000000000000e+00 9.963378906250000000e-01 0.000000000000000000e+00
0.000000000000000000e+00 9.963378906250000000e-01 0.000000000000000000e+00
0.000000000000000000e+00 9.963378906250000000e-01 0.000000000000000000e+00
0.000000000000000000e+00 9.963378906250000000e-01 0.000000000000000000e+00
0.000000000000000000e+00 9.963378906250000000e-01 0.000000000000000000e+00
0.000000000000000000e+00 9.963378906250000000e-01 0.000000000000000000e+00
0.000000000000000000e+00 9.967041015625000000e-01 0.000000000000000000e+00
0.000000000000000000e+00 9.967041015625000000e-01 0.000000000000000000e+00
0.000000000000000000e+00 9.967041015625000000e-01 0.000000000000000000e+00
0.000000000000000000e+00 9.975585937500000000e-01 0.000000000000000000e+00
0.000000000000000000e+00 9.987792968750000000e-01 0.000000000000000000e+00
0.000000000000000000e+00 1.000000000000000000e+00 0.000000000000000000e+00
0.000000000000000000e+00 1.000000000000000000e+00 0.000000000000000000e+00
0.000000000000000000e+00 1.000000000000000000e+00 0.000000000000000000e+00
0.000000000000000000e+00 1.000000000000000000e+00 0.000000000000000000e+00
0.000000000000000000e+00 1.000000000000000000e+00 0.000000000000000000e+00
0.000000000000000000e+00 1.000000000000000000e+00 0.000000000000000000e+00
0.000000000000000000e+00 1.000000000000000000e+00 0.000000000000000000e+00
0.000000000000000000e+00 1.000000000000000000e+00 0.000000000000000000e+00
0.000000000000000000e+00 1.000000000000000000e+00 0.000000000000000000e+00
0.000000000000000000e+00 9.980468750000000000e-01 0.000000000000000000e+00
0.000000000000000000e+00 9.960937500000000000e-01 0.000000000000000000e+00
0.000000000000000000e+00 9.960937500000000000e-01 0.000000000000000000e+00
0.000000000000000000e+00 9.960937500000000000e-01 0.000000000000000000e+00
0.000000000000000000e+00 9.960937500000000000e-01 0.000000000000000000e+00
0.000000000000000000e+00 9.946289062500000000e-01 0.000000000000000000e+00
0.000000000000000000e+00 9.946289062500000000e-01 0.000000000000000000e+00
0.000000000000000000e+00 9.946289062500000000e-01 0.000000000000000000e+00
0.000000000000000000e+00 9.946289062500000000e-01 0.000000000000000000e+00
0.000000000000000000e+00 9.946289062500000000e-01 0.000000000000000000e+00
0.000000000000000000e+00 9.948730468750000000e-01 0.000000000000000000e+00
0.000000000000000000e+00 9.956054687500000000e-01 0.000000000000000000e+00
0.000000000000000000e+00 9.956054687500000000e-01 0.000000000000000000e+00
0.000000000000000000e+00 9.963378906250000000e-01 0.000000000000000000e+00
0.000000000000000000e+00 9.963378906250000000e-01 0.000000000000000000e+00
0.000000000000000000e+00 9.963378906250000000e-01 0.000000000000000000e+00
0.000000000000000000e+00 9.963378906250000000e-01 0.000000000000000000e+00
0.000000000000000000e+00 9.963378906250000000e-01 0.000000000000000000e+00
0.000000000000000000e+00 9.963378906250000000e-01 0.000000000000000000e+00
0.000000000000000000e+00 9.963378906250000000e-01 0.000000000000000000e+00
0.000000000000000000e+00 9.943847656250000000e-01 0.000000000000000000e+00
0.000000000000000000e+00 9.959716796875000000e-01 0.000000000000000000e+00
0.000000000000000000e+00 9.975585937500000000e-01 0.000000000000000000e+00
0.000000000000000000e+00 9.981689453125000000e-01 0.000000000000000000e+00
0.000000000000000000e+00 9.981689453125000000e-01 0.000000000000000000e+00
0.000000000000000000e+00 9.981689453125000000e-01 0.000000000000000000e+00
0.000000000000000000e+00 9.985351562500000000e-01 0.000000000000000000e+00
0.000000000000000000e+00 9.985351562500000000e-01 0.000000000000000000e+00
0.000000000000000000e+00 9.985351562500000000e-01 0.000000000000000000e+00
0.000000000000000000e+00 9.985351562500000000e-01 0.000000000000000000e+00
0.000000000000000000e+00 9.985351562500000000e-01 0.000000000000000000e+00
0.000000000000000000e+00 9.985351562500000000e-01 0.000000000000000000e+00
0.000000000000000000e+00 9.982910156250000000e-01 0.000000000000000000e+00
0.000000000000000000e+00 9.981689453125000000e-01 0.000000000000000000e+00
0.000000000000000000e+00 9.989013671875000000e-01 0.000000000000000000e+00
0.000000000000000000e+00 9.989013671875000000e-01 0.000000000000000000e+00
0.000000000000000000e+00 9.993896484375000000e-01 0.000000000000000000e+00
0.000000000000000000e+00 9.993896484375000000e-01 0.000000000000000000e+00
0.000000000000000000e+00 9.993896484375000000e-01 0.000000000000000000e+00
0.000000000000000000e+00 9.990234375000000000e-01 0.000000000000000000e+00
0.000000000000000000e+00 9.990234375000000000e-01 0.000000000000000000e+00
0.000000000000000000e+00 9.989013671875000000e-01 0.000000000000000000e+00
0.000000000000000000e+00 9.989013671875000000e-01 0.000000000000000000e+00
0.000000000000000000e+00 9.989013671875000000e-01 0.000000000000000000e+00
0.000000000000000000e+00 9.989013671875000000e-01 0.000000000000000000e+00
0.000000000000000000e+00 9.989013671875000000e-01 0.000000000000000000e+00
0.000000000000000000e+00 9.989013671875000000e-01 0.000000000000000000e+00
0.000000000000000000e+00 9.992675781250000000e-01 0.000000000000000000e+00
0.000000000000000000e+00 9.992675781250000000e-01 0.000000000000000000e+00
0.000000000000000000e+00 9.997558593750000000e-01 0.000000000000000000e+00
0.000000000000000000e+00 9.997558593750000000e-01 0.000000000000000000e+00
0.000000000000000000e+00 9.997558593750000000e-01 0.000000000000000000e+00
0.000000000000000000e+00 9.997558593750000000e-01 0.000000000000000000e+00
0.000000000000000000e+00 9.998779296875000000e-01 0.000000000000000000e+00
0.000000000000000000e+00 1.000000000000000000e+00 0.000000000000000000e+00
0.000000000000000000e+00 1.000000000000000000e+00 0.000000000000000000e+00
0.000000000000000000e+00 9.984130859375000000e-01 0.000000000000000000e+00
0.000000000000000000e+00 9.984130859375000000e-01 0.000000000000000000e+00
0.000000000000000000e+00 9.984130859375000000e-01 0.000000000000000000e+00
0.000000000000000000e+00 9.984130859375000000e-01 0.000000000000000000e+00
0.000000000000000000e+00 9.986572265625000000e-01 0.000000000000000000e+00
0.000000000000000000e+00 9.989013671875000000e-01 0.000000000000000000e+00
0.000000000000000000e+00 9.989013671875000000e-01 0.000000000000000000e+00
0.000000000000000000e+00 9.989013671875000000e-01 0.000000000000000000e+00
0.000000000000000000e+00 9.989013671875000000e-01 0.000000000000000000e+00
0.000000000000000000e+00 9.989013671875000000e-01 0.000000000000000000e+00
0.000000000000000000e+00 1.000000000000000000e+00 0.000000000000000000e+00
0.000000000000000000e+00 9.989013671875000000e-01 0.000000000000000000e+00
0.000000000000000000e+00 9.991455078125000000e-01 0.000000000000000000e+00
0.000000000000000000e+00 9.993896484375000000e-01 0.000000000000000000e+00
0.000000000000000000e+00 9.993896484375000000e-01 0.000000000000000000e+00
0.000000000000000000e+00 9.993896484375000000e-01 0.000000000000000000e+00
0.000000000000000000e+00 9.993896484375000000e-01 0.000000000000000000e+00
0.000000000000000000e+00 9.993896484375000000e-01 0.000000000000000000e+00
0.000000000000000000e+00 9.991455078125000000e-01 0.000000000000000000e+00
0.000000000000000000e+00 9.991455078125000000e-01 0.000000000000000000e+00
0.000000000000000000e+00 9.989013671875000000e-01 0.000000000000000000e+00
0.000000000000000000e+00 9.989013671875000000e-01 0.000000000000000000e+00
0.000000000000000000e+00 9.990234375000000000e-01 0.000000000000000000e+00
0.000000000000000000e+00 9.990234375000000000e-01 0.000000000000000000e+00
0.000000000000000000e+00 1.000000000000000000e+00 0.000000000000000000e+00
0.000000000000000000e+00 1.000000000000000000e+00 0.000000000000000000e+00
0.000000000000000000e+00 9.904785156250000000e-01 0.000000000000000000e+00
0.000000000000000000e+00 9.904785156250000000e-01 0.000000000000000000e+00
0.000000000000000000e+00 9.904785156250000000e-01 0.000000000000000000e+00
0.000000000000000000e+00 1.000000000000000000e+00 0.000000000000000000e+00
0.000000000000000000e+00 1.000000000000000000e+00 0.000000000000000000e+00
0.000000000000000000e+00 1.000000000000000000e+00 0.000000000000000000e+00
0.000000000000000000e+00 1.000000000000000000e+00 0.000000000000000000e+00
0.000000000000000000e+00 1.000000000000000000e+00 0.000000000000000000e+00
0.000000000000000000e+00 1.000000000000000000e+00 0.000000000000000000e+00
0.000000000000000000e+00 1.000000000000000000e+00 0.000000000000000000e+00
0.000000000000000000e+00 1.000000000000000000e+00 0.000000000000000000e+00
0.000000000000000000e+00 1.000000000000000000e+00 0.000000000000000000e+00
0.000000000000000000e+00 1.000000000000000000e+00 0.000000000000000000e+00
0.000000000000000000e+00 1.000000000000000000e+00 0.000000000000000000e+00
0.000000000000000000e+00 1.000000000000000000e+00 0.000000000000000000e+00
0.000000000000000000e+00 1.000000000000000000e+00 0.000000000000000000e+00
0.000000000000000000e+00 1.000000000000000000e+00 0.000000000000000000e+00
0.000000000000000000e+00 1.000000000000000000e+00 0.000000000000000000e+00
0.000000000000000000e+00 1.000000000000000000e+00 0.000000000000000000e+00
0.000000000000000000e+00 1.000000000000000000e+00 0.000000000000000000e+00
0.000000000000000000e+00 1.000000000000000000e+00 0.000000000000000000e+00
0.000000000000000000e+00 1.000000000000000000e+00 0.000000000000000000e+00
0.000000000000000000e+00 1.000000000000000000e+00 0.000000000000000000e+00
0.000000000000000000e+00 1.000000000000000000e+00 0.000000000000000000e+00
0.000000000000000000e+00 1.000000000000000000e+00 0.000000000000000000e+00
0.000000000000000000e+00 1.000000000000000000e+00 0.000000000000000000e+00
0.000000000000000000e+00 1.000000000000000000e+00 0.000000000000000000e+00
0.000000000000000000e+00 1.000000000000000000e+00 0.000000000000000000e+00
0.000000000000000000e+00 9.965820312500000000e-01 0.000000000000000000e+00
0.000000000000000000e+00 9.965820312500000000e-01 0.000000000000000000e+00
0.000000000000000000e+00 9.965820312500000000e-01 0.000000000000000000e+00
0.000000000000000000e+00 9.963378906250000000e-01 0.000000000000000000e+00
0.000000000000000000e+00 9.963378906250000000e-01 0.000000000000000000e+00
0.000000000000000000e+00 9.965820312500000000e-01 0.000000000000000000e+00
0.000000000000000000e+00 9.968261718750000000e-01 0.000000000000000000e+00
0.000000000000000000e+00 9.968261718750000000e-01 0.000000000000000000e+00
0.000000000000000000e+00 9.968261718750000000e-01 0.000000000000000000e+00
0.000000000000000000e+00 9.968261718750000000e-01 0.000000000000000000e+00
0.000000000000000000e+00 9.968261718750000000e-01 0.000000000000000000e+00
0.000000000000000000e+00 9.968261718750000000e-01 0.000000000000000000e+00
0.000000000000000000e+00 9.968261718750000000e-01 0.000000000000000000e+00
0.000000000000000000e+00 9.968261718750000000e-01 0.000000000000000000e+00
0.000000000000000000e+00 9.968261718750000000e-01 0.000000000000000000e+00
0.000000000000000000e+00 9.968261718750000000e-01 0.000000000000000000e+00
0.000000000000000000e+00 9.968261718750000000e-01 0.000000000000000000e+00
0.000000000000000000e+00 9.968261718750000000e-01 0.000000000000000000e+00
0.000000000000000000e+00 9.968261718750000000e-01 0.000000000000000000e+00
0.000000000000000000e+00 9.968261718750000000e-01 0.000000000000000000e+00
0.000000000000000000e+00 9.968261718750000000e-01 0.000000000000000000e+00
0.000000000000000000e+00 9.968261718750000000e-01 0.000000000000000000e+00
0.000000000000000000e+00 9.965820312500000000e-01 0.000000000000000000e+00
0.000000000000000000e+00 9.965820312500000000e-01 0.000000000000000000e+00
0.000000000000000000e+00 9.936523437500000000e-01 0.000000000000000000e+00
0.000000000000000000e+00 9.936523437500000000e-01 0.000000000000000000e+00
0.000000000000000000e+00 9.938964843750000000e-01 0.000000000000000000e+00
0.000000000000000000e+00 9.938964843750000000e-01 0.000000000000000000e+00
0.000000000000000000e+00 9.938964843750000000e-01 0.000000000000000000e+00
0.000000000000000000e+00 9.938964843750000000e-01 0.000000000000000000e+00
0.000000000000000000e+00 9.963378906250000000e-01 0.000000000000000000e+00
0.000000000000000000e+00 9.969482421875000000e-01 0.000000000000000000e+00
0.000000000000000000e+00 9.953613281250000000e-01 0.000000000000000000e+00
0.000000000000000000e+00 9.953613281250000000e-01 0.000000000000000000e+00
0.000000000000000000e+00 9.953613281250000000e-01 0.000000000000000000e+00
0.000000000000000000e+00 9.953613281250000000e-01 0.000000000000000000e+00
0.000000000000000000e+00 9.953613281250000000e-01 0.000000000000000000e+00
0.000000000000000000e+00 9.953613281250000000e-01 0.000000000000000000e+00
0.000000000000000000e+00 9.953613281250000000e-01 0.000000000000000000e+00
0.000000000000000000e+00 9.953613281250000000e-01 0.000000000000000000e+00
0.000000000000000000e+00 9.953613281250000000e-01 0.000000000000000000e+00
0.000000000000000000e+00 9.953613281250000000e-01 0.000000000000000000e+00
0.000000000000000000e+00 9.954833984375000000e-01 0.000000000000000000e+00
0.000000000000000000e+00 9.957275390625000000e-01 0.000000000000000000e+00
0.000000000000000000e+00 9.957275390625000000e-01 0.000000000000000000e+00
0.000000000000000000e+00 9.970703125000000000e-01 0.000000000000000000e+00
0.000000000000000000e+00 9.970703125000000000e-01 0.000000000000000000e+00
0.000000000000000000e+00 9.970703125000000000e-01 0.000000000000000000e+00
0.000000000000000000e+00 9.970703125000000000e-01 0.000000000000000000e+00
0.000000000000000000e+00 9.963378906250000000e-01 0.000000000000000000e+00
0.000000000000000000e+00 9.965820312500000000e-01 0.000000000000000000e+00
0.000000000000000000e+00 9.978027343750000000e-01 0.000000000000000000e+00
0.000000000000000000e+00 9.978027343750000000e-01 0.000000000000000000e+00
0.000000000000000000e+00 1.000244140625000000e+00 0.000000000000000000e+00
0.000000000000000000e+00 1.000244140625000000e+00 0.000000000000000000e+00
0.000000000000000000e+00 9.995117187500000000e-01 0.000000000000000000e+00
0.000000000000000000e+00 9.995117187500000000e-01 0.000000000000000000e+00
0.000000000000000000e+00 9.995117187500000000e-01 0.000000000000000000e+00
0.000000000000000000e+00 9.995117187500000000e-01 0.000000000000000000e+00
0.000000000000000000e+00 9.995117187500000000e-01 0.000000000000000000e+00
0.000000000000000000e+00 9.995117187500000000e-01 0.000000000000000000e+00
0.000000000000000000e+00 9.995117187500000000e-01 0.000000000000000000e+00
0.000000000000000000e+00 9.995117187500000000e-01 0.000000000000000000e+00
0.000000000000000000e+00 9.995117187500000000e-01 0.000000000000000000e+00
0.000000000000000000e+00 9.995117187500000000e-01 0.000000000000000000e+00
0.000000000000000000e+00 9.995117187500000000e-01 0.000000000000000000e+00
0.000000000000000000e+00 9.995117187500000000e-01 0.000000000000000000e+00
0.000000000000000000e+00 9.979248046875000000e-01 0.000000000000000000e+00
0.000000000000000000e+00 9.979248046875000000e-01 0.000000000000000000e+00
0.000000000000000000e+00 9.979248046875000000e-01 0.000000000000000000e+00
0.000000000000000000e+00 9.993896484375000000e-01 0.000000000000000000e+00
0.000000000000000000e+00 1.000244140625000000e+00 0.000000000000000000e+00
0.000000000000000000e+00 1.000732421875000000e+00 0.000000000000000000e+00
0.000000000000000000e+00 1.000488281250000000e+00 0.000000000000000000e+00
0.000000000000000000e+00 1.000488281250000000e+00 0.000000000000000000e+00
0.000000000000000000e+00 9.910888671875000000e-01 0.000000000000000000e+00
0.000000000000000000e+00 9.910888671875000000e-01 0.000000000000000000e+00
0.000000000000000000e+00 1.000244140625000000e+00 0.000000000000000000e+00
0.000000000000000000e+00 1.000000000000000000e+00 0.000000000000000000e+00
0.000000000000000000e+00 1.000000000000000000e+00 0.000000000000000000e+00
0.000000000000000000e+00 1.000000000000000000e+00 0.000000000000000000e+00
0.000000000000000000e+00 1.000000000000000000e+00 0.000000000000000000e+00
0.000000000000000000e+00 1.000000000000000000e+00 0.000000000000000000e+00
0.000000000000000000e+00 1.000000000000000000e+00 0.000000000000000000e+00
0.000000000000000000e+00 1.000000000000000000e+00 0.000000000000000000e+00
0.000000000000000000e+00 1.000000000000000000e+00 0.000000000000000000e+00
0.000000000000000000e+00 1.000000000000000000e+00 0.000000000000000000e+00
0.000000000000000000e+00 1.000000000000000000e+00 0.000000000000000000e+00
0.000000000000000000e+00 1.000000000000000000e+00 0.000000000000000000e+00
0.000000000000000000e+00 1.000000000000000000e+00 0.000000000000000000e+00
0.000000000000000000e+00 1.000000000000000000e+00 0.000000000000000000e+00
0.000000000000000000e+00 9.978027343750000000e-01 0.000000000000000000e+00
0.000000000000000000e+00 9.982910156250000000e-01 0.000000000000000000e+00
0.000000000000000000e+00 9.987792968750000000e-01 0.000000000000000000e+00
0.000000000000000000e+00 9.990234375000000000e-01 0.000000000000000000e+00
0.000000000000000000e+00 9.992675781250000000e-01 0.000000000000000000e+00
0.000000000000000000e+00 9.992675781250000000e-01 0.000000000000000000e+00
0.000000000000000000e+00 9.992675781250000000e-01 0.000000000000000000e+00
0.000000000000000000e+00 9.992675781250000000e-01 0.000000000000000000e+00
0.000000000000000000e+00 9.995117187500000000e-01 0.000000000000000000e+00
0.000000000000000000e+00 9.995117187500000000e-01 0.000000000000000000e+00
0.000000000000000000e+00 9.995117187500000000e-01 0.000000000000000000e+00
0.000000000000000000e+00 9.995117187500000000e-01 0.000000000000000000e+00
0.000000000000000000e+00 9.997558593750000000e-01 0.000000000000000000e+00
0.000000000000000000e+00 9.997558593750000000e-01 0.000000000000000000e+00
0.000000000000000000e+00 9.997558593750000000e-01 0.000000000000000000e+00
0.000000000000000000e+00 9.997558593750000000e-01 0.000000000000000000e+00
0.000000000000000000e+00 9.997558593750000000e-01 0.000000000000000000e+00
0.000000000000000000e+00 9.997558593750000000e-01 0.000000000000000000e+00
0.000000000000000000e+00 9.995117187500000000e-01 0.000000000000000000e+00
0.000000000000000000e+00 9.995117187500000000e-01 0.000000000000000000e+00
0.000000000000000000e+00 9.995117187500000000e-01 0.000000000000000000e+00
0.000000000000000000e+00 9.995117187500000000e-01 0.000000000000000000e+00
0.000000000000000000e+00 9.995117187500000000e-01 0.000000000000000000e+00
0.000000000000000000e+00 1.000000000000000000e+00 0.000000000000000000e+00
0.000000000000000000e+00 1.000000000000000000e+00 0.000000000000000000e+00
0.000000000000000000e+00 1.000000000000000000e+00 0.000000000000000000e+00
0.000000000000000000e+00 1.000000000000000000e+00 0.000000000000000000e+00
0.000000000000000000e+00 9.904785156250000000e-01 0.000000000000000000e+00
0.000000000000000000e+00 1.000000000000000000e+00 0.000000000000000000e+00
0.000000000000000000e+00 9.904785156250000000e-01 0.000000000000000000e+00
0.000000000000000000e+00 9.904785156250000000e-01 0.000000000000000000e+00
0.000000000000000000e+00 9.904785156250000000e-01 0.000000000000000000e+00
0.000000000000000000e+00 1.000000000000000000e+00 0.000000000000000000e+00
0.000000000000000000e+00 1.000000000000000000e+00 0.000000000000000000e+00
0.000000000000000000e+00 1.000000000000000000e+00 0.000000000000000000e+00
0.000000000000000000e+00 1.000000000000000000e+00 0.000000000000000000e+00
0.000000000000000000e+00 1.000000000000000000e+00 0.000000000000000000e+00
0.000000000000000000e+00 1.000000000000000000e+00 0.000000000000000000e+00
0.000000000000000000e+00 1.000000000000000000e+00 0.000000000000000000e+00
0.000000000000000000e+00 1.000000000000000000e+00 0.000000000000000000e+00
0.000000000000000000e+00 1.000000000000000000e+00 0.000000000000000000e+00
0.000000000000000000e+00 1.000000000000000000e+00 0.000000000000000000e+00
0.000000000000000000e+00 1.000000000000000000e+00 0.000000000000000000e+00
0.000000000000000000e+00 1.000000000000000000e+00 0.000000000000000000e+00
0.000000000000000000e+00 1.000000000000000000e+00 0.000000000000000000e+00
0.000000000000000000e+00 1.000000000000000000e+00 0.000000000000000000e+00
0.000000000000000000e+00 1.000000000000000000e+00 0.000000000000000000e+00
0.000000000000000000e+00 1.000000000000000000e+00 0.000000000000000000e+00
0.000000000000000000e+00 1.000000000000000000e+00 0.000000000000000000e+00
0.000000000000000000e+00 1.000000000000000000e+00 0.000000000000000000e+00
0.000000000000000000e+00 1.000000000000000000e+00 0.000000000000000000e+00
0.000000000000000000e+00 1.000000000000000000e+00 0.000000000000000000e+00
0.000000000000000000e+00 1.000000000000000000e+00 0.000000000000000000e+00
0.000000000000000000e+00 1.000000000000000000e+00 0.000000000000000000e+00
0.000000000000000000e+00 1.000000000000000000e+00 0.000000000000000000e+00
0.000000000000000000e+00 1.000000000000000000e+00 0.000000000000000000e+00
0.000000000000000000e+00 1.000000000000000000e+00 0.000000000000000000e+00
