2.000000000000000000e+00 0.000000000000000000e+00 1.000000000000000000e+00
2.000000000000000000e+00 0.000000000000000000e+00 1.000000000000000000e+00
2.000000000000000000e+00 0.000000000000000000e+00 1.000000000000000000e+00
2.000000000000000000e+00 0.000000000000000000e+00 1.000000000000000000e+00
1.108459472656250000e+00 0.000000000000000000e+00 2.770996093750000000e-01
0.000000000000000000e+00 5.511474609375000000e-02 0.000000000000000000e+00
0.000000000000000000e+00 4.376220703125000000e-02 0.000000000000000000e+00
0.000000000000000000e+00 1.708984375000000000e-03 0.000000000000000000e+00
0.000000000000000000e+00 8.176269531250000000e-01 0.000000000000000000e+00
0.000000000000000000e+00 8.280029296875000000e-01 0.000000000000000000e+00
0.000000000000000000e+00 8.763427734375000000e-01 0.000000000000000000e+00
0.000000000000000000e+00 8.763427734375000000e-01 0.000000000000000000e+00
0.000000000000000000e+00 8.724365234375000000e-01 0.000000000000000000e+00
0.000000000000000000e+00 8.715209960937500000e-01 0.000000000000000000e+00
0.000000000000000000e+00 8.719482421875000000e-01 0.000000000000000000e+00
0.000000000000000000e+00 8.720703125000000000e-01 0.000000000000000000e+00
0.000000000000000000e+00 8.720703125000000000e-01 0.000000000000000000e+00
0.000000000000000000e+00 8.730468750000000000e-01 0.000000000000000000e+00
0.000000000000000000e+00 8.695068359375000000e-01 0.000000000000000000e+00
0.000000000000000000e+00 8.701782226562500000e-01 0.000000000000000000e+00
0.000000000000000000e+00 8.754882812500000000e-01 0.000000000000000000e+00
0.000000000000000000e+00 8.774414062500000000e-01 0.000000000000000000e+00
0.000000000000000000e+00 8.774414062500000000e-01 0.000000000000000000e+00
0.000000000000000000e+00 8.875732421875000000e-01 0.000000000000000000e+00
0.000000000000000000e+00 8.878173828125000000e-01 0.000000000000000000e+00
0.000000000000000000e+00 8.878173828125000000e-01 0.000000000000000000e+00
0.000000000000000000e+00 8.878173828125000000e-01 0.000000000000000000e+00
0.000000000000000000e+00 8.878173828125000000e-01 0.000000000000000000e+00
0.000000000000000000e+00 8.878173828125000000e-01 0.000000000000000000e+00
0.000000000000000000e+00 8.878173828125000000e-01 0.000000000000000000e+00
0.000000000000000000e+00 8.878173828125000000e-01 0.000000000000000000e+00
0.000000000000000000e+00 8.878173828125000000e-01 0.000000000000000000e+00
0.000000000000000000e+00 8.853759765625000000e-01 0.000000000000000000e+00
0.000000000000000000e+00 8.858642578125000000e-01 0.000000000000000000e+00
0.000000000000000000e+00 8.858642578125000000e-01 0.000000000000000000e+00
0.000000000000000000e+00 8.854980468750000000e-01 0.000000000000000000e+00
0.000000000000000000e+00 8.854980468750000000e-01 0.000000000000000000e+00
0.000000000000000000e+00 8.858642578125000000e-01 0.000000000000000000e+00
0.000000000000000000e+00 8.858032226562500000e-01 0.000000000000000000e+00
0.000000000000000000e+00 8.853759765625000000e-01 0.000000000000000000e+00
0.000000000000000000e+00 8.858032226562500000e-01 0.000000000000000000e+00
0.000000000000000000e+00 8.858032226562500000e-01 0.000000000000000000e+00
0.000000000000000000e+00 8.857421875000000000e-01 0.000000000000000000e+00
0.000000000000000000e+00 8.857421875000000000e-01 0.000000000000000000e+00
0.000000000000000000e+00 8.857421875000000000e-01 0.000000000000000000e+00
0.000000000000000000e+00 8.858032226562500000e-01 0.000000000000000000e+00
0.000000000000000000e+00 8.858032226562500000e-01 0.000000000000000000e+00
0.000000000000000000e+00 8.858032226562500000e-01 0.000000000000000000e+00
0.000000000000000000e+00 8.858032226562500000e-01 0.000000000000000000e+00
0.000000000000000000e+00 8.858032226562500000e-01 0.000000000000000000e+00
0.000000000000000000e+00 8.911132812500000000e-01 0.000000000000000000e+00
0.000000000000000000e+00 8.917236328125000000e-01 0.000000000000000000e+00
0.000000000000000000e+00 8.928222656250000000e-01 0.000000000000000000e+00
0.000000000000000000e+00 8.867187500000000000e-01 0.000000000000000000e+00
0.000000000000000000e+00 8.935546875000000000e-01 0.000000000000000000e+00
0.000000000000000000e+00 8.937988281250000000e-01 0.000000000000000000e+00
0.000000000000000000e+00 8.937988281250000000e-01 0.000000000000000000e+00
0.000000000000000000e+00 8.920898437500000000e-01 0.000000000000000000e+00
0.000000000000000000e+00 8.920898437500000000e-01 0.000000000000000000e+00
0.000000000000000000e+00 8.909912109375000000e-01 0.000000000000000000e+00
0.000000000000000000e+00 1.000000000000000000e+00 0.000000000000000000e+00
0.000000000000000000e+00 1.000000000000000000e+00 0.000000000000000000e+00
0.000000000000000000e+00 1.000000000000000000e+00 0.000000000000000000e+00
0.000000000000000000e+00 1.000000000000000000e+00 0.000000000000000000e+00
0.000000000000000000e+00 1.000000000000000000e+00 0.000000000000000000e+00
0.000000000000000000e+00 1.000000000000000000e+00 0.000000000000000000e+00
0.000000000000000000e+00 1.000000000000000000e+00 0.000000000000000000e+00
0.000000000000000000e+00 1.000000000000000000e+00 0.000000000000000000e+00
0.000000000000000000e+00 1.000000000000000000e+00 0.000000000000000000e+00
0.000000000000000000e+00 1.000000000000000000e+00 0.000000000000000000e+00
0.000000000000000000e+00 1.000000000000000000e+00 0.000000000000000000e+00
0.000000000000000000e+00 1.000000000000000000e+00 0.000000000000000000e+00
0.000000000000000000e+00 1.000000000000000000e+00 0.000000000000000000e+00
0.000000000000000000e+00 9.985351562500000000e-01 0.000000000000000000e+00
0.000000000000000000e+00 1.000000000000000000e+00 0.000000000000000000e+00
0.000000000000000000e+00 1.000000000000000000e+00 0.000000000000000000e+00
0.000000000000000000e+00 1.000000000000000000e+00 0.000000000000000000e+00
0.000000000000000000e+00 1.000000000000000000e+00 0.000000000000000000e+00
0.000000000000000000e+00 1.000000000000000000e+00 0.000000000000000000e+00
0.000000000000000000e+00 1.000000000000000000e+00 0.000000000000000000e+00
0.000000000000000000e+00 1.000000000000000000e+00 0.000000000000000000e+00
0.000000000000000000e+00 1.000000000000000000e+00 0.000000000000000000e+00
0.000000000000000000e+00 1.000000000000000000e+00 0.000000000000000000e+00
0.000000000000000000e+00 1.000000000000000000e+00 0.000000000000000000e+00
0.000000000000000000e+00 1.000000000000000000e+00 0.000000000000000000e+00
0.000000000000000000e+00 1.000000000000000000e+00 0.000000000000000000e+00
0.000000000000000000e+00 1.000000000000000000e+00 0.000000000000000000e+00
0.000000000000000000e+00 1.000000000000000000e+00 0.000000000000000000e+00
0.000000000000000000e+00 1.000000000000000000e+00 0.000000000000000000e+00
0.000000000000000000e+00 1.000000000000000000e+00 0.000000000000000000e+00
0.000000000000000000e+00 1.000000000000000000e+00 0.000000000000000000e+00
0.000000000000000000e+00 1.000000000000000000e+00 0.000000000000000000e+00
0.000000000000000000e+00 1.000000000000000000e+00 0.000000000000000000e+00
0.000000000000000000e+00 1.000000000000000000e+00 0.000000000000000000e+00
0.000000000000000000e+00 1.000000000000000000e+00 0.000000000000000000e+00
0.000000000000000000e+00 1.000000000000000000e+00 0.000000000000000000e+00
0.000000000000000000e+00 1.000000000000000000e+00 0.000000000000000000e+00
0.000000000000000000e+00 1.000000000000000000e+00 0.000000000000000000e+00
0.000000000000000000e+00 1.000000000000000000e+00 0.000000000000000000e+00
0.000000000000000000e+00 1.000000000000000000e+00 0.000000000000000000e+00
0.000000000000000000e+00 1.000000000000000000e+00 0.000000000000000000e+00
0.000000000000000000e+00 1.000000000000000000e+00 0.000000000000000000e+00
0.000000000000000000e+00 1.000000000000000000e+00 0.000000000000000000e+00
0.000000000000000000e+00 1.000000000000000000e+00 0.000000000000000000e+00
0.000000000000000000e+00 1.000000000000000000e+00 0.000000000000000000e+00
0.000000000000000000e+00 1.000000000000000000e+00 0.000000000000000000e+00
0.000000000000000000e+00 1.000000000000000000e+00 0.000000000000000000e+00
0.000000000000000000e+00 1.000000000000000000e+00 0.000000000000000000e+00
0.000000000000000000e+00 1.000000000000000000e+00 0.000000000000000000e+00
0.000000000000000000e+00 1.000000000000000000e+00 0.000000000000000000e+00
0.000000000000000000e+00 1.000000000000000000e+00 0.000000000000000000e+00
0.000000000000000000e+00 1.000000000000000000e+00 0.000000000000000000e+00
0.000000000000000000e+00 1.000000000000000000e+00 0.000000000000000000e+00
0.000000000000000000e+00 1.000000000000000000e+00 0.000000000000000000e+00
0.000000000000000000e+00 1.000000000000000000e+00 0.000000000000000000e+00
0.000000000000000000e+00 1.000000000000000000e+00 0.000000000000000000e+00
0.000000000000000000e+00 1.000000000000000000e+00 0.000000000000000000e+00
0.000000000000000000e+00 1.000000000000000000e+00 0.000000000000000000e+00
0.000000000000000000e+00 1.000000000000000000e+00 0.000000000000000000e+00
0.000000000000000000e+00 1.000000000000000000e+00 0.000000000000000000e+00
0.000000000000000000e+00 1.000000000000000000e+00 0.000000000000000000e+00
0.000000000000000000e+00 1.000000000000000000e+00 0.000000000000000000e+00
0.000000000000000000e+00 1.000000000000000000e+00 0.000000000000000000e+00
0.000000000000000000e+00 1.000000000000000000e+00 0.000000000000000000e+00
0.000000000000000000e+00 1.000000000000000000e+00 0.000000000000000000e+00
0.000000000000000000e+00 1.000000000000000000e+00 0.000000000000000000e+00
0.000000000000000000e+00 1.000000000000000000e+00 0.000000000000000000e+00
0.000000000000000000e+00 1.000000000000000000e+00 0.000000000000000000e+00
0.000000000000000000e+00 1.000000000000000000e+00 0.000000000000000000e+00
0.000000000000000000e+00 1.000000000000000000e+00 0.000000000000000000e+00
0.000000000000000000e+00 1.000000000000000000e+00 0.000000000000000000e+00
0.000000000000000000e+00 9.960937500000000000e-01 0.000000000000000000e+00
0.000000000000000000e+00 9.965820312500000000e-01 0.000000000000000000e+00
0.000000000000000000e+00 9.973144531250000000e-01 0.000000000000000000e+00
0.000000000000000000e+00 9.977416992187500000e-01 0.000000000000000000e+00
0.000000000000000000e+00 9.981689453125000000e-01 0.000000000000000000e+00
0.000000000000000000e+00 9.981689453125000000e-01 0.000000000000000000e+00
0.000000000000000000e+00 9.981689453125000000e-01 0.000000000000000000e+00
0.000000000000000000e+00 9.986572265625000000e-01 0.000000000000000000e+00
0.000000000000000000e+00 9.989013671875000000e-01 0.000000000000000000e+00
0.000000000000000000e+00 9.989013671875000000e-01 0.000000000000000000e+00
0.000000000000000000e+00 9.990844726562500000e-01 0.000000000000000000e+00
0.000000000000000000e+00 9.990844726562500000e-01 0.000000000000000000e+00
0.000000000000000000e+00 9.990844726562500000e-01 0.000000000000000000e+00
0.000000000000000000e+00 9.990844726562500000e-01 0.000000000000000000e+00
0.000000000000000000e+00 9.990844726562500000e-01 0.000000000000000000e+00
0.000000000000000000e+00 9.990844726562500000e-01 0.000000000000000000e+00
0.000000000000000000e+00 9.995117187500000000e-01 0.000000000000000000e+00
0.000000000000000000e+00 9.992065429687500000e-01 0.000000000000000000e+00
0.000000000000000000e+00 9.995727539062500000e-01 0.000000000000000000e+00
0.000000000000000000e+00 9.995727539062500000e-01 0.000000000000000000e+00
0.000000000000000000e+00 9.995727539062500000e-01 0.000000000000000000e+00
0.000000000000000000e+00 9.991455078125000000e-01 0.000000000000000000e+00
0.000000000000000000e+00 9.991455078125000000e-01 0.000000000000000000e+00
0.000000000000000000e+00 9.995727539062500000e-01 0.000000000000000000e+00
0.000000000000000000e+00 9.995727539062500000e-01 0.000000000000000000e+00
0.000000000000000000e+00 9.995727539062500000e-01 0.000000000000000000e+00
0.000000000000000000e+00 9.995727539062500000e-01 0.000000000000000000e+00
0.000000000000000000e+00 9.995727539062500000e-01 0.000000000000000000e+00
0.000000000000000000e+00 9.995727539062500000e-01 0.000000000000000000e+00
0.000000000000000000e+00 9.995727539062500000e-01 0.000000000000000000e+00
0.000000000000000000e+00 9.995727539062500000e-01 0.000000000000000000e+00
0.000000000000000000e+00 9.995727539062500000e-01 0.000000000000000000e+00
0.000000000000000000e+00 9.995727539062500000e-01 0.000000000000000000e+00
0.000000000000000000e+00 9.995727539062500000e-01 0.000000000000000000e+00
0.000000000000000000e+00 9.995117187500000000e-01 0.000000000000000000e+00
0.000000000000000000e+00 9.995117187500000000e-01 0.000000000000000000e+00
0.000000000000000000e+00 9.995117187500000000e-01 0.000000000000000000e+00
0.000000000000000000e+00 9.995117187500000000e-01 0.000000000000000000e+00
0.000000000000000000e+00 9.995117187500000000e-01 0.000000000000000000e+00
0.000000000000000000e+00 9.995117187500000000e-01 0.000000000000000000e+00
0.000000000000000000e+00 9.995117187500000000e-01 0.000000000000000000e+00
0.000000000000000000e+00 9.996337890625000000e-01 0.000000000000000000e+00
0.000000000000000000e+00 9.996948242187500000e-01 0.000000000000000000e+00
0.000000000000000000e+00 9.998779296875000000e-01 0.000000000000000000e+00
0.000000000000000000e+00 9.998779296875000000e-01 0.000000000000000000e+00
0.000000000000000000e+00 9.999389648437500000e-01 0.000000000000000000e+00
0.000000000000000000e+00 9.999389648437500000e-01 0.000000000000000000e+00
0.000000000000000000e+00 1.000000000000000000e+00 0.000000000000000000e+00
0.000000000000000000e+00 1.000000000000000000e+00 0.000000000000000000e+00
0.000000000000000000e+00 1.000000000000000000e+00 0.000000000000000000e+00
0.000000000000000000e+00 1.000000000000000000e+00 0.000000000000000000e+00
0.000000000000000000e+00 1.000000000000000000e+00 0.000000000000000000e+00
0.000000000000000000e+00 1.000000000000000000e+00 0.000000000000000000e+00
0.000000000000000000e+00 1.000000000000000000e+00 0.000000000000000000e+00
0.000000000000000000e+00 1.000000000000000000e+00 0.000000000000000000e+00
0.000000000000000000e+00 1.000000000000000000e+00 0.000000000000000000e+00
0.000000000000000000e+00 1.000000000000000000e+00 0.000000000000000000e+00
0.000000000000000000e+00 1.000000000000000000e+00 0.000000000000000000e+00
0.000000000000000000e+00 1.000000000000000000e+00 0.000000000000000000e+00
0.000000000000000000e+00 1.000000000000000000e+00 0.000000000000000000e+00
0.000000000000000000e+00 1.000000000000000000e+00 0.000000000000000000e+00
0.000000000000000000e+00 1.000000000000000000e+00 0.000000000000000000e+00
0.000000000000000000e+00 1.000000000000000000e+00 0.000000000000000000e+00
0.000000000000000000e+00 1.000000000000000000e+00 0.000000000000000000e+00
0.000000000000000000e+00 1.000000000000000000e+00 0.000000000000000000e+00
0.000000000000000000e+00 1.000000000000000000e+00 0.000000000000000000e+00
0.000000000000000000e+00 1.000000000000000000e+00 0.000000000000000000e+00
0.000000000000000000e+00 1.000000000000000000e+00 0.000000000000000000e+00
0.000000000000000000e+00 1.000000000000000000e+00 0.000000000000000000e+00
0.000000000000000000e+00 1.000000000000000000e+00 0.000000000000000000e+00
0.000000000000000000e+00 1.000000000000000000e+00 0.000000000000000000e+00
0.000000000000000000e+00 1.000000000000000000e+00 0.000000000000000000e+00
0.000000000000000000e+00 1.000000000000000000e+00 0.000000000000000000e+00
0.000000000000000000e+00 1.000000000000000000e+00 0.000000000000000000e+00
0.000000000000000000e+00 1.000000000000000000e+00 0.000000000000000000e+00
0.000000000000000000e+00 1.000000000000000000e+00 0.000000000000000000e+00
0.000000000000000000e+00 1.000000000000000000e+00 0.000000000000000000e+00
0.000000000000000000e+00 1.000000000000000000e+00 0.000000000000000000e+00
0.000000000000000000e+00 1.000000000000000000e+00 0.000000000000000000e+00
0.000000000000000000e+00 1.000000000000000000e+00 0.000000000000000000e+00
0.000000000000000000e+00 1.000000000000000000e+00 0.000000000000000000e+00
0.000000000000000000e+00 1.000000000000000000e+00 0.000000000000000000e+00
0.000000000000000000e+00 1.000000000000000000e+00 0.000000000000000000e+00
0.000000000000000000e+00 1.000000000000000000e+00 0.000000000000000000e+00
0.000000000000000000e+00 1.000000000000000000e+00 0.000000000000000000e+00
0.000000000000000000e+00 1.000000000000000000e+00 0.000000000000000000e+00
0.000000000000000000e+00 1.000000000000000000e+00 0.000000000000000000e+00
0.000000000000000000e+00 1.000000000000000000e+00 0.000000000000000000e+00
0.000000000000000000e+00 1.000000000000000000e+00 0.000000000000000000e+00
0.000000000000000000e+00 1.000000000000000000e+00 0.000000000000000000e+00
0.000000000000000000e+00 1.000000000000000000e+00 0.000000000000000000e+00
0.000000000000000000e+00 1.000000000000000000e+00 0.000000000000000000e+00
0.000000000000000000e+00 1.000000000000000000e+00 0.000000000000000000e+00
0.000000000000000000e+00 1.000000000000000000e+00 0.000000000000000000e+00
0.000000000000000000e+00 1.000000000000000000e+00 0.000000000000000000e+00
0.000000000000000000e+00 1.000000000000000000e+00 0.000000000000000000e+00
0.000000000000000000e+00 1.000000000000000000e+00 0.000000000000000000e+00
0.000000000000000000e+00 1.000000000000000000e+00 0.000000000000000000e+00
0.000000000000000000e+00 1.000000000000000000e+00 0.000000000000000000e+00
0.000000000000000000e+00 1.000000000000000000e+00 0.000000000000000000e+00
0.000000000000000000e+00 1.000000000000000000e+00 0.000000000000000000e+00
0.000000000000000000e+00 1.000000000000000000e+00 0.000000000000000000e+00
0.000000000000000000e+00 1.000000000000000000e+00 0.000000000000000000e+00
0.000000000000000000e+00 1.000000000000000000e+00 0.000000000000000000e+00
0.000000000000000000e+00 1.000000000000000000e+00 0.000000000000000000e+00
0.000000000000000000e+00 1.000000000000000000e+00 0.000000000000000000e+00
0.000000000000000000e+00 1.000000000000000000e+00 0.000000000000000000e+00
0.000000000000000000e+00 1.000000000000000000e+00 0.000000000000000000e+00
0.000000000000000000e+00 1.000000000000000000e+00 0.000000000000000000e+00
0.000000000000000000e+00 1.000000000000000000e+00 0.000000000000000000e+00
0.000000000000000000e+00 1.000000000000000000e+00 0.000000000000000000e+00
0.000000000000000000e+00 1.000000000000000000e+00 0.000000000000000000e+00
0.000000000000000000e+00 1.000000000000000000e+00 0.000000000000000000e+00
0.000000000000000000e+00 1.000000000000000000e+00 0.000000000000000000e+00
0.000000000000000000e+00 1.000000000000000000e+00 0.000000000000000000e+00
0.000000000000000000e+00 1.000000000000000000e+00 0.000000000000000000e+00
0.000000000000000000e+00 1.000000000000000000e+00 0.000000000000000000e+00
0.000000000000000000e+00 1.000000000000000000e+00 0.000000000000000000e+00
0.000000000000000000e+00 1.000000000000000000e+00 0.000000000000000000e+00
0.000000000000000000e+00 1.000000000000000000e+00 0.000000000000000000e+00
0.000000000000000000e+00 1.000000000000000000e+00 0.000000000000000000e+00
0.000000000000000000e+00 1.000000000000000000e+00 0.000000000000000000e+00
0.000000000000000000e+00 1.000000000000000000e+00 0.000000000000000000e+00
0.000000000000000000e+00 1.000000000000000000e+00 0.000000000000000000e+00
0.000000000000000000e+00 1.000000000000000000e+00 0.000000000000000000e+00
0.000000000000000000e+00 1.000000000000000000e+00 0.000000000000000000e+00
0.000000000000000000e+00 1.000000000000000000e+00 0.000000000000000000e+00
0.000000000000000000e+00 1.000000000000000000e+00 0.000000000000000000e+00
0.000000000000000000e+00 1.000000000000000000e+00 0.000000000000000000e+00
0.000000000000000000e+00 1.000000000000000000e+00 0.000000000000000000e+00
0.000000000000000000e+00 1.000000000000000000e+00 0.000000000000000000e+00
0.000000000000000000e+00 1.000000000000000000e+00 0.000000000000000000e+00
0.000000000000000000e+00 1.000000000000000000e+00 0.000000000000000000e+00
0.000000000000000000e+00 1.000000000000000000e+00 0.000000000000000000e+00
0.000000000000000000e+00 1.000000000000000000e+00 0.000000000000000000e+00
0.000000000000000000e+00 1.000000000000000000e+00 0.000000000000000000e+00
0.000000000000000000e+00 1.000000000000000000e+00 0.000000000000000000e+00
0.000000000000000000e+00 1.000000000000000000e+00 0.000000000000000000e+00
0.000000000000000000e+00 1.000000000000000000e+00 0.000000000000000000e+00
0.000000000000000000e+00 1.000000000000000000e+00 0.000000000000000000e+00
0.000000000000000000e+00 1.000000000000000000e+00 0.000000000000000000e+00
0.000000000000000000e+00 1.000000000000000000e+00 0.000000000000000000e+00
0.000000000000000000e+00 9.921875000000000000e-01 0.000000000000000000e+00
0.000000000000000000e+00 9.931640625000000000e-01 0.000000000000000000e+00
0.000000000000000000e+00 9.935913085937500000e-01 0.000000000000000000e+00
0.000000000000000000e+00 9.940185546875000000e-01 0.000000000000000000e+00
0.000000000000000000e+00 9.940185546875000000e-01 0.000000000000000000e+00
0.000000000000000000e+00 9.940185546875000000e-01 0.000000000000000000e+00
0.000000000000000000e+00 9.940185546875000000e-01 0.000000000000000000e+00
0.000000000000000000e+00 9.914550781250000000e-01 0.000000000000000000e+00
0.000000000000000000e+00 9.923095703125000000e-01 0.000000000000000000e+00
0.000000000000000000e+00 9.935302734375000000e-01 0.000000000000000000e+00
0.000000000000000000e+00 9.947509765625000000e-01 0.000000000000000000e+00
0.000000000000000000e+00 9.959716796875000000e-01 0.000000000000000000e+00
0.000000000000000000e+00 9.971923828125000000e-01 0.000000000000000000e+00
0.000000000000000000e+00 9.981689453125000000e-01 0.000000000000000000e+00
0.000000000000000000e+00 9.982299804687500000e-01 0.000000000000000000e+00
0.000000000000000000e+00 9.943237304687500000e-01 0.000000000000000000e+00
0.000000000000000000e+00 9.953002929687500000e-01 0.000000000000000000e+00
0.000000000000000000e+00 9.963989257812500000e-01 0.000000000000000000e+00
0.000000000000000000e+00 9.968261718750000000e-01 0.000000000000000000e+00
0.000000000000000000e+00 9.976196289062500000e-01 0.000000000000000000e+00
0.000000000000000000e+00 9.984741210937500000e-01 0.000000000000000000e+00
0.000000000000000000e+00 9.984741210937500000e-01 0.000000000000000000e+00
0.000000000000000000e+00 9.989624023437500000e-01 0.000000000000000000e+00
0.000000000000000000e+00 9.989624023437500000e-01 0.000000000000000000e+00
0.000000000000000000e+00 9.990844726562500000e-01 0.000000000000000000e+00
0.000000000000000000e+00 9.990844726562500000e-01 0.000000000000000000e+00
0.000000000000000000e+00 9.990844726562500000e-01 0.000000000000000000e+00
0.000000000000000000e+00 1.000000000000000000e+00 0.000000000000000000e+00
0.000000000000000000e+00 1.000000000000000000e+00 0.000000000000000000e+00
0.000000000000000000e+00 1.000000000000000000e+00 0.000000000000000000e+00
0.000000000000000000e+00 1.000000000000000000e+00 0.000000000000000000e+00
0.000000000000000000e+00 1.000000000000000000e+00 0.000000000000000000e+00
0.000000000000000000e+00 1.000000000000000000e+00 0.000000000000000000e+00
0.000000000000000000e+00 1.000000000000000000e+00 0.000000000000000000e+00
0.000000000000000000e+00 1.000000000000000000e+00 0.000000000000000000e+00
0.000000000000000000e+00 1.000000000000000000e+00 0.000000000000000000e+00
0.000000000000000000e+00 1.000000000000000000e+00 0.000000000000000000e+00
0.000000000000000000e+00 1.000000000000000000e+00 0.000000000000000000e+00
0.000000000000000000e+00 1.000000000000000000e+00 0.000000000000000000e+00
0.000000000000000000e+00 1.000000000000000000e+00 0.000000000000000000e+00
0.000000000000000000e+00 1.000000000000000000e+00 0.000000000000000000e+00
0.000000000000000000e+00 1.000000000000000000e+00 0.000000000000000000e+00
0.000000000000000000e+00 1.000000000000000000e+00 0.000000000000000000e+00
0.000000000000000000e+00 1.000000000000000000e+00 0.000000000000000000e+00
0.000000000000000000e+00 1.000000000000000000e+00 0.000000000000000000e+00
0.000000000000000000e+00 1.000000000000000000e+00 0.000000000000000000e+00
0.000000000000000000e+00 1.000000000000000000e+00 0.000000000000000000e+00
0.000000000000000000e+00 1.000000000000000000e+00 0.000000000000000000e+00
0.000000000000000000e+00 1.000000000000000000e+00 0.000000000000000000e+00
0.000000000000000000e+00 1.000000000000000000e+00 0.000000000000000000e+00
0.000000000000000000e+00 1.000000000000000000e+00 0.000000000000000000e+00
0.000000000000000000e+00 1.000000000000000000e+00 0.000000000000000000e+00
0.000000000000000000e+00 1.000000000000000000e+00 0.000000000000000000e+00
0.000000000000000000e+00 1.000000000000000000e+00 0.000000000000000000e+00
0.000000000000000000e+00 1.000000000000000000e+00 0.000000000000000000e+00
0.000000000000000000e+00 1.000000000000000000e+00 0.000000000000000000e+00
0.000000000000000000e+00 1.000000000000000000e+00 0.000000000000000000e+00
0.000000000000000000e+00 1.000000000000000000e+00 0.000000000000000000e+00
0.000000000000000000e+00 1.000000000000000000e+00 0.000000000000000000e+00
0.000000000000000000e+00 1.000000000000000000e+00 0.000000000000000000e+00
0.000000000000000000e+00 1.000000000000000000e+00 0.000000000000000000e+00
0.000000000000000000e+00 1.000000000000000000e+00 0.000000000000000000e+00
0.000000000000000000e+00 1.000000000000000000e+00 0.000000000000000000e+00
0.000000000000000000e+00 9.960937500000000000e-01 0.000000000000000000e+00
0.000000000000000000e+00 9.965820312500000000e-01 0.000000000000000000e+00
0.000000000000000000e+00 9.970703125000000000e-01 0.000000000000000000e+00
0.000000000000000000e+00 9.970703125000000000e-01 0.000000000000000000e+00
0.000000000000000000e+00 9.970703125000000000e-01 0.000000000000000000e+00
0.000000000000000000e+00 9.970703125000000000e-01 0.000000000000000000e+00
0.000000000000000000e+00 9.970703125000000000e-01 0.000000000000000000e+00
0.000000000000000000e+00 9.970703125000000000e-01 0.000000000000000000e+00
0.000000000000000000e+00 9.975585937500000000e-01 0.000000000000000000e+00
0.000000000000000000e+00 9.980468750000000000e-01 0.000000000000000000e+00
0.000000000000000000e+00 9.985351562500000000e-01 0.000000000000000000e+00
0.000000000000000000e+00 9.990234375000000000e-01 0.000000000000000000e+00
0.000000000000000000e+00 9.990234375000000000e-01 0.000000000000000000e+00
0.000000000000000000e+00 9.995117187500000000e-01 0.000000000000000000e+00
0.000000000000000000e+00 9.995117187500000000e-01 0.000000000000000000e+00
0.000000000000000000e+00 9.995117187500000000e-01 0.000000000000000000e+00
0.000000000000000000e+00 9.995117187500000000e-01 0.000000000000000000e+00
0.000000000000000000e+00 9.995117187500000000e-01 0.000000000000000000e+00
0.000000000000000000e+00 9.995117187500000000e-01 0.000000000000000000e+00
0.000000000000000000e+00 9.995117187500000000e-01 0.000000000000000000e+00
0.000000000000000000e+00 9.995117187500000000e-01 0.000000000000000000e+00
0.000000000000000000e+00 9.995117187500000000e-01 0.000000000000000000e+00
0.000000000000000000e+00 9.995117187500000000e-01 0.000000000000000000e+00
0.000000000000000000e+00 9.995727539062500000e-01 0.000000000000000000e+00
0.000000000000000000e+00 1.000000000000000000e+00 0.000000000000000000e+00
0.000000000000000000e+00 1.000000000000000000e+00 0.000000000000000000e+00
0.000000000000000000e+00 9.960937500000000000e-01 0.000000000000000000e+00
0.000000000000000000e+00 9.960937500000000000e-01 0.000000000000000000e+00
0.000000000000000000e+00 9.960937500000000000e-01 0.000000000000000000e+00
0.000000000000000000e+00 9.965820312500000000e-01 0.000000000000000000e+00
0.000000000000000000e+00 9.973144531250000000e-01 0.000000000000000000e+00
0.000000000000000000e+00 9.977416992187500000e-01 0.000000000000000000e+00
0.000000000000000000e+00 9.977416992187500000e-01 0.000000000000000000e+00
0.000000000000000000e+00 9.981689453125000000e-01 0.000000000000000000e+00
0.000000000000000000e+00 9.981689453125000000e-01 0.000000000000000000e+00
0.000000000000000000e+00 9.985961914062500000e-01 0.000000000000000000e+00
0.000000000000000000e+00 9.985961914062500000e-01 0.000000000000000000e+00
0.000000000000000000e+00 9.990234375000000000e-01 0.000000000000000000e+00
0.000000000000000000e+00 9.990234375000000000e-01 0.000000000000000000e+00
0.000000000000000000e+00 9.990234375000000000e-01 0.000000000000000000e+00
0.000000000000000000e+00 9.990234375000000000e-01 0.000000000000000000e+00
0.000000000000000000e+00 9.994506835937500000e-01 0.000000000000000000e+00
0.000000000000000000e+00 9.992675781250000000e-01 0.000000000000000000e+00
0.000000000000000000e+00 9.992675781250000000e-01 0.000000000000000000e+00
0.000000000000000000e+00 9.992675781250000000e-01 0.000000000000000000e+00
0.000000000000000000e+00 9.993896484375000000e-01 0.000000000000000000e+00
0.000000000000000000e+00 9.996337890625000000e-01 0.000000000000000000e+00
0.000000000000000000e+00 9.996337890625000000e-01 0.000000000000000000e+00
0.000000000000000000e+00 9.995117187500000000e-01 0.000000000000000000e+00
0.000000000000000000e+00 9.995117187500000000e-01 0.000000000000000000e+00
0.000000000000000000e+00 9.996948242187500000e-01 0.000000000000000000e+00
0.000000000000000000e+00 9.993896484375000000e-01 0.000000000000000000e+00
0.000000000000000000e+00 9.993896484375000000e-01 0.000000000000000000e+00
0.000000000000000000e+00 9.993896484375000000e-01 0.000000000000000000e+00
0.000000000000000000e+00 9.993896484375000000e-01 0.000000000000000000e+00
0.000000000000000000e+00 9.996948242187500000e-01 0.000000000000000000e+00
0.000000000000000000e+00 9.996337890625000000e-01 0.000000000000000000e+00
0.000000000000000000e+00 9.992675781250000000e-01 0.000000000000000000e+00
0.000000000000000000e+00 9.996337890625000000e-01 0.000000000000000000e+00
0.000000000000000000e+00 9.998168945312500000e-01 0.000000000000000000e+00
0.000000000000000000e+00 9.957275390625000000e-01 0.000000000000000000e+00
0.000000000000000000e+00 9.962158203125000000e-01 0.000000000000000000e+00
0.000000000000000000e+00 9.962158203125000000e-01 0.000000000000000000e+00
0.000000000000000000e+00 9.962158203125000000e-01 0.000000000000000000e+00
0.000000000000000000e+00 9.962158203125000000e-01 0.000000000000000000e+00
0.000000000000000000e+00 9.962158203125000000e-01 0.000000000000000000e+00
0.000000000000000000e+00 9.971313476562500000e-01 0.000000000000000000e+00
0.000000000000000000e+00 9.979248046875000000e-01 0.000000000000000000e+00
0.000000000000000000e+00 9.982910156250000000e-01 0.000000000000000000e+00
0.000000000000000000e+00 9.985961914062500000e-01 0.000000000000000000e+00
0.000000000000000000e+00 9.989013671875000000e-01 0.000000000000000000e+00
0.000000000000000000e+00 9.989013671875000000e-01 0.000000000000000000e+00
0.000000000000000000e+00 9.991455078125000000e-01 0.000000000000000000e+00
0.000000000000000000e+00 9.993286132812500000e-01 0.000000000000000000e+00
0.000000000000000000e+00 9.993286132812500000e-01 0.000000000000000000e+00
0.000000000000000000e+00 9.993286132812500000e-01 0.000000000000000000e+00
0.000000000000000000e+00 9.990844726562500000e-01 0.000000000000000000e+00
0.000000000000000000e+00 9.994506835937500000e-01 0.000000000000000000e+00
0.000000000000000000e+00 9.995117187500000000e-01 0.000000000000000000e+00
0.000000000000000000e+00 9.997558593750000000e-01 0.000000000000000000e+00
0.000000000000000000e+00 9.997558593750000000e-01 0.000000000000000000e+00
0.000000000000000000e+00 9.997558593750000000e-01 0.000000000000000000e+00
0.000000000000000000e+00 9.997558593750000000e-01 0.000000000000000000e+00
0.000000000000000000e+00 9.997558593750000000e-01 0.000000000000000000e+00
0.000000000000000000e+00 1.000000000000000000e+00 0.000000000000000000e+00
0.000000000000000000e+00 1.000000000000000000e+00 0.000000000000000000e+00
0.000000000000000000e+00 1.000000000000000000e+00 0.000000000000000000e+00
0.000000000000000000e+00 1.000000000000000000e+00 0.000000000000000000e+00
0.000000000000000000e+00 1.000000000000000000e+00 0.000000000000000000e+00
0.000000000000000000e+00 1.000000000000000000e+00 0.000000000000000000e+00
0.000000000000000000e+00 1.000000000000000000e+00 0.000000000000000000e+00
0.000000000000000000e+00 1.000000000000000000e+00 0.000000000000000000e+00
0.000000000000000000e+00 1.000000000000000000e+00 0.000000000000000000e+00
0.000000000000000000e+00 1.000000000000000000e+00 0.000000000000000000e+00
0.000000000000000000e+00 1.000000000000000000e+00 0.000000000000000000e+00
0.000000000000000000e+00 1.000000000000000000e+00 0.000000000000000000e+00
0.000000000000000000e+00 1.000000000000000000e+00 0.000000000000000000e+00
0.000000000000000000e+00 1.000000000000000000e+00 0.000000000000000000e+00
0.000000000000000000e+00 1.000000000000000000e+00 0.000000000000000000e+00
0.000000000000000000e+00 1.000000000000000000e+00 0.000000000000000000e+00
0.000000000000000000e+00 1.000000000000000000e+00 0.000000000000000000e+00
0.000000000000000000e+00 9.960937500000000000e-01 0.000000000000000000e+00
0.000000000000000000e+00 9.960937500000000000e-01 0.000000000000000000e+00
0.000000000000000000e+00 9.960937500000000000e-01 0.000000000000000000e+00
0.000000000000000000e+00 9.965820312500000000e-01 0.000000000000000000e+00
0.000000000000000000e+00 9.931640625000000000e-01 0.000000000000000000e+00
0.000000000000000000e+00 9.931640625000000000e-01 0.000000000000000000e+00
0.000000000000000000e+00 9.931640625000000000e-01 0.000000000000000000e+00
0.000000000000000000e+00 9.945678710937500000e-01 0.000000000000000000e+00
0.000000000000000000e+00 9.916381835937500000e-01 0.000000000000000000e+00
0.000000000000000000e+00 9.955444335937500000e-01 0.000000000000000000e+00
0.000000000000000000e+00 9.962158203125000000e-01 0.000000000000000000e+00
0.000000000000000000e+00 9.964599609375000000e-01 0.000000000000000000e+00
0.000000000000000000e+00 9.963989257812500000e-01 0.000000000000000000e+00
0.000000000000000000e+00 9.971923828125000000e-01 0.000000000000000000e+00
0.000000000000000000e+00 9.971313476562500000e-01 0.000000000000000000e+00
0.000000000000000000e+00 9.975585937500000000e-01 0.000000000000000000e+00
0.000000000000000000e+00 9.979858398437500000e-01 0.000000000000000000e+00
0.000000000000000000e+00 9.981689453125000000e-01 0.000000000000000000e+00
0.000000000000000000e+00 9.982910156250000000e-01 0.000000000000000000e+00
0.000000000000000000e+00 9.978027343750000000e-01 0.000000000000000000e+00
0.000000000000000000e+00 9.948730468750000000e-01 0.000000000000000000e+00
0.000000000000000000e+00 9.948730468750000000e-01 0.000000000000000000e+00
0.000000000000000000e+00 9.948730468750000000e-01 0.000000000000000000e+00
0.000000000000000000e+00 9.948730468750000000e-01 0.000000000000000000e+00
0.000000000000000000e+00 9.953613281250000000e-01 0.000000000000000000e+00
0.000000000000000000e+00 9.953613281250000000e-01 0.000000000000000000e+00
0.000000000000000000e+00 9.953613281250000000e-01 0.000000000000000000e+00
0.000000000000000000e+00 9.953613281250000000e-01 0.000000000000000000e+00
0.000000000000000000e+00 9.955444335937500000e-01 0.000000000000000000e+00
0.000000000000000000e+00 9.964599609375000000e-01 0.000000000000000000e+00
0.000000000000000000e+00 9.969482421875000000e-01 0.000000000000000000e+00
0.000000000000000000e+00 9.976806640625000000e-01 0.000000000000000000e+00
0.000000000000000000e+00 9.942626953125000000e-01 0.000000000000000000e+00
0.000000000000000000e+00 9.948730468750000000e-01 0.000000000000000000e+00
0.000000000000000000e+00 9.962158203125000000e-01 0.000000000000000000e+00
0.000000000000000000e+00 9.965820312500000000e-01 0.000000000000000000e+00
0.000000000000000000e+00 9.971923828125000000e-01 0.000000000000000000e+00
0.000000000000000000e+00 9.969482421875000000e-01 0.000000000000000000e+00
0.000000000000000000e+00 9.979248046875000000e-01 0.000000000000000000e+00
0.000000000000000000e+00 9.979248046875000000e-01 0.000000000000000000e+00
0.000000000000000000e+00 9.974365234375000000e-01 0.000000000000000000e+00
0.000000000000000000e+00 9.974365234375000000e-01 0.000000000000000000e+00
0.000000000000000000e+00 9.980468750000000000e-01 0.000000000000000000e+00
0.000000000000000000e+00 1.000000000000000000e+00 0.000000000000000000e+00
0.000000000000000000e+00 1.000000000000000000e+00 0.000000000000000000e+00
0.000000000000000000e+00 1.000000000000000000e+00 0.000000000000000000e+00
0.000000000000000000e+00 1.000000000000000000e+00 0.000000000000000000e+00
0.000000000000000000e+00 1.000000000000000000e+00 0.000000000000000000e+00
0.000000000000000000e+00 1.000000000000000000e+00 0.000000000000000000e+00
0.000000000000000000e+00 1.000000000000000000e+00 0.000000000000000000e+00
0.000000000000000000e+00 1.000000000000000000e+00 0.000000000000000000e+00
0.000000000000000000e+00 1.000000000000000000e+00 0.000000000000000000e+00
0.000000000000000000e+00 9.985351562500000000e-01 0.000000000000000000e+00
0.000000000000000000e+00 9.985351562500000000e-01 0.000000000000000000e+00
0.000000000000000000e+00 9.985351562500000000e-01 0.000000000000000000e+00
0.000000000000000000e+00 9.985351562500000000e-01 0.000000000000000000e+00
0.000000000000000000e+00 9.985351562500000000e-01 0.000000000000000000e+00
0.000000000000000000e+00 9.985351562500000000e-01 0.000000000000000000e+00
0.000000000000000000e+00 9.990234375000000000e-01 0.000000000000000000e+00
0.000000000000000000e+00 1.000000000000000000e+00 0.000000000000000000e+00
0.000000000000000000e+00 1.000000000000000000e+00 0.000000000000000000e+00
0.000000000000000000e+00 1.000000000000000000e+00 0.000000000000000000e+00
0.000000000000000000e+00 1.000000000000000000e+00 0.000000000000000000e+00
0.000000000000000000e+00 1.000000000000000000e+00 0.000000000000000000e+00
0.000000000000000000e+00 9.995117187500000000e-01 0.000000000000000000e+00
0.000000000000000000e+00 9.995117187500000000e-01 0.000000000000000000e+00
0.000000000000000000e+00 9.995117187500000000e-01 0.000000000000000000e+00
0.000000000000000000e+00 9.995117187500000000e-01 0.000000000000000000e+00
0.000000000000000000e+00 9.995117187500000000e-01 0.000000000000000000e+00
0.000000000000000000e+00 9.995117187500000000e-01 0.000000000000000000e+00
0.000000000000000000e+00 9.995117187500000000e-01 0.000000000000000000e+00
0.000000000000000000e+00 9.990234375000000000e-01 0.000000000000000000e+00
0.000000000000000000e+00 9.994506835937500000e-01 0.000000000000000000e+00
0.000000000000000000e+00 9.995727539062500000e-01 0.000000000000000000e+00
0.000000000000000000e+00 9.995727539062500000e-01 0.000000000000000000e+00
0.000000000000000000e+00 9.995727539062500000e-01 0.000000000000000000e+00
0.000000000000000000e+00 9.995727539062500000e-01 0.000000000000000000e+00
0.000000000000000000e+00 9.995727539062500000e-01 0.000000000000000000e+00
0.000000000000000000e+00 9.995727539062500000e-01 0.000000000000000000e+00
0.000000000000000000e+00 9.991455078125000000e-01 0.000000000000000000e+00
0.000000000000000000e+00 9.952392578125000000e-01 0.000000000000000000e+00
0.000000000000000000e+00 9.960937500000000000e-01 0.000000000000000000e+00
0.000000000000000000e+00 9.967041015625000000e-01 0.000000000000000000e+00
0.000000000000000000e+00 9.971313476562500000e-01 0.000000000000000000e+00
0.000000000000000000e+00 9.971313476562500000e-01 0.000000000000000000e+00
0.000000000000000000e+00 9.976806640625000000e-01 0.000000000000000000e+00
0.000000000000000000e+00 9.975585937500000000e-01 0.000000000000000000e+00
0.000000000000000000e+00 9.975585937500000000e-01 0.000000000000000000e+00
0.000000000000000000e+00 9.975585937500000000e-01 0.000000000000000000e+00
0.000000000000000000e+00 9.980468750000000000e-01 0.000000000000000000e+00
0.000000000000000000e+00 9.980468750000000000e-01 0.000000000000000000e+00
0.000000000000000000e+00 9.980468750000000000e-01 0.000000000000000000e+00
0.000000000000000000e+00 9.982910156250000000e-01 0.000000000000000000e+00
0.000000000000000000e+00 9.987182617187500000e-01 0.000000000000000000e+00
0.000000000000000000e+00 9.990234375000000000e-01 0.000000000000000000e+00
0.000000000000000000e+00 9.990234375000000000e-01 0.000000000000000000e+00
0.000000000000000000e+00 9.990234375000000000e-01 0.000000000000000000e+00
0.000000000000000000e+00 9.951782226562500000e-01 0.000000000000000000e+00
0.000000000000000000e+00 9.959106445312500000e-01 0.000000000000000000e+00
0.000000000000000000e+00 9.961547851562500000e-01 0.000000000000000000e+00
0.000000000000000000e+00 9.968261718750000000e-01 0.000000000000000000e+00
0.000000000000000000e+00 9.974975585937500000e-01 0.000000000000000000e+00
0.000000000000000000e+00 9.982910156250000000e-01 0.000000000000000000e+00
0.000000000000000000e+00 1.000000000000000000e+00 0.000000000000000000e+00
0.000000000000000000e+00 1.000000000000000000e+00 0.000000000000000000e+00
0.000000000000000000e+00 1.000000000000000000e+00 0.000000000000000000e+00
0.000000000000000000e+00 1.000000000000000000e+00 0.000000000000000000e+00
0.000000000000000000e+00 1.000000000000000000e+00 0.000000000000000000e+00
0.000000000000000000e+00 1.000000000000000000e+00 0.000000000000000000e+00
0.000000000000000000e+00 1.000000000000000000e+00 0.000000000000000000e+00
0.000000000000000000e+00 1.000000000000000000e+00 0.000000000000000000e+00
0.000000000000000000e+00 1.000000000000000000e+00 0.000000000000000000e+00
0.000000000000000000e+00 1.000000000000000000e+00 0.000000000000000000e+00
0.000000000000000000e+00 1.000000000000000000e+00 0.000000000000000000e+00
0.000000000000000000e+00 9.960937500000000000e-01 0.000000000000000000e+00
0.000000000000000000e+00 9.965820312500000000e-01 0.000000000000000000e+00
0.000000000000000000e+00 9.965820312500000000e-01 0.000000000000000000e+00
0.000000000000000000e+00 9.965820312500000000e-01 0.000000000000000000e+00
0.000000000000000000e+00 9.970092773437500000e-01 0.000000000000000000e+00
0.000000000000000000e+00 9.973144531250000000e-01 0.000000000000000000e+00
0.000000000000000000e+00 9.976806640625000000e-01 0.000000000000000000e+00
0.000000000000000000e+00 9.974365234375000000e-01 0.000000000000000000e+00
0.000000000000000000e+00 9.974365234375000000e-01 0.000000000000000000e+00
0.000000000000000000e+00 9.974365234375000000e-01 0.000000000000000000e+00
0.000000000000000000e+00 9.979248046875000000e-01 0.000000000000000000e+00
0.000000000000000000e+00 9.980468750000000000e-01 0.000000000000000000e+00
0.000000000000000000e+00 9.986572265625000000e-01 0.000000000000000000e+00
0.000000000000000000e+00 9.981689453125000000e-01 0.000000000000000000e+00
0.000000000000000000e+00 9.981689453125000000e-01 0.000000000000000000e+00
0.000000000000000000e+00 9.981689453125000000e-01 0.000000000000000000e+00
0.000000000000000000e+00 9.981689453125000000e-01 0.000000000000000000e+00
0.000000000000000000e+00 9.981689453125000000e-01 0.000000000000000000e+00
0.000000000000000000e+00 9.985961914062500000e-01 0.000000000000000000e+00
0.000000000000000000e+00 9.946899414062500000e-01 0.000000000000000000e+00
0.000000000000000000e+00 9.953002929687500000e-01 0.000000000000000000e+00
0.000000000000000000e+00 9.957885742187500000e-01 0.000000000000000000e+00
0.000000000000000000e+00 9.955444335937500000e-01 0.000000000000000000e+00
0.000000000000000000e+00 9.955444335937500000e-01 0.000000000000000000e+00
0.000000000000000000e+00 9.968872070312500000e-01 0.000000000000000000e+00
0.000000000000000000e+00 9.974365234375000000e-01 0.000000000000000000e+00
0.000000000000000000e+00 9.979858398437500000e-01 0.000000000000000000e+00
0.000000000000000000e+00 9.982299804687500000e-01 0.000000000000000000e+00
0.000000000000000000e+00 9.980468750000000000e-01 0.000000000000000000e+00
0.000000000000000000e+00 9.980468750000000000e-01 0.000000000000000000e+00
0.000000000000000000e+00 9.975585937500000000e-01 0.000000000000000000e+00
0.000000000000000000e+00 9.975585937500000000e-01 0.000000000000000000e+00
0.000000000000000000e+00 9.978027343750000000e-01 0.000000000000000000e+00
0.000000000000000000e+00 9.978027343750000000e-01 0.000000000000000000e+00
0.000000000000000000e+00 9.970092773437500000e-01 0.000000000000000000e+00
0.000000000000000000e+00 9.975585937500000000e-01 0.000000000000000000e+00
0.000000000000000000e+00 9.982910156250000000e-01 0.000000000000000000e+00
0.000000000000000000e+00 9.982910156250000000e-01 0.000000000000000000e+00
0.000000000000000000e+00 9.988403320312500000e-01 0.000000000000000000e+00
0.000000000000000000e+00 9.988403320312500000e-01 0.000000000000000000e+00
0.000000000000000000e+00 9.993286132812500000e-01 0.000000000000000000e+00
0.000000000000000000e+00 9.988403320312500000e-01 0.000000000000000000e+00
0.000000000000000000e+00 9.990234375000000000e-01 0.000000000000000000e+00
0.000000000000000000e+00 9.990234375000000000e-01 0.000000000000000000e+00
0.000000000000000000e+00 9.989624023437500000e-01 0.000000000000000000e+00
0.000000000000000000e+00 9.989624023437500000e-01 0.000000000000000000e+00
0.000000000000000000e+00 9.993896484375000000e-01 0.000000000000000000e+00
0.000000000000000000e+00 9.995117187500000000e-01 0.000000000000000000e+00
0.000000000000000000e+00 9.995727539062500000e-01 0.000000000000000000e+00
0.000000000000000000e+00 9.921875000000000000e-01 0.000000000000000000e+00
0.000000000000000000e+00 9.843750000000000000e-01 0.000000000000000000e+00
0.000000000000000000e+00 9.882812500000000000e-01 0.000000000000000000e+00
0.000000000000000000e+00 9.897460937500000000e-01 0.000000000000000000e+00
0.000000000000000000e+00 9.897460937500000000e-01 0.000000000000000000e+00
0.000000000000000000e+00 9.897460937500000000e-01 0.000000000000000000e+00
0.000000000000000000e+00 9.897460937500000000e-01 0.000000000000000000e+00
0.000000000000000000e+00 9.905395507812500000e-01 0.000000000000000000e+00
0.000000000000000000e+00 9.905395507812500000e-01 0.000000000000000000e+00
0.000000000000000000e+00 9.935913085937500000e-01 0.000000000000000000e+00
0.000000000000000000e+00 1.000000000000000000e+00 0.000000000000000000e+00
0.000000000000000000e+00 9.960937500000000000e-01 0.000000000000000000e+00
0.000000000000000000e+00 9.975585937500000000e-01 0.000000000000000000e+00
0.000000000000000000e+00 9.980468750000000000e-01 0.000000000000000000e+00
0.000000000000000000e+00 9.980468750000000000e-01 0.000000000000000000e+00
0.000000000000000000e+00 9.980468750000000000e-01 0.000000000000000000e+00
0.000000000000000000e+00 9.985351562500000000e-01 0.000000000000000000e+00
0.000000000000000000e+00 9.946289062500000000e-01 0.000000000000000000e+00
0.000000000000000000e+00 9.951171875000000000e-01 0.000000000000000000e+00
0.000000000000000000e+00 9.957275390625000000e-01 0.000000000000000000e+00
0.000000000000000000e+00 9.967041015625000000e-01 0.000000000000000000e+00
0.000000000000000000e+00 9.967041015625000000e-01 0.000000000000000000e+00
0.000000000000000000e+00 9.970703125000000000e-01 0.000000000000000000e+00
0.000000000000000000e+00 9.975585937500000000e-01 0.000000000000000000e+00
0.000000000000000000e+00 1.000000000000000000e+00 0.000000000000000000e+00
0.000000000000000000e+00 1.000000000000000000e+00 0.000000000000000000e+00
0.000000000000000000e+00 1.000000000000000000e+00 0.000000000000000000e+00
0.000000000000000000e+00 1.000000000000000000e+00 0.000000000000000000e+00
0.000000000000000000e+00 1.000000000000000000e+00 0.000000000000000000e+00
0.000000000000000000e+00 1.000000000000000000e+00 0.000000000000000000e+00
0.000000000000000000e+00 1.000000000000000000e+00 0.000000000000000000e+00
0.000000000000000000e+00 9.960937500000000000e-01 0.000000000000000000e+00
0.000000000000000000e+00 9.926757812500000000e-01 0.000000000000000000e+00
0.000000000000000000e+00 9.935302734375000000e-01 0.000000000000000000e+00
0.000000000000000000e+00 9.945068359375000000e-01 0.000000000000000000e+00
0.000000000000000000e+00 9.952392578125000000e-01 0.000000000000000000e+00
0.000000000000000000e+00 9.952392578125000000e-01 0.000000000000000000e+00
0.000000000000000000e+00 9.952392578125000000e-01 0.000000000000000000e+00
0.000000000000000000e+00 9.952392578125000000e-01 0.000000000000000000e+00
0.000000000000000000e+00 9.962158203125000000e-01 0.000000000000000000e+00
0.000000000000000000e+00 9.965820312500000000e-01 0.000000000000000000e+00
0.000000000000000000e+00 9.965820312500000000e-01 0.000000000000000000e+00
0.000000000000000000e+00 9.965820312500000000e-01 0.000000000000000000e+00
0.000000000000000000e+00 9.970092773437500000e-01 0.000000000000000000e+00
0.000000000000000000e+00 9.970092773437500000e-01 0.000000000000000000e+00
0.000000000000000000e+00 9.977416992187500000e-01 0.000000000000000000e+00
0.000000000000000000e+00 9.977416992187500000e-01 0.000000000000000000e+00
0.000000000000000000e+00 9.938354492187500000e-01 0.000000000000000000e+00
0.000000000000000000e+00 9.941406250000000000e-01 0.000000000000000000e+00
0.000000000000000000e+00 9.952392578125000000e-01 0.000000000000000000e+00
0.000000000000000000e+00 9.952392578125000000e-01 0.000000000000000000e+00
0.000000000000000000e+00 9.957275390625000000e-01 0.000000000000000000e+00
0.000000000000000000e+00 9.957275390625000000e-01 0.000000000000000000e+00
0.000000000000000000e+00 9.957275390625000000e-01 0.000000000000000000e+00
0.000000000000000000e+00 9.957275390625000000e-01 0.000000000000000000e+00
0.000000000000000000e+00 9.959716796875000000e-01 0.000000000000000000e+00
0.000000000000000000e+00 9.967651367187500000e-01 0.000000000000000000e+00
0.000000000000000000e+00 9.960327148437500000e-01 0.000000000000000000e+00
0.000000000000000000e+00 9.956665039062500000e-01 0.000000000000000000e+00
0.000000000000000000e+00 9.959106445312500000e-01 0.000000000000000000e+00
0.000000000000000000e+00 1.000000000000000000e+00 0.000000000000000000e+00
0.000000000000000000e+00 1.000000000000000000e+00 0.000000000000000000e+00
0.000000000000000000e+00 1.000000000000000000e+00 0.000000000000000000e+00
0.000000000000000000e+00 1.000000000000000000e+00 0.000000000000000000e+00
0.000000000000000000e+00 1.000000000000000000e+00 0.000000000000000000e+00
0.000000000000000000e+00 1.000000000000000000e+00 0.000000000000000000e+00
0.000000000000000000e+00 1.000000000000000000e+00 0.000000000000000000e+00
0.000000000000000000e+00 1.000000000000000000e+00 0.000000000000000000e+00
0.000000000000000000e+00 1.000000000000000000e+00 0.000000000000000000e+00
0.000000000000000000e+00 1.000000000000000000e+00 0.000000000000000000e+00
0.000000000000000000e+00 1.000000000000000000e+00 0.000000000000000000e+00
0.000000000000000000e+00 1.000000000000000000e+00 0.000000000000000000e+00
0.000000000000000000e+00 9.960937500000000000e-01 0.000000000000000000e+00
0.000000000000000000e+00 9.965820312500000000e-01 0.000000000000000000e+00
0.000000000000000000e+00 9.970703125000000000e-01 0.000000000000000000e+00
0.000000000000000000e+00 9.975585937500000000e-01 0.000000000000000000e+00
0.000000000000000000e+00 9.980468750000000000e-01 0.000000000000000000e+00
0.000000000000000000e+00 9.987182617187500000e-01 0.000000000000000000e+00
0.000000000000000000e+00 9.987792968750000000e-01 0.000000000000000000e+00
0.000000000000000000e+00 9.992675781250000000e-01 0.000000000000000000e+00
0.000000000000000000e+00 9.993896484375000000e-01 0.000000000000000000e+00
0.000000000000000000e+00 9.993896484375000000e-01 0.000000000000000000e+00
0.000000000000000000e+00 9.995117187500000000e-01 0.000000000000000000e+00
0.000000000000000000e+00 9.995117187500000000e-01 0.000000000000000000e+00
0.000000000000000000e+00 9.995117187500000000e-01 0.000000000000000000e+00
0.000000000000000000e+00 9.995117187500000000e-01 0.000000000000000000e+00
0.000000000000000000e+00 9.995117187500000000e-01 0.000000000000000000e+00
0.000000000000000000e+00 9.995117187500000000e-01 0.000000000000000000e+00
0.000000000000000000e+00 9.995117187500000000e-01 0.000000000000000000e+00
0.000000000000000000e+00 9.996337890625000000e-01 0.000000000000000000e+00
0.000000000000000000e+00 9.998168945312500000e-01 0.000000000000000000e+00
0.000000000000000000e+00 9.959716796875000000e-01 0.000000000000000000e+00
0.000000000000000000e+00 9.959716796875000000e-01 0.000000000000000000e+00
0.000000000000000000e+00 9.964599609375000000e-01 0.000000000000000000e+00
0.000000000000000000e+00 9.964599609375000000e-01 0.000000000000000000e+00
0.000000000000000000e+00 9.964599609375000000e-01 0.000000000000000000e+00
0.000000000000000000e+00 9.964599609375000000e-01 0.000000000000000000e+00
0.000000000000000000e+00 9.964599609375000000e-01 0.000000000000000000e+00
0.000000000000000000e+00 9.969482421875000000e-01 0.000000000000000000e+00
0.000000000000000000e+00 9.974365234375000000e-01 0.000000000000000000e+00
0.000000000000000000e+00 9.977416992187500000e-01 0.000000000000000000e+00
0.000000000000000000e+00 9.979858398437500000e-01 0.000000000000000000e+00
0.000000000000000000e+00 9.979858398437500000e-01 0.000000000000000000e+00
0.000000000000000000e+00 9.979858398437500000e-01 0.000000000000000000e+00
0.000000000000000000e+00 9.980468750000000000e-01 0.000000000000000000e+00
0.000000000000000000e+00 9.946289062500000000e-01 0.000000000000000000e+00
0.000000000000000000e+00 9.957275390625000000e-01 0.000000000000000000e+00
0.000000000000000000e+00 9.990844726562500000e-01 0.000000000000000000e+00
0.000000000000000000e+00 9.991455078125000000e-01 0.000000000000000000e+00
0.000000000000000000e+00 9.991455078125000000e-01 0.000000000000000000e+00
0.000000000000000000e+00 9.991455078125000000e-01 0.000000000000000000e+00
0.000000000000000000e+00 9.990844726562500000e-01 0.000000000000000000e+00
0.000000000000000000e+00 9.993286132812500000e-01 0.000000000000000000e+00
0.000000000000000000e+00 9.993286132812500000e-01 0.000000000000000000e+00
0.000000000000000000e+00 9.992675781250000000e-01 0.000000000000000000e+00
0.000000000000000000e+00 9.996337890625000000e-01 0.000000000000000000e+00
0.000000000000000000e+00 9.996337890625000000e-01 0.000000000000000000e+00
0.000000000000000000e+00 9.996948242187500000e-01 0.000000000000000000e+00
0.000000000000000000e+00 9.996948242187500000e-01 0.000000000000000000e+00
0.000000000000000000e+00 9.996948242187500000e-01 0.000000000000000000e+00
0.000000000000000000e+00 1.000000000000000000e+00 0.000000000000000000e+00
0.000000000000000000e+00 1.000000000000000000e+00 0.000000000000000000e+00
0.000000000000000000e+00 1.000000000000000000e+00 0.000000000000000000e+00
0.000000000000000000e+00 1.000000000000000000e+00 0.000000000000000000e+00
0.000000000000000000e+00 1.000000000000000000e+00 0.000000000000000000e+00
0.000000000000000000e+00 1.000000000000000000e+00 0.000000000000000000e+00
0.000000000000000000e+00 1.000000000000000000e+00 0.000000000000000000e+00
0.000000000000000000e+00 1.000000000000000000e+00 0.000000000000000000e+00
0.000000000000000000e+00 1.000000000000000000e+00 0.000000000000000000e+00
0.000000000000000000e+00 1.000000000000000000e+00 0.000000000000000000e+00
0.000000000000000000e+00 1.000000000000000000e+00 0.000000000000000000e+00
0.000000000000000000e+00 1.000000000000000000e+00 0.000000000000000000e+00
0.000000000000000000e+00 1.000000000000000000e+00 0.000000000000000000e+00
0.000000000000000000e+00 1.000000000000000000e+00 0.000000000000000000e+00
0.000000000000000000e+00 1.000000000000000000e+00 0.000000000000000000e+00
0.000000000000000000e+00 1.000000000000000000e+00 0.000000000000000000e+00
0.000000000000000000e+00 1.000000000000000000e+00 0.000000000000000000e+00
0.000000000000000000e+00 1.000000000000000000e+00 0.000000000000000000e+00
0.000000000000000000e+00 1.000000000000000000e+00 0.000000000000000000e+00
0.000000000000000000e+00 1.000000000000000000e+00 0.000000000000000000e+00
0.000000000000000000e+00 1.000000000000000000e+00 0.000000000000000000e+00
0.000000000000000000e+00 1.000000000000000000e+00 0.000000000000000000e+00
0.000000000000000000e+00 1.000000000000000000e+00 0.000000000000000000e+00
0.000000000000000000e+00 1.000000000000000000e+00 0.000000000000000000e+00
0.000000000000000000e+00 1.000000000000000000e+00 0.000000000000000000e+00
0.000000000000000000e+00 1.000000000000000000e+00 0.000000000000000000e+00
0.000000000000000000e+00 1.000000000000000000e+00 0.000000000000000000e+00
0.000000000000000000e+00 1.000000000000000000e+00 0.000000000000000000e+00
0.000000000000000000e+00 1.000000000000000000e+00 0.000000000000000000e+00
0.000000000000000000e+00 1.000000000000000000e+00 0.000000000000000000e+00
0.000000000000000000e+00 1.000000000000000000e+00 0.000000000000000000e+00
0.000000000000000000e+00 1.000000000000000000e+00 0.000000000000000000e+00
0.000000000000000000e+00 1.000000000000000000e+00 0.000000000000000000e+00
0.000000000000000000e+00 1.000000000000000000e+00 0.000000000000000000e+00
0.000000000000000000e+00 1.000000000000000000e+00 0.000000000000000000e+00
0.000000000000000000e+00 1.000000000000000000e+00 0.000000000000000000e+00
0.000000000000000000e+00 1.000000000000000000e+00 0.000000000000000000e+00
0.000000000000000000e+00 1.000000000000000000e+00 0.000000000000000000e+00
0.000000000000000000e+00 1.000000000000000000e+00 0.000000000000000000e+00
0.000000000000000000e+00 1.000000000000000000e+00 0.000000000000000000e+00
0.000000000000000000e+00 1.000000000000000000e+00 0.000000000000000000e+00
0.000000000000000000e+00 1.000000000000000000e+00 0.000000000000000000e+00
0.000000000000000000e+00 1.000000000000000000e+00 0.000000000000000000e+00
0.000000000000000000e+00 1.000000000000000000e+00 0.000000000000000000e+00
0.000000000000000000e+00 1.000000000000000000e+00 0.000000000000000000e+00
0.000000000000000000e+00 1.000000000000000000e+00 0.000000000000000000e+00
0.000000000000000000e+00 9.960937500000000000e-01 0.000000000000000000e+00
0.000000000000000000e+00 9.965820312500000000e-01 0.000000000000000000e+00
0.000000000000000000e+00 9.970703125000000000e-01 0.000000000000000000e+00
0.000000000000000000e+00 9.975585937500000000e-01 0.000000000000000000e+00
0.000000000000000000e+00 9.981689453125000000e-01 0.000000000000000000e+00
0.000000000000000000e+00 9.984741210937500000e-01 0.000000000000000000e+00
0.000000000000000000e+00 9.991455078125000000e-01 0.000000000000000000e+00
0.000000000000000000e+00 9.995117187500000000e-01 0.000000000000000000e+00
0.000000000000000000e+00 9.995117187500000000e-01 0.000000000000000000e+00
0.000000000000000000e+00 9.995117187500000000e-01 0.000000000000000000e+00
0.000000000000000000e+00 9.990234375000000000e-01 0.000000000000000000e+00
0.000000000000000000e+00 9.995117187500000000e-01 0.000000000000000000e+00
0.000000000000000000e+00 9.990234375000000000e-01 0.000000000000000000e+00
0.000000000000000000e+00 9.990234375000000000e-01 0.000000000000000000e+00
0.000000000000000000e+00 1.000000000000000000e+00 0.000000000000000000e+00
0.000000000000000000e+00 1.000000000000000000e+00 0.000000000000000000e+00
0.000000000000000000e+00 1.000000000000000000e+00 0.000000000000000000e+00
0.000000000000000000e+00 1.000000000000000000e+00 0.000000000000000000e+00
0.000000000000000000e+00 1.000000000000000000e+00 0.000000000000000000e+00
0.000000000000000000e+00 1.000000000000000000e+00 0.000000000000000000e+00
0.000000000000000000e+00 1.000000000000000000e+00 0.000000000000000000e+00
0.000000000000000000e+00 1.000000000000000000e+00 0.000000000000000000e+00
0.000000000000000000e+00 9.960937500000000000e-01 0.000000000000000000e+00
0.000000000000000000e+00 9.966430664062500000e-01 0.000000000000000000e+00
0.000000000000000000e+00 9.971313476562500000e-01 0.000000000000000000e+00
0.000000000000000000e+00 9.976196289062500000e-01 0.000000000000000000e+00
0.000000000000000000e+00 9.976196289062500000e-01 0.000000000000000000e+00
0.000000000000000000e+00 9.976196289062500000e-01 0.000000000000000000e+00
0.000000000000000000e+00 9.981079101562500000e-01 0.000000000000000000e+00
0.000000000000000000e+00 9.985961914062500000e-01 0.000000000000000000e+00
0.000000000000000000e+00 1.000000000000000000e+00 0.000000000000000000e+00
0.000000000000000000e+00 1.000000000000000000e+00 0.000000000000000000e+00
0.000000000000000000e+00 1.000000000000000000e+00 0.000000000000000000e+00
0.000000000000000000e+00 1.000000000000000000e+00 0.000000000000000000e+00
0.000000000000000000e+00 1.000000000000000000e+00 0.000000000000000000e+00
0.000000000000000000e+00 1.000000000000000000e+00 0.000000000000000000e+00
0.000000000000000000e+00 1.000000000000000000e+00 0.000000000000000000e+00
0.000000000000000000e+00 1.000000000000000000e+00 0.000000000000000000e+00
0.000000000000000000e+00 1.000000000000000000e+00 0.000000000000000000e+00
0.000000000000000000e+00 1.000000000000000000e+00 0.000000000000000000e+00
0.000000000000000000e+00 1.000000000000000000e+00 0.000000000000000000e+00
0.000000000000000000e+00 1.000000000000000000e+00 0.000000000000000000e+00
0.000000000000000000e+00 1.000000000000000000e+00 0.000000000000000000e+00
0.000000000000000000e+00 1.000000000000000000e+00 0.000000000000000000e+00
0.000000000000000000e+00 1.000000000000000000e+00 0.000000000000000000e+00
0.000000000000000000e+00 1.000000000000000000e+00 0.000000000000000000e+00
0.000000000000000000e+00 1.000000000000000000e+00 0.000000000000000000e+00
0.000000000000000000e+00 1.000000000000000000e+00 0.000000000000000000e+00
0.000000000000000000e+00 1.000000000000000000e+00 0.000000000000000000e+00
0.000000000000000000e+00 1.000000000000000000e+00 0.000000000000000000e+00
0.000000000000000000e+00 1.000000000000000000e+00 0.000000000000000000e+00
0.000000000000000000e+00 1.000000000000000000e+00 0.000000000000000000e+00
0.000000000000000000e+00 1.000000000000000000e+00 0.000000000000000000e+00
0.000000000000000000e+00 1.000000000000000000e+00 0.000000000000000000e+00
0.000000000000000000e+00 1.000000000000000000e+00 0.000000000000000000e+00
0.000000000000000000e+00 1.000000000000000000e+00 0.000000000000000000e+00
0.000000000000000000e+00 1.000000000000000000e+00 0.000000000000000000e+00
0.000000000000000000e+00 1.000000000000000000e+00 0.000000000000000000e+00
0.000000000000000000e+00 1.000000000000000000e+00 0.000000000000000000e+00
0.000000000000000000e+00 9.960937500000000000e-01 0.000000000000000000e+00
0.000000000000000000e+00 9.960937500000000000e-01 0.000000000000000000e+00
0.000000000000000000e+00 9.965820312500000000e-01 0.000000000000000000e+00
0.000000000000000000e+00 9.970703125000000000e-01 0.000000000000000000e+00
0.000000000000000000e+00 9.975585937500000000e-01 0.000000000000000000e+00
0.000000000000000000e+00 9.982910156250000000e-01 0.000000000000000000e+00
0.000000000000000000e+00 9.985351562500000000e-01 0.000000000000000000e+00
0.000000000000000000e+00 9.987792968750000000e-01 0.000000000000000000e+00
0.000000000000000000e+00 9.990844726562500000e-01 0.000000000000000000e+00
0.000000000000000000e+00 9.990844726562500000e-01 0.000000000000000000e+00
0.000000000000000000e+00 9.993896484375000000e-01 0.000000000000000000e+00
0.000000000000000000e+00 9.993896484375000000e-01 0.000000000000000000e+00
0.000000000000000000e+00 9.954833984375000000e-01 0.000000000000000000e+00
0.000000000000000000e+00 9.962768554687500000e-01 0.000000000000000000e+00
0.000000000000000000e+00 9.961547851562500000e-01 0.000000000000000000e+00
0.000000000000000000e+00 1.000000000000000000e+00 0.000000000000000000e+00
0.000000000000000000e+00 1.000000000000000000e+00 0.000000000000000000e+00
0.000000000000000000e+00 1.000000000000000000e+00 0.000000000000000000e+00
0.000000000000000000e+00 1.000000000000000000e+00 0.000000000000000000e+00
0.000000000000000000e+00 1.000000000000000000e+00 0.000000000000000000e+00
0.000000000000000000e+00 1.000000000000000000e+00 0.000000000000000000e+00
0.000000000000000000e+00 1.000000000000000000e+00 0.000000000000000000e+00
0.000000000000000000e+00 9.960937500000000000e-01 0.000000000000000000e+00
0.000000000000000000e+00 1.000000000000000000e+00 0.000000000000000000e+00
0.000000000000000000e+00 1.000000000000000000e+00 0.000000000000000000e+00
0.000000000000000000e+00 1.000000000000000000e+00 0.000000000000000000e+00
0.000000000000000000e+00 1.000000000000000000e+00 0.000000000000000000e+00
0.000000000000000000e+00 1.000000000000000000e+00 0.000000000000000000e+00
0.000000000000000000e+00 1.000000000000000000e+00 0.000000000000000000e+00
0.000000000000000000e+00 1.000000000000000000e+00 0.000000000000000000e+00
0.000000000000000000e+00 1.000000000000000000e+00 0.000000000000000000e+00
0.000000000000000000e+00 1.000000000000000000e+00 0.000000000000000000e+00
0.000000000000000000e+00 1.000000000000000000e+00 0.000000000000000000e+00
0.000000000000000000e+00 1.000000000000000000e+00 0.000000000000000000e+00
0.000000000000000000e+00 1.000000000000000000e+00 0.000000000000000000e+00
0.000000000000000000e+00 9.960937500000000000e-01 0.000000000000000000e+00
0.000000000000000000e+00 9.960937500000000000e-01 0.000000000000000000e+00
0.000000000000000000e+00 9.960937500000000000e-01 0.000000000000000000e+00
0.000000000000000000e+00 1.000000000000000000e+00 0.000000000000000000e+00
0.000000000000000000e+00 9.960937500000000000e-01 0.000000000000000000e+00
0.000000000000000000e+00 9.960937500000000000e-01 0.000000000000000000e+00
0.000000000000000000e+00 9.960937500000000000e-01 0.000000000000000000e+00
0.000000000000000000e+00 9.965820312500000000e-01 0.000000000000000000e+00
0.000000000000000000e+00 9.965820312500000000e-01 0.000000000000000000e+00
0.000000000000000000e+00 9.965820312500000000e-01 0.000000000000000000e+00
0.000000000000000000e+00 9.965820312500000000e-01 0.000000000000000000e+00
0.000000000000000000e+00 9.969482421875000000e-01 0.000000000000000000e+00
0.000000000000000000e+00 9.969482421875000000e-01 0.000000000000000000e+00
0.000000000000000000e+00 9.969482421875000000e-01 0.000000000000000000e+00
0.000000000000000000e+00 9.973754882812500000e-01 0.000000000000000000e+00
0.000000000000000000e+00 9.982299804687500000e-01 0.000000000000000000e+00
0.000000000000000000e+00 9.982299804687500000e-01 0.000000000000000000e+00
0.000000000000000000e+00 9.982299804687500000e-01 0.000000000000000000e+00
0.000000000000000000e+00 9.982299804687500000e-01 0.000000000000000000e+00
0.000000000000000000e+00 9.985961914062500000e-01 0.000000000000000000e+00
0.000000000000000000e+00 9.987182617187500000e-01 0.000000000000000000e+00
0.000000000000000000e+00 9.993286132812500000e-01 0.000000000000000000e+00
0.000000000000000000e+00 9.993286132812500000e-01 0.000000000000000000e+00
0.000000000000000000e+00 9.993286132812500000e-01 0.000000000000000000e+00
0.000000000000000000e+00 9.993286132812500000e-01 0.000000000000000000e+00
0.000000000000000000e+00 9.955444335937500000e-01 0.000000000000000000e+00
0.000000000000000000e+00 9.960327148437500000e-01 0.000000000000000000e+00
0.000000000000000000e+00 9.968261718750000000e-01 0.000000000000000000e+00
0.000000000000000000e+00 9.968261718750000000e-01 0.000000000000000000e+00
0.000000000000000000e+00 9.972534179687500000e-01 0.000000000000000000e+00
0.000000000000000000e+00 9.976806640625000000e-01 0.000000000000000000e+00
0.000000000000000000e+00 9.976806640625000000e-01 0.000000000000000000e+00
0.000000000000000000e+00 9.981079101562500000e-01 0.000000000000000000e+00
0.000000000000000000e+00 9.986572265625000000e-01 0.000000000000000000e+00
0.000000000000000000e+00 9.987792968750000000e-01 0.000000000000000000e+00
0.000000000000000000e+00 9.987792968750000000e-01 0.000000000000000000e+00
0.000000000000000000e+00 9.987792968750000000e-01 0.000000000000000000e+00
0.000000000000000000e+00 9.987792968750000000e-01 0.000000000000000000e+00
0.000000000000000000e+00 9.991455078125000000e-01 0.000000000000000000e+00
0.000000000000000000e+00 9.991455078125000000e-01 0.000000000000000000e+00
0.000000000000000000e+00 1.000000000000000000e+00 0.000000000000000000e+00
0.000000000000000000e+00 1.000000000000000000e+00 0.000000000000000000e+00
0.000000000000000000e+00 1.000000000000000000e+00 0.000000000000000000e+00
0.000000000000000000e+00 1.000000000000000000e+00 0.000000000000000000e+00
0.000000000000000000e+00 1.000000000000000000e+00 0.000000000000000000e+00
0.000000000000000000e+00 1.000000000000000000e+00 0.000000000000000000e+00
0.000000000000000000e+00 1.000000000000000000e+00 0.000000000000000000e+00
0.000000000000000000e+00 1.000000000000000000e+00 0.000000000000000000e+00
0.000000000000000000e+00 1.000000000000000000e+00 0.000000000000000000e+00
0.000000000000000000e+00 1.000000000000000000e+00 0.000000000000000000e+00
0.000000000000000000e+00 1.000000000000000000e+00 0.000000000000000000e+00
0.000000000000000000e+00 1.000000000000000000e+00 0.000000000000000000e+00
0.000000000000000000e+00 1.000000000000000000e+00 0.000000000000000000e+00
0.000000000000000000e+00 1.000000000000000000e+00 0.000000000000000000e+00
0.000000000000000000e+00 1.000000000000000000e+00 0.000000000000000000e+00
0.000000000000000000e+00 1.000000000000000000e+00 0.000000000000000000e+00
0.000000000000000000e+00 9.960937500000000000e-01 0.000000000000000000e+00
0.000000000000000000e+00 9.965820312500000000e-01 0.000000000000000000e+00
0.000000000000000000e+00 9.970703125000000000e-01 0.000000000000000000e+00
0.000000000000000000e+00 9.978637695312500000e-01 0.000000000000000000e+00
0.000000000000000000e+00 9.978637695312500000e-01 0.000000000000000000e+00
0.000000000000000000e+00 9.978637695312500000e-01 0.000000000000000000e+00
0.000000000000000000e+00 9.982910156250000000e-01 0.000000000000000000e+00
0.000000000000000000e+00 9.987182617187500000e-01 0.000000000000000000e+00
0.000000000000000000e+00 9.987792968750000000e-01 0.000000000000000000e+00
0.000000000000000000e+00 9.987792968750000000e-01 0.000000000000000000e+00
0.000000000000000000e+00 9.992675781250000000e-01 0.000000000000000000e+00
0.000000000000000000e+00 9.993286132812500000e-01 0.000000000000000000e+00
0.000000000000000000e+00 9.993286132812500000e-01 0.000000000000000000e+00
0.000000000000000000e+00 9.993286132812500000e-01 0.000000000000000000e+00
0.000000000000000000e+00 9.995727539062500000e-01 0.000000000000000000e+00
0.000000000000000000e+00 9.995727539062500000e-01 0.000000000000000000e+00
0.000000000000000000e+00 9.995727539062500000e-01 0.000000000000000000e+00
0.000000000000000000e+00 9.995727539062500000e-01 0.000000000000000000e+00
0.000000000000000000e+00 9.995727539062500000e-01 0.000000000000000000e+00
0.000000000000000000e+00 9.991455078125000000e-01 0.000000000000000000e+00
0.000000000000000000e+00 9.991455078125000000e-01 0.000000000000000000e+00
0.000000000000000000e+00 9.991455078125000000e-01 0.000000000000000000e+00
0.000000000000000000e+00 9.991455078125000000e-01 0.000000000000000000e+00
0.000000000000000000e+00 9.991455078125000000e-01 0.000000000000000000e+00
0.000000000000000000e+00 9.995117187500000000e-01 0.000000000000000000e+00
0.000000000000000000e+00 9.995117187500000000e-01 0.000000000000000000e+00
0.000000000000000000e+00 9.994506835937500000e-01 0.000000000000000000e+00
0.000000000000000000e+00 9.994506835937500000e-01 0.000000000000000000e+00
0.000000000000000000e+00 9.994506835937500000e-01 0.000000000000000000e+00
0.000000000000000000e+00 9.995117187500000000e-01 0.000000000000000000e+00
0.000000000000000000e+00 9.995727539062500000e-01 0.000000000000000000e+00
0.000000000000000000e+00 9.995117187500000000e-01 0.000000000000000000e+00
0.000000000000000000e+00 9.995117187500000000e-01 0.000000000000000000e+00
0.000000000000000000e+00 9.995117187500000000e-01 0.000000000000000000e+00
0.000000000000000000e+00 9.995117187500000000e-01 0.000000000000000000e+00
0.000000000000000000e+00 9.996948242187500000e-01 0.000000000000000000e+00
0.000000000000000000e+00 9.996948242187500000e-01 0.000000000000000000e+00
0.000000000000000000e+00 9.993896484375000000e-01 0.000000000000000000e+00
0.000000000000000000e+00 9.993896484375000000e-01 0.000000000000000000e+00
0.000000000000000000e+00 9.993896484375000000e-01 0.000000000000000000e+00
0.000000000000000000e+00 9.993896484375000000e-01 0.000000000000000000e+00
0.000000000000000000e+00 9.995727539062500000e-01 0.000000000000000000e+00
0.000000000000000000e+00 9.995727539062500000e-01 0.000000000000000000e+00
0.000000000000000000e+00 9.995727539062500000e-01 0.000000000000000000e+00
0.000000000000000000e+00 1.000000000000000000e+00 0.000000000000000000e+00
0.000000000000000000e+00 1.000000000000000000e+00 0.000000000000000000e+00
0.000000000000000000e+00 1.000000000000000000e+00 0.000000000000000000e+00
0.000000000000000000e+00 1.000000000000000000e+00 0.000000000000000000e+00
0.000000000000000000e+00 1.000000000000000000e+00 0.000000000000000000e+00
0.000000000000000000e+00 1.000000000000000000e+00 0.000000000000000000e+00
0.000000000000000000e+00 1.000000000000000000e+00 0.000000000000000000e+00
0.000000000000000000e+00 1.000000000000000000e+00 0.000000000000000000e+00
0.000000000000000000e+00 1.000000000000000000e+00 0.000000000000000000e+00
0.000000000000000000e+00 9.960937500000000000e-01 0.000000000000000000e+00
0.000000000000000000e+00 9.960937500000000000e-01 0.000000000000000000e+00
0.000000000000000000e+00 9.965820312500000000e-01 0.000000000000000000e+00
0.000000000000000000e+00 9.970703125000000000e-01 0.000000000000000000e+00
0.000000000000000000e+00 9.975585937500000000e-01 0.000000000000000000e+00
0.000000000000000000e+00 9.975585937500000000e-01 0.000000000000000000e+00
0.000000000000000000e+00 9.978637695312500000e-01 0.000000000000000000e+00
0.000000000000000000e+00 9.978637695312500000e-01 0.000000000000000000e+00
0.000000000000000000e+00 9.978637695312500000e-01 0.000000000000000000e+00
0.000000000000000000e+00 9.978637695312500000e-01 0.000000000000000000e+00
0.000000000000000000e+00 9.981689453125000000e-01 0.000000000000000000e+00
0.000000000000000000e+00 9.981689453125000000e-01 0.000000000000000000e+00
0.000000000000000000e+00 9.986572265625000000e-01 0.000000000000000000e+00
0.000000000000000000e+00 9.988403320312500000e-01 0.000000000000000000e+00
0.000000000000000000e+00 9.988403320312500000e-01 0.000000000000000000e+00
0.000000000000000000e+00 9.988403320312500000e-01 0.000000000000000000e+00
0.000000000000000000e+00 9.988403320312500000e-01 0.000000000000000000e+00
0.000000000000000000e+00 9.988403320312500000e-01 0.000000000000000000e+00
0.000000000000000000e+00 9.988403320312500000e-01 0.000000000000000000e+00
0.000000000000000000e+00 9.990234375000000000e-01 0.000000000000000000e+00
0.000000000000000000e+00 9.992065429687500000e-01 0.000000000000000000e+00
0.000000000000000000e+00 9.956665039062500000e-01 0.000000000000000000e+00
0.000000000000000000e+00 9.967041015625000000e-01 0.000000000000000000e+00
0.000000000000000000e+00 9.970703125000000000e-01 0.000000000000000000e+00
0.000000000000000000e+00 9.976196289062500000e-01 0.000000000000000000e+00
0.000000000000000000e+00 9.979248046875000000e-01 0.000000000000000000e+00
0.000000000000000000e+00 9.979248046875000000e-01 0.000000000000000000e+00
0.000000000000000000e+00 9.984741210937500000e-01 0.000000000000000000e+00
0.000000000000000000e+00 9.989013671875000000e-01 0.000000000000000000e+00
0.000000000000000000e+00 9.993896484375000000e-01 0.000000000000000000e+00
0.000000000000000000e+00 9.994506835937500000e-01 0.000000000000000000e+00
0.000000000000000000e+00 9.993286132812500000e-01 0.000000000000000000e+00
0.000000000000000000e+00 9.990234375000000000e-01 0.000000000000000000e+00
0.000000000000000000e+00 9.990234375000000000e-01 0.000000000000000000e+00
0.000000000000000000e+00 9.993286132812500000e-01 0.000000000000000000e+00
0.000000000000000000e+00 9.993286132812500000e-01 0.000000000000000000e+00
0.000000000000000000e+00 9.995117187500000000e-01 0.000000000000000000e+00
0.000000000000000000e+00 9.995117187500000000e-01 0.000000000000000000e+00
0.000000000000000000e+00 9.995117187500000000e-01 0.000000000000000000e+00
0.000000000000000000e+00 9.995117187500000000e-01 0.000000000000000000e+00
0.000000000000000000e+00 9.995117187500000000e-01 0.000000000000000000e+00
0.000000000000000000e+00 9.995727539062500000e-01 0.000000000000000000e+00
0.000000000000000000e+00 9.995727539062500000e-01 0.000000000000000000e+00
0.000000000000000000e+00 9.995727539062500000e-01 0.000000000000000000e+00
0.000000000000000000e+00 9.993896484375000000e-01 0.000000000000000000e+00
0.000000000000000000e+00 9.996948242187500000e-01 0.000000000000000000e+00
0.000000000000000000e+00 9.957885742187500000e-01 0.000000000000000000e+00
0.000000000000000000e+00 9.959716796875000000e-01 0.000000000000000000e+00
0.000000000000000000e+00 9.967651367187500000e-01 0.000000000000000000e+00
0.000000000000000000e+00 9.972534179687500000e-01 0.000000000000000000e+00
0.000000000000000000e+00 9.980468750000000000e-01 0.000000000000000000e+00
0.000000000000000000e+00 1.000000000000000000e+00 0.000000000000000000e+00
0.000000000000000000e+00 1.000000000000000000e+00 0.000000000000000000e+00
0.000000000000000000e+00 1.000000000000000000e+00 0.000000000000000000e+00
0.000000000000000000e+00 1.000000000000000000e+00 0.000000000000000000e+00
0.000000000000000000e+00 1.000000000000000000e+00 0.000000000000000000e+00
0.000000000000000000e+00 1.000000000000000000e+00 0.000000000000000000e+00
0.000000000000000000e+00 9.960937500000000000e-01 0.000000000000000000e+00
0.000000000000000000e+00 9.965820312500000000e-01 0.000000000000000000e+00
0.000000000000000000e+00 9.977416992187500000e-01 0.000000000000000000e+00
0.000000000000000000e+00 9.981689453125000000e-01 0.000000000000000000e+00
0.000000000000000000e+00 9.981689453125000000e-01 0.000000000000000000e+00
0.000000000000000000e+00 9.981689453125000000e-01 0.000000000000000000e+00
0.000000000000000000e+00 9.981689453125000000e-01 0.000000000000000000e+00
0.000000000000000000e+00 9.985961914062500000e-01 0.000000000000000000e+00
0.000000000000000000e+00 9.970703125000000000e-01 0.000000000000000000e+00
0.000000000000000000e+00 9.967651367187500000e-01 0.000000000000000000e+00
0.000000000000000000e+00 9.969482421875000000e-01 0.000000000000000000e+00
0.000000000000000000e+00 9.976196289062500000e-01 0.000000000000000000e+00
0.000000000000000000e+00 9.936523437500000000e-01 0.000000000000000000e+00
0.000000000000000000e+00 9.949340820312500000e-01 0.000000000000000000e+00
0.000000000000000000e+00 9.950561523437500000e-01 0.000000000000000000e+00
0.000000000000000000e+00 9.950561523437500000e-01 0.000000000000000000e+00
0.000000000000000000e+00 9.959106445312500000e-01 0.000000000000000000e+00
0.000000000000000000e+00 9.956665039062500000e-01 0.000000000000000000e+00
0.000000000000000000e+00 9.968872070312500000e-01 0.000000000000000000e+00
0.000000000000000000e+00 9.968872070312500000e-01 0.000000000000000000e+00
0.000000000000000000e+00 9.989013671875000000e-01 0.000000000000000000e+00
0.000000000000000000e+00 9.989013671875000000e-01 0.000000000000000000e+00
0.000000000000000000e+00 9.991455078125000000e-01 0.000000000000000000e+00
0.000000000000000000e+00 9.982910156250000000e-01 0.000000000000000000e+00
0.000000000000000000e+00 9.982910156250000000e-01 0.000000000000000000e+00
0.000000000000000000e+00 9.991455078125000000e-01 0.000000000000000000e+00
0.000000000000000000e+00 9.991455078125000000e-01 0.000000000000000000e+00
0.000000000000000000e+00 9.991455078125000000e-01 0.000000000000000000e+00
0.000000000000000000e+00 9.995117187500000000e-01 0.000000000000000000e+00
0.000000000000000000e+00 9.995117187500000000e-01 0.000000000000000000e+00
0.000000000000000000e+00 9.995117187500000000e-01 0.000000000000000000e+00
0.000000000000000000e+00 9.990234375000000000e-01 0.000000000000000000e+00
0.000000000000000000e+00 9.995117187500000000e-01 0.000000000000000000e+00
0.000000000000000000e+00 9.995117187500000000e-01 0.000000000000000000e+00
0.000000000000000000e+00 9.995117187500000000e-01 0.000000000000000000e+00
0.000000000000000000e+00 9.994506835937500000e-01 0.000000000000000000e+00
0.000000000000000000e+00 9.989013671875000000e-01 0.000000000000000000e+00
0.000000000000000000e+00 9.994506835937500000e-01 0.000000000000000000e+00
0.000000000000000000e+00 9.994506835937500000e-01 0.000000000000000000e+00
0.000000000000000000e+00 9.994506835937500000e-01 0.000000000000000000e+00
0.000000000000000000e+00 9.994506835937500000e-01 0.000000000000000000e+00
0.000000000000000000e+00 9.994506835937500000e-01 0.000000000000000000e+00
0.000000000000000000e+00 9.994506835937500000e-01 0.000000000000000000e+00
0.000000000000000000e+00 9.994506835937500000e-01 0.000000000000000000e+00
0.000000000000000000e+00 9.994506835937500000e-01 0.000000000000000000e+00
0.000000000000000000e+00 9.994506835937500000e-01 0.000000000000000000e+00
0.000000000000000000e+00 9.994506835937500000e-01 0.000000000000000000e+00
0.000000000000000000e+00 9.994506835937500000e-01 0.000000000000000000e+00
0.000000000000000000e+00 9.994506835937500000e-01 0.000000000000000000e+00
0.000000000000000000e+00 9.989013671875000000e-01 0.000000000000000000e+00
0.000000000000000000e+00 9.994506835937500000e-01 0.000000000000000000e+00
0.000000000000000000e+00 9.996948242187500000e-01 0.000000000000000000e+00
0.000000000000000000e+00 9.996948242187500000e-01 0.000000000000000000e+00
0.000000000000000000e+00 9.996948242187500000e-01 0.000000000000000000e+00
0.000000000000000000e+00 1.000000000000000000e+00 0.000000000000000000e+00
0.000000000000000000e+00 1.000000000000000000e+00 0.000000000000000000e+00
0.000000000000000000e+00 9.960937500000000000e-01 0.000000000000000000e+00
0.000000000000000000e+00 9.965820312500000000e-01 0.000000000000000000e+00
0.000000000000000000e+00 9.970703125000000000e-01 0.000000000000000000e+00
0.000000000000000000e+00 9.975585937500000000e-01 0.000000000000000000e+00
0.000000000000000000e+00 9.980468750000000000e-01 0.000000000000000000e+00
0.000000000000000000e+00 9.980468750000000000e-01 0.000000000000000000e+00
0.000000000000000000e+00 9.980468750000000000e-01 0.000000000000000000e+00
0.000000000000000000e+00 9.985961914062500000e-01 0.000000000000000000e+00
0.000000000000000000e+00 9.985961914062500000e-01 0.000000000000000000e+00
0.000000000000000000e+00 9.987792968750000000e-01 0.000000000000000000e+00
0.000000000000000000e+00 9.987792968750000000e-01 0.000000000000000000e+00
0.000000000000000000e+00 9.992065429687500000e-01 0.000000000000000000e+00
0.000000000000000000e+00 9.992065429687500000e-01 0.000000000000000000e+00
0.000000000000000000e+00 9.992065429687500000e-01 0.000000000000000000e+00
0.000000000000000000e+00 9.992065429687500000e-01 0.000000000000000000e+00
0.000000000000000000e+00 9.995117187500000000e-01 0.000000000000000000e+00
0.000000000000000000e+00 9.995727539062500000e-01 0.000000000000000000e+00
0.000000000000000000e+00 9.993286132812500000e-01 0.000000000000000000e+00
0.000000000000000000e+00 9.993896484375000000e-01 0.000000000000000000e+00
0.000000000000000000e+00 9.994506835937500000e-01 0.000000000000000000e+00
0.000000000000000000e+00 9.995117187500000000e-01 0.000000000000000000e+00
0.000000000000000000e+00 9.995727539062500000e-01 0.000000000000000000e+00
0.000000000000000000e+00 9.995117187500000000e-01 0.000000000000000000e+00
0.000000000000000000e+00 9.995117187500000000e-01 0.000000000000000000e+00
0.000000000000000000e+00 9.995117187500000000e-01 0.000000000000000000e+00
0.000000000000000000e+00 9.995117187500000000e-01 0.000000000000000000e+00
0.000000000000000000e+00 9.995117187500000000e-01 0.000000000000000000e+00
0.000000000000000000e+00 9.996948242187500000e-01 0.000000000000000000e+00
0.000000000000000000e+00 9.995727539062500000e-01 0.000000000000000000e+00
0.000000000000000000e+00 9.997558593750000000e-01 0.000000000000000000e+00
0.000000000000000000e+00 9.997558593750000000e-01 0.000000000000000000e+00
0.000000000000000000e+00 9.997558593750000000e-01 0.000000000000000000e+00
0.000000000000000000e+00 9.997558593750000000e-01 0.000000000000000000e+00
0.000000000000000000e+00 9.997558593750000000e-01 0.000000000000000000e+00
0.000000000000000000e+00 9.997558593750000000e-01 0.000000000000000000e+00
0.000000000000000000e+00 9.959716796875000000e-01 0.000000000000000000e+00
0.000000000000000000e+00 9.959716796875000000e-01 0.000000000000000000e+00
0.000000000000000000e+00 1.000000000000000000e+00 0.000000000000000000e+00
0.000000000000000000e+00 1.000000000000000000e+00 0.000000000000000000e+00
0.000000000000000000e+00 1.000000000000000000e+00 0.000000000000000000e+00
0.000000000000000000e+00 1.000000000000000000e+00 0.000000000000000000e+00
0.000000000000000000e+00 1.000000000000000000e+00 0.000000000000000000e+00
0.000000000000000000e+00 1.000000000000000000e+00 0.000000000000000000e+00
0.000000000000000000e+00 1.000000000000000000e+00 0.000000000000000000e+00
0.000000000000000000e+00 1.000000000000000000e+00 0.000000000000000000e+00
0.000000000000000000e+00 1.000000000000000000e+00 0.000000000000000000e+00
0.000000000000000000e+00 1.000000000000000000e+00 0.000000000000000000e+00
0.000000000000000000e+00 1.000000000000000000e+00 0.000000000000000000e+00
0.000000000000000000e+00 1.000000000000000000e+00 0.000000000000000000e+00
0.000000000000000000e+00 1.000000000000000000e+00 0.000000000000000000e+00
0.000000000000000000e+00 1.000000000000000000e+00 0.000000000000000000e+00
0.000000000000000000e+00 1.000000000000000000e+00 0.000000000000000000e+00
0.000000000000000000e+00 1.000000000000000000e+00 0.000000000000000000e+00
0.000000000000000000e+00 1.000000000000000000e+00 0.000000000000000000e+00
0.000000000000000000e+00 1.000000000000000000e+00 0.000000000000000000e+00
0.000000000000000000e+00 1.000000000000000000e+00 0.000000000000000000e+00
0.000000000000000000e+00 1.000000000000000000e+00 0.000000000000000000e+00
0.000000000000000000e+00 1.000000000000000000e+00 0.000000000000000000e+00
0.000000000000000000e+00 1.000000000000000000e+00 0.000000000000000000e+00
0.000000000000000000e+00 1.000000000000000000e+00 0.000000000000000000e+00
0.000000000000000000e+00 1.000000000000000000e+00 0.000000000000000000e+00
0.000000000000000000e+00 1.000000000000000000e+00 0.000000000000000000e+00
0.000000000000000000e+00 1.000000000000000000e+00 0.000000000000000000e+00
0.000000000000000000e+00 1.000000000000000000e+00 0.000000000000000000e+00
0.000000000000000000e+00 1.000000000000000000e+00 0.000000000000000000e+00
0.000000000000000000e+00 1.000000000000000000e+00 0.000000000000000000e+00
0.000000000000000000e+00 1.000000000000000000e+00 0.000000000000000000e+00
0.000000000000000000e+00 1.000000000000000000e+00 0.000000000000000000e+00
0.000000000000000000e+00 1.000000000000000000e+00 0.000000000000000000e+00
0.000000000000000000e+00 1.000000000000000000e+00 0.000000000000000000e+00
0.000000000000000000e+00 1.000000000000000000e+00 0.000000000000000000e+00
0.000000000000000000e+00 1.000000000000000000e+00 0.000000000000000000e+00
0.000000000000000000e+00 1.000000000000000000e+00 0.000000000000000000e+00
0.000000000000000000e+00 1.000000000000000000e+00 0.000000000000000000e+00
0.000000000000000000e+00 1.000000000000000000e+00 0.000000000000000000e+00
0.000000000000000000e+00 1.000000000000000000e+00 0.000000000000000000e+00
0.000000000000000000e+00 1.000000000000000000e+00 0.000000000000000000e+00
0.000000000000000000e+00 1.000000000000000000e+00 0.000000000000000000e+00
0.000000000000000000e+00 1.000000000000000000e+00 0.000000000000000000e+00
0.000000000000000000e+00 1.000000000000000000e+00 0.000000000000000000e+00
0.000000000000000000e+00 1.000000000000000000e+00 0.000000000000000000e+00
0.000000000000000000e+00 1.000000000000000000e+00 0.000000000000000000e+00
0.000000000000000000e+00 1.000000000000000000e+00 0.000000000000000000e+00
0.000000000000000000e+00 1.000000000000000000e+00 0.000000000000000000e+00
0.000000000000000000e+00 1.000000000000000000e+00 0.000000000000000000e+00
0.000000000000000000e+00 1.000000000000000000e+00 0.000000000000000000e+00
0.000000000000000000e+00 1.000000000000000000e+00 0.000000000000000000e+00
0.000000000000000000e+00 1.000000000000000000e+00 0.000000000000000000e+00
0.000000000000000000e+00 1.000000000000000000e+00 0.000000000000000000e+00
0.000000000000000000e+00 1.000000000000000000e+00 0.000000000000000000e+00
0.000000000000000000e+00 1.000000000000000000e+00 0.000000000000000000e+00
0.000000000000000000e+00 1.000000000000000000e+00 0.000000000000000000e+00
0.000000000000000000e+00 1.000000000000000000e+00 0.000000000000000000e+00
0.000000000000000000e+00 1.000000000000000000e+00 0.000000000000000000e+00
0.000000000000000000e+00 1.000000000000000000e+00 0.000000000000000000e+00
0.000000000000000000e+00 1.000000000000000000e+00 0.000000000000000000e+00
0.000000000000000000e+00 1.000000000000000000e+00 0.000000000000000000e+00
0.000000000000000000e+00 1.000000000000000000e+00 0.000000000000000000e+00
0.000000000000000000e+00 1.000000000000000000e+00 0.000000000000000000e+00
0.000000000000000000e+00 1.000000000000000000e+00 0.000000000000000000e+00
0.000000000000000000e+00 1.000000000000000000e+00 0.000000000000000000e+00
0.000000000000000000e+00 1.000000000000000000e+00 0.000000000000000000e+00
0.000000000000000000e+00 1.000000000000000000e+00 0.000000000000000000e+00
0.000000000000000000e+00 1.000000000000000000e+00 0.000000000000000000e+00
0.000000000000000000e+00 1.000000000000000000e+00 0.000000000000000000e+00
0.000000000000000000e+00 1.000000000000000000e+00 0.000000000000000000e+00
0.000000000000000000e+00 1.000000000000000000e+00 0.000000000000000000e+00
0.000000000000000000e+00 1.000000000000000000e+00 0.000000000000000000e+00
0.000000000000000000e+00 1.000000000000000000e+00 0.000000000000000000e+00
0.000000000000000000e+00 1.000000000000000000e+00 0.000000000000000000e+00
0.000000000000000000e+00 9.960937500000000000e-01 0.000000000000000000e+00
0.000000000000000000e+00 9.965820312500000000e-01 0.000000000000000000e+00
0.000000000000000000e+00 9.974365234375000000e-01 0.000000000000000000e+00
0.000000000000000000e+00 9.978637695312500000e-01 0.000000000000000000e+00
0.000000000000000000e+00 9.904785156250000000e-01 0.000000000000000000e+00
0.000000000000000000e+00 9.913940429687500000e-01 0.000000000000000000e+00
