1.188142089843750000e+02 1.271871948242187500e+02 1.000193481445312500e+02
1.197262573242187500e+02 1.281476440429687500e+02 1.007746582031250000e+02
1.201553344726562500e+02 1.286326293945312500e+02 1.011412353515625000e+02
1.198682250976562500e+02 1.284417114257812500e+02 1.009863281250000000e+02
1.201616210937500000e+02 1.289146118164062500e+02 1.013473510742187500e+02
1.198618774414062500e+02 1.292271118164062500e+02 1.012890014648437500e+02
1.190058593750000000e+02 1.295290527343750000e+02 1.008264770507812500e+02
1.189471435546875000e+02 1.299545288085937500e+02 1.007590332031250000e+02
1.188798217773437500e+02 1.299941406250000000e+02 1.009461059570312500e+02
1.192009277343750000e+02 1.301945800781250000e+02 1.017718505859375000e+02
1.192408447265625000e+02 1.302109375000000000e+02 1.019991455078125000e+02
1.194577636718750000e+02 1.303580932617187500e+02 1.023075561523437500e+02
1.192390136718750000e+02 1.301708374023437500e+02 1.023094482421875000e+02
1.190581665039062500e+02 1.301185302734375000e+02 1.021881713867187500e+02
1.186803588867187500e+02 1.299374389648437500e+02 1.020734863281250000e+02
1.186981201171875000e+02 1.301912841796875000e+02 1.022435913085937500e+02
1.184739379882812500e+02 1.298635864257812500e+02 1.019466552734375000e+02
1.185984497070312500e+02 1.300371093750000000e+02 1.018692016601562500e+02
1.186585083007812500e+02 1.302106933593750000e+02 1.017988891601562500e+02
1.186786499023437500e+02 1.300541992187500000e+02 1.017012329101562500e+02
1.185690307617187500e+02 1.299716186523437500e+02 1.016806640625000000e+02
1.187455444335937500e+02 1.300960693359375000e+02 1.017524414062500000e+02
1.188023681640625000e+02 1.301236572265625000e+02 1.017587890625000000e+02
1.191218261718750000e+02 1.302846069335937500e+02 1.014558105468750000e+02
1.190376586914062500e+02 1.300839843750000000e+02 1.012034301757812500e+02
1.190833129882812500e+02 1.300582275390625000e+02 1.012346801757812500e+02
1.188670654296875000e+02 1.298028564453125000e+02 1.008281860351562500e+02
1.186654663085937500e+02 1.296391601562500000e+02 1.006591796875000000e+02
1.183147583007812500e+02 1.292931518554687500e+02 1.005361938476562500e+02
1.183029785156250000e+02 1.294700317382812500e+02 1.006572875976562500e+02
1.182899780273437500e+02 1.294946289062500000e+02 1.006528930664062500e+02
1.183887329101562500e+02 1.296201171875000000e+02 1.008905029296875000e+02
1.183435058593750000e+02 1.296146850585937500e+02 1.007915649414062500e+02
1.185789184570312500e+02 1.298642578125000000e+02 1.011563720703125000e+02
1.187666625976562500e+02 1.300353393554687500e+02 1.014777221679687500e+02
1.188460083007812500e+02 1.300399169921875000e+02 1.015489501953125000e+02
1.189547729492187500e+02 1.300293579101562500e+02 1.014567871093750000e+02
1.189967041015625000e+02 1.300795288085937500e+02 1.016005859375000000e+02
1.190436401367187500e+02 1.300820312500000000e+02 1.012966308593750000e+02
1.189084472656250000e+02 1.300211181640625000e+02 1.009901123046875000e+02
1.189167480468750000e+02 1.300768432617187500e+02 1.007684936523437500e+02
1.192051391601562500e+02 1.303167114257812500e+02 1.009974975585937500e+02
1.190669555664062500e+02 1.302263793945312500e+02 1.005316772460937500e+02
1.193920288085937500e+02 1.303899536132812500e+02 1.014105224609375000e+02
1.189976196289062500e+02 1.300187377929687500e+02 1.015091552734375000e+02
1.190085449218750000e+02 1.301105346679687500e+02 1.019486083984375000e+02
1.190625000000000000e+02 1.300772705078125000e+02 1.018177490234375000e+02
1.190832519531250000e+02 1.301463623046875000e+02 1.020248413085937500e+02
1.188429565429687500e+02 1.299381713867187500e+02 1.017240600585937500e+02
1.189472045898437500e+02 1.301273803710937500e+02 1.017683105468750000e+02
1.188629150390625000e+02 1.301655883789062500e+02 1.015657348632812500e+02
1.188257446289062500e+02 1.301903686523437500e+02 1.013494873046875000e+02
1.187344360351562500e+02 1.301138916015625000e+02 1.012537231445312500e+02
1.186925659179687500e+02 1.300131835937500000e+02 1.013400268554687500e+02
1.186517333984375000e+02 1.301658935546875000e+02 1.017056884765625000e+02
1.187637329101562500e+02 1.302570800781250000e+02 1.020129394531250000e+02
1.187224121093750000e+02 1.302127075195312500e+02 1.019046020507812500e+02
1.186804199218750000e+02 1.302025146484375000e+02 1.019047241210937500e+02
1.185123901367187500e+02 1.299893188476562500e+02 1.015306396484375000e+02
1.186327514648437500e+02 1.300397949218750000e+02 1.015872802734375000e+02
1.185040893554687500e+02 1.297709960937500000e+02 1.014537963867187500e+02
1.188175659179687500e+02 1.301406250000000000e+02 1.016958007812500000e+02
1.186569824218750000e+02 1.300608520507812500e+02 1.014350585937500000e+02
1.187142333984375000e+02 1.300671997070312500e+02 1.016479492187500000e+02
1.185545043945312500e+02 1.299483032226562500e+02 1.015310058593750000e+02
1.187827148437500000e+02 1.300269165039062500e+02 1.017788696289062500e+02
1.187526855468750000e+02 1.299367065429687500e+02 1.018107299804687500e+02
1.187185668945312500e+02 1.299485473632812500e+02 1.019216308593750000e+02
1.185542602539062500e+02 1.298592529296875000e+02 1.009827270507812500e+02
1.185163574218750000e+02 1.299420166015625000e+02 1.006443481445312500e+02
1.185467529296875000e+02 1.300941772460937500e+02 1.004558105468750000e+02
1.185632934570312500e+02 1.301741943359375000e+02 1.004586181640625000e+02
1.186281738281250000e+02 1.301386718750000000e+02 1.005298461914062500e+02
1.186074218750000000e+02 1.302169799804687500e+02 1.005261230468750000e+02
1.184968261718750000e+02 1.302076416015625000e+02 1.004428100585937500e+02
1.183413085937500000e+02 1.300596313476562500e+02 1.004367065429687500e+02
1.182047119140625000e+02 1.299146118164062500e+02 1.005006103515625000e+02
1.183126220703125000e+02 1.301288452148437500e+02 1.007579345703125000e+02
1.188007202148437500e+02 1.303475952148437500e+02 1.007848510742187500e+02
1.189141845703125000e+02 1.302733764648437500e+02 1.006178588867187500e+02
1.189039306640625000e+02 1.300632934570312500e+02 1.004669189453125000e+02
1.188060913085937500e+02 1.298546752929687500e+02 1.001786499023437500e+02
1.187841186523437500e+02 1.298347778320312500e+02 1.001132812500000000e+02
1.188461303710937500e+02 1.300152587890625000e+02 1.002271728515625000e+02
1.183517456054687500e+02 1.297887573242187500e+02 1.000447998046875000e+02
1.182106323242187500e+02 1.297890625000000000e+02 1.001856079101562500e+02
1.182263793945312500e+02 1.298759155273437500e+02 1.001798095703125000e+02
1.181139526367187500e+02 1.298172607421875000e+02 1.001589965820312500e+02
1.180525512695312500e+02 1.297504882812500000e+02 1.002506713867187500e+02
1.180108642578125000e+02 1.298220214843750000e+02 1.006734008789062500e+02
1.179378051757812500e+02 1.297608642578125000e+02 1.008365478515625000e+02
1.178406982421875000e+02 1.296948242187500000e+02 1.008754272460937500e+02
1.177537841796875000e+02 1.296311645507812500e+02 1.008388671875000000e+02
1.178742065429687500e+02 1.297440795898437500e+02 1.008911132812500000e+02
1.179918212890625000e+02 1.296862182617187500e+02 1.006581420898437500e+02
1.182207031250000000e+02 1.297401733398437500e+02 1.006028442382812500e+02
1.183529052734375000e+02 1.297302856445312500e+02 1.007504272460937500e+02
1.184114990234375000e+02 1.298348999023437500e+02 1.004680175781250000e+02
1.184390869140625000e+02 1.298150634765625000e+02 1.009265136718750000e+02
1.183821411132812500e+02 1.298733520507812500e+02 1.014903564453125000e+02
1.184030151367187500e+02 1.298209228515625000e+02 1.016421508789062500e+02
1.183276977539062500e+02 1.297528686523437500e+02 1.015580444335937500e+02
1.183062133789062500e+02 1.297820434570312500e+02 1.016162109375000000e+02
1.182778930664062500e+02 1.298721313476562500e+02 1.018287353515625000e+02
1.180922851562500000e+02 1.298480224609375000e+02 1.015092163085937500e+02
1.180755004882812500e+02 1.298947753906250000e+02 1.015928344726562500e+02
1.178734130859375000e+02 1.298607177734375000e+02 1.014194335937500000e+02
1.177746582031250000e+02 1.297790527343750000e+02 1.012795410156250000e+02
1.177382812500000000e+02 1.295393676757812500e+02 1.009869995117187500e+02
1.178850097656250000e+02 1.297344970703125000e+02 1.007410278320312500e+02
1.178225097656250000e+02 1.297108154296875000e+02 1.005178833007812500e+02
1.181223144531250000e+02 1.300389404296875000e+02 1.006472167968750000e+02
1.182709350585937500e+02 1.300887451171875000e+02 1.009133300781250000e+02
1.180618896484375000e+02 1.299024047851562500e+02 1.006220092773437500e+02
1.180488891601562500e+02 1.297705688476562500e+02 1.005864868164062500e+02
1.181889038085937500e+02 1.297629394531250000e+02 1.005645141601562500e+02
1.183981323242187500e+02 1.299720458984375000e+02 1.007750244140625000e+02
1.184086914062500000e+02 1.298958129882812500e+02 1.007197875976562500e+02
1.184991455078125000e+02 1.298999023437500000e+02 1.009012451171875000e+02
1.185169677734375000e+02 1.297976684570312500e+02 1.011477661132812500e+02
1.186339721679687500e+02 1.299397583007812500e+02 1.013439331054687500e+02
1.188361206054687500e+02 1.302835083007812500e+02 1.015690917968750000e+02
1.186773681640625000e+02 1.301048583984375000e+02 1.015165405273437500e+02
1.187028198242187500e+02 1.301342163085937500e+02 1.013839721679687500e+02
1.184999389648437500e+02 1.298394165039062500e+02 1.010671997070312500e+02
1.185281982421875000e+02 1.298605346679687500e+02 1.011596069335937500e+02
1.184213256835937500e+02 1.297362670898437500e+02 1.010385131835937500e+02
1.183339233398437500e+02 1.295779418945312500e+02 1.008295288085937500e+02
1.176439819335937500e+02 1.293975219726562500e+02 1.008378295898437500e+02
1.172897338867187500e+02 1.294221191406250000e+02 1.008416748046875000e+02
1.171539306640625000e+02 1.293385009765625000e+02 1.009083251953125000e+02
1.171821899414062500e+02 1.293970947265625000e+02 1.011088867187500000e+02
1.170764770507812500e+02 1.293767089843750000e+02 1.009747314453125000e+02
1.176320190429687500e+02 1.297947998046875000e+02 1.005833740234375000e+02
1.177948608398437500e+02 1.296466064453125000e+02 1.001391601562500000e+02
1.177742309570312500e+02 1.297294921875000000e+02 9.995532226562500000e+01
1.177584838867187500e+02 1.294862060546875000e+02 9.989074707031250000e+01
1.180031127929687500e+02 1.296276245117187500e+02 9.974786376953125000e+01
1.181506958007812500e+02 1.299445190429687500e+02 9.995678710937500000e+01
1.183964233398437500e+02 1.302079467773437500e+02 1.001647949218750000e+02
1.185917358398437500e+02 1.303401489257812500e+02 1.003920898437500000e+02
1.189769897460937500e+02 1.306872558593750000e+02 1.009168090820312500e+02
1.192615966796875000e+02 1.311290893554687500e+02 1.012785644531250000e+02
1.197116699218750000e+02 1.316995849609375000e+02 1.019667968750000000e+02
1.200872802734375000e+02 1.322205200195312500e+02 1.023951416015625000e+02
1.202808837890625000e+02 1.325819091796875000e+02 1.028040771484375000e+02
1.203276367187500000e+02 1.326102905273437500e+02 1.032052612304687500e+02
1.204083862304687500e+02 1.328289184570312500e+02 1.034120483398437500e+02
1.201464233398437500e+02 1.327913818359375000e+02 1.031525268554687500e+02
1.199120483398437500e+02 1.328424072265625000e+02 1.026832275390625000e+02
1.194873657226562500e+02 1.325753173828125000e+02 1.023463134765625000e+02
1.191756591796875000e+02 1.324648437500000000e+02 1.021975708007812500e+02
1.189322509765625000e+02 1.324591064453125000e+02 1.020000000000000000e+02
1.187976074218750000e+02 1.321657104492187500e+02 1.018975830078125000e+02
1.185692749023437500e+02 1.320897216796875000e+02 1.021248168945312500e+02
1.187257080078125000e+02 1.317417602539062500e+02 1.022473754882812500e+02
1.185811157226562500e+02 1.316124877929687500e+02 1.020722656250000000e+02
1.187431640625000000e+02 1.317130737304687500e+02 1.020740356445312500e+02
1.190035400390625000e+02 1.319167480468750000e+02 1.021136474609375000e+02
1.190396728515625000e+02 1.321906127929687500e+02 1.020937500000000000e+02
1.193206176757812500e+02 1.324253540039062500e+02 1.021461181640625000e+02
1.194433593750000000e+02 1.325381469726562500e+02 1.021126098632812500e+02
1.194297485351562500e+02 1.324303588867187500e+02 1.020948486328125000e+02
1.197332153320312500e+02 1.326436157226562500e+02 1.030155029296875000e+02
1.195011596679687500e+02 1.328239746093750000e+02 1.034829711914062500e+02
1.194925537109375000e+02 1.328717651367187500e+02 1.035691528320312500e+02
1.195234985351562500e+02 1.328808593750000000e+02 1.037975463867187500e+02
1.194614257812500000e+02 1.328328247070312500e+02 1.038115844726562500e+02
1.196353759765625000e+02 1.327170410156250000e+02 1.038345336914062500e+02
1.198533935546875000e+02 1.330490722656250000e+02 1.037992553710937500e+02
1.199984741210937500e+02 1.329111938476562500e+02 1.037742309570312500e+02
1.200502929687500000e+02 1.328346557617187500e+02 1.037573242187500000e+02
1.199670410156250000e+02 1.326517944335937500e+02 1.037151489257812500e+02
1.195877685546875000e+02 1.325283203125000000e+02 1.032977294921875000e+02
1.190322265625000000e+02 1.325644531250000000e+02 1.029776611328125000e+02
1.191010131835937500e+02 1.331777954101562500e+02 1.031951293945312500e+02
1.190172119140625000e+02 1.334460449218750000e+02 1.032932128906250000e+02
1.191653442382812500e+02 1.337127685546875000e+02 1.035461425781250000e+02
1.194558105468750000e+02 1.338508911132812500e+02 1.036459960937500000e+02
1.202289428710937500e+02 1.338430786132812500e+02 1.036453857421875000e+02
1.199990844726562500e+02 1.335713500976562500e+02 1.033291015625000000e+02
1.200058593750000000e+02 1.334152832031250000e+02 1.030342407226562500e+02
1.199620361328125000e+02 1.331842041015625000e+02 1.028673095703125000e+02
1.198560180664062500e+02 1.329297485351562500e+02 1.028370971679687500e+02
1.195679931640625000e+02 1.325182495117187500e+02 1.028476562500000000e+02
1.192105712890625000e+02 1.322498168945312500e+02 1.028253173828125000e+02
1.191014404296875000e+02 1.320858154296875000e+02 1.026925048828125000e+02
1.191782226562500000e+02 1.320162963867187500e+02 1.027580566406250000e+02
1.193790283203125000e+02 1.320231933593750000e+02 1.029960937500000000e+02
1.194111938476562500e+02 1.320529785156250000e+02 1.034563598632812500e+02
1.194988403320312500e+02 1.320679931640625000e+02 1.035225219726562500e+02
1.196691894531250000e+02 1.321144409179687500e+02 1.036392822265625000e+02
1.199183349609375000e+02 1.324008178710937500e+02 1.040317382812500000e+02
1.201373291015625000e+02 1.326785278320312500e+02 1.035247192382812500e+02
1.201757202148437500e+02 1.327880249023437500e+02 1.030435791015625000e+02
1.202248535156250000e+02 1.328446044921875000e+02 1.026441040039062500e+02
1.203205566406250000e+02 1.330477905273437500e+02 1.025807495117187500e+02
1.204306030273437500e+02 1.331118774414062500e+02 1.026843872070312500e+02
1.197671508789062500e+02 1.332413330078125000e+02 1.028218994140625000e+02
1.192990722656250000e+02 1.334437255859375000e+02 1.030117187500000000e+02
1.186719360351562500e+02 1.335557861328125000e+02 1.028740844726562500e+02
1.184981079101562500e+02 1.335446777343750000e+02 1.033480834960937500e+02
1.184802856445312500e+02 1.335897216796875000e+02 1.034148559570312500e+02
1.188491821289062500e+02 1.336493530273437500e+02 1.031623535156250000e+02
1.194302368164062500e+02 1.336524658203125000e+02 1.024665527343750000e+02
1.198346557617187500e+02 1.337325439453125000e+02 1.024848632812500000e+02
1.197919311523437500e+02 1.335759277343750000e+02 1.021334838867187500e+02
1.199528808593750000e+02 1.336788330078125000e+02 1.021903076171875000e+02
1.198250732421875000e+02 1.334595336914062500e+02 1.026289672851562500e+02
1.201962890625000000e+02 1.336977539062500000e+02 1.028993530273437500e+02
1.205110473632812500e+02 1.337632446289062500e+02 1.033654785156250000e+02
1.207144775390625000e+02 1.341315917968750000e+02 1.036672973632812500e+02
1.209718627929687500e+02 1.343292236328125000e+02 1.039005737304687500e+02
1.208140258789062500e+02 1.342832641601562500e+02 1.038515625000000000e+02
1.205706176757812500e+02 1.342747192382812500e+02 1.038482666015625000e+02
1.206064453125000000e+02 1.342745971679687500e+02 1.038383789062500000e+02
1.206050415039062500e+02 1.340966186523437500e+02 1.038704833984375000e+02
1.207495117187500000e+02 1.341943359375000000e+02 1.039550170898437500e+02
1.209219360351562500e+02 1.342169189453125000e+02 1.041345825195312500e+02
1.209916992187500000e+02 1.342936401367187500e+02 1.042927856445312500e+02
1.208082885742187500e+02 1.340381469726562500e+02 1.041762084960937500e+02
1.210180053710937500e+02 1.341805419921875000e+02 1.044627075195312500e+02
1.209748535156250000e+02 1.339967651367187500e+02 1.043926391601562500e+02
1.208205566406250000e+02 1.340806274414062500e+02 1.046640625000000000e+02
1.207413330078125000e+02 1.342523803710937500e+02 1.047075195312500000e+02
1.201555175781250000e+02 1.341238403320312500e+02 1.046835937500000000e+02
1.197731933593750000e+02 1.338312988281250000e+02 1.043244018554687500e+02
1.198940429687500000e+02 1.340159301757812500e+02 1.044270019531250000e+02
1.200189819335937500e+02 1.342779541015625000e+02 1.048367309570312500e+02
1.198582153320312500e+02 1.343115234375000000e+02 1.049392089843750000e+02
1.197802124023437500e+02 1.343518676757812500e+02 1.049212036132812500e+02
1.198066406250000000e+02 1.344107055664062500e+02 1.048350219726562500e+02
1.197999877929687500e+02 1.344633789062500000e+02 1.048790893554687500e+02
1.201464233398437500e+02 1.341187744140625000e+02 1.047785034179687500e+02
1.202808227539062500e+02 1.338615112304687500e+02 1.044234619140625000e+02
1.207493896484375000e+02 1.339721069335937500e+02 1.045413208007812500e+02
1.210038452148437500e+02 1.343072509765625000e+02 1.047468872070312500e+02
1.209252319335937500e+02 1.341878051757812500e+02 1.044816284179687500e+02
1.207625732421875000e+02 1.339146728515625000e+02 1.040888671875000000e+02
1.208228759765625000e+02 1.342113037109375000e+02 1.035950317382812500e+02
1.206529541015625000e+02 1.341961059570312500e+02 1.037783813476562500e+02
1.207438354492187500e+02 1.343857421875000000e+02 1.038433837890625000e+02
1.208637084960937500e+02 1.344030761718750000e+02 1.039573364257812500e+02
1.207152099609375000e+02 1.344922485351562500e+02 1.041343994140625000e+02
1.207023925781250000e+02 1.346210937500000000e+02 1.043668823242187500e+02
1.207228393554687500e+02 1.348646240234375000e+02 1.045997314453125000e+02
1.206437377929687500e+02 1.350782470703125000e+02 1.048471069335937500e+02
1.206122436523437500e+02 1.350735473632812500e+02 1.048717651367187500e+02
1.205279541015625000e+02 1.351068115234375000e+02 1.045830078125000000e+02
1.204915161132812500e+02 1.352803955078125000e+02 1.043926391601562500e+02
1.204774169921875000e+02 1.353036499023437500e+02 1.043203125000000000e+02
1.205266113281250000e+02 1.353605346679687500e+02 1.045050659179687500e+02
1.203977661132812500e+02 1.351834716796875000e+02 1.043211669921875000e+02
1.208272705078125000e+02 1.353245239257812500e+02 1.048143920898437500e+02
1.212665405273437500e+02 1.353171386718750000e+02 1.050634765625000000e+02
1.215258789062500000e+02 1.350194091796875000e+02 1.050676269531250000e+02
1.215106201171875000e+02 1.348959350585937500e+02 1.052500610351562500e+02
1.216526489257812500e+02 1.347495727539062500e+02 1.051924438476562500e+02
1.210863647460937500e+02 1.345394287109375000e+02 1.051051025390625000e+02
1.205029907226562500e+02 1.347160644531250000e+02 1.051593017578125000e+02
1.204077758789062500e+02 1.348493041992187500e+02 1.055159912109375000e+02
1.202963867187500000e+02 1.348151855468750000e+02 1.055805053710937500e+02
1.204563598632812500e+02 1.348789062500000000e+02 1.056941528320312500e+02
1.202736816406250000e+02 1.348806152343750000e+02 1.056497802734375000e+02
1.204302368164062500e+02 1.348472900390625000e+02 1.056032714843750000e+02
1.204584960937500000e+02 1.348225097656250000e+02 1.055153198242187500e+02
1.204091796875000000e+02 1.345993652343750000e+02 1.051904907226562500e+02
1.204584960937500000e+02 1.345697021484375000e+02 1.051853027343750000e+02
1.206077270507812500e+02 1.343225708007812500e+02 1.051311035156250000e+02
1.206032104492187500e+02 1.342567749023437500e+02 1.049086914062500000e+02
1.208176879882812500e+02 1.339290161132812500e+02 1.045753173828125000e+02
1.203978881835937500e+02 1.332091064453125000e+02 1.039539794921875000e+02
1.202337646484375000e+02 1.329561767578125000e+02 1.035837402343750000e+02
1.202643432617187500e+02 1.330027465820312500e+02 1.035421142578125000e+02
1.201314697265625000e+02 1.330461425781250000e+02 1.034208374023437500e+02
1.203428955078125000e+02 1.333131103515625000e+02 1.037449951171875000e+02
1.202381591796875000e+02 1.337308349609375000e+02 1.039105224609375000e+02
1.204306030273437500e+02 1.340983886718750000e+02 1.041079711914062500e+02
1.207592773437500000e+02 1.342222900390625000e+02 1.042704467773437500e+02
1.211041259765625000e+02 1.343989257812500000e+02 1.047360229492187500e+02
1.210547485351562500e+02 1.344474487304687500e+02 1.047064208984375000e+02
1.214011840820312500e+02 1.347283325195312500e+02 1.052248535156250000e+02
1.212692260742187500e+02 1.346395263671875000e+02 1.051812744140625000e+02
1.213565673828125000e+02 1.348881835937500000e+02 1.056163940429687500e+02
1.215850830078125000e+02 1.351466064453125000e+02 1.064463500976562500e+02
1.216163940429687500e+02 1.352970581054687500e+02 1.066492309570312500e+02
1.216629638671875000e+02 1.354010009765625000e+02 1.068961181640625000e+02
1.216669921875000000e+02 1.354151000976562500e+02 1.069288940429687500e+02
1.218179321289062500e+02 1.355729370117187500e+02 1.070386962890625000e+02
1.222058715820312500e+02 1.356328125000000000e+02 1.071479492187500000e+02
1.221693115234375000e+02 1.355874023437500000e+02 1.070712890625000000e+02
1.222998046875000000e+02 1.356912231445312500e+02 1.070066528320312500e+02
1.224615478515625000e+02 1.356632080078125000e+02 1.070831909179687500e+02
1.226570434570312500e+02 1.355750122070312500e+02 1.072540893554687500e+02
1.229425048828125000e+02 1.357537231445312500e+02 1.074110717773437500e+02
1.230637207031250000e+02 1.358572387695312500e+02 1.073923339843750000e+02
1.231583862304687500e+02 1.358169555664062500e+02 1.074753417968750000e+02
1.233765869140625000e+02 1.359499511718750000e+02 1.073511962890625000e+02
1.232658691406250000e+02 1.358551635742187500e+02 1.072653198242187500e+02
1.230917968750000000e+02 1.357710571289062500e+02 1.069919433593750000e+02
1.227711181640625000e+02 1.355120239257812500e+02 1.067842407226562500e+02
1.227797241210937500e+02 1.357769165039062500e+02 1.068516235351562500e+02
1.225756225585937500e+02 1.355617065429687500e+02 1.065559692382812500e+02
1.222541503906250000e+02 1.353117675781250000e+02 1.062501831054687500e+02
1.220848999023437500e+02 1.351729125976562500e+02 1.065093383789062500e+02
1.221045532226562500e+02 1.353192749023437500e+02 1.068112182617187500e+02
1.221654052734375000e+02 1.352973022460937500e+02 1.068525390625000000e+02
1.218667602539062500e+02 1.352056884765625000e+02 1.066871948242187500e+02
1.217338867187500000e+02 1.350042114257812500e+02 1.063161010742187500e+02
1.219741210937500000e+02 1.351773681640625000e+02 1.064885253906250000e+02
1.219598999023437500e+02 1.351470336914062500e+02 1.061008300781250000e+02
1.219071044921875000e+02 1.350722045898437500e+02 1.059379882812500000e+02
1.219773559570312500e+02 1.350893554687500000e+02 1.060166015625000000e+02
1.220540771484375000e+02 1.354268798828125000e+02 1.062807006835937500e+02
1.219175415039062500e+02 1.354819946289062500e+02 1.060998535156250000e+02
1.221508789062500000e+02 1.357908935546875000e+02 1.061896362304687500e+02
1.222800292968750000e+02 1.359349975585937500e+02 1.062269897460937500e+02
1.222407226562500000e+02 1.359426879882812500e+02 1.061815185546875000e+02
1.225938110351562500e+02 1.357933349609375000e+02 1.059652709960937500e+02
1.229404296875000000e+02 1.359248046875000000e+02 1.059666748046875000e+02
1.228977050781250000e+02 1.357061157226562500e+02 1.056974487304687500e+02
1.231239013671875000e+02 1.358686523437500000e+02 1.060023193359375000e+02
1.232485961914062500e+02 1.358192749023437500e+02 1.058487548828125000e+02
1.230150756835937500e+02 1.357561645507812500e+02 1.056050415039062500e+02
1.230173339843750000e+02 1.357095336914062500e+02 1.053839721679687500e+02
1.227876586914062500e+02 1.357439575195312500e+02 1.053405761718750000e+02
1.229810180664062500e+02 1.358225708007812500e+02 1.054319458007812500e+02
1.228278198242187500e+02 1.356993408203125000e+02 1.053312377929687500e+02
1.229031982421875000e+02 1.354315185546875000e+02 1.059370727539062500e+02
1.228811035156250000e+02 1.353167724609375000e+02 1.066055908203125000e+02
1.227942504882812500e+02 1.352863769531250000e+02 1.068444824218750000e+02
1.226771240234375000e+02 1.350797729492187500e+02 1.066653442382812500e+02
1.225289916992187500e+02 1.349191894531250000e+02 1.067895507812500000e+02
1.224831542968750000e+02 1.348234863281250000e+02 1.067921142578125000e+02
1.225090332031250000e+02 1.348384399414062500e+02 1.068638305664062500e+02
1.223737182617187500e+02 1.347312622070312500e+02 1.065741577148437500e+02
1.221708374023437500e+02 1.345067749023437500e+02 1.064175415039062500e+02
1.223890380859375000e+02 1.346675415039062500e+02 1.064711303710937500e+02
1.220521850585937500e+02 1.347041625976562500e+02 1.062958984375000000e+02
1.218688354492187500e+02 1.347156982421875000e+02 1.059881591796875000e+02
1.214896240234375000e+02 1.345587768554687500e+02 1.056834716796875000e+02
1.213519287109375000e+02 1.345860595703125000e+02 1.054985351562500000e+02
1.213679809570312500e+02 1.345986328125000000e+02 1.054523925781250000e+02
1.214231567382812500e+02 1.347534179687500000e+02 1.057221679687500000e+02
1.213855590820312500e+02 1.348601074218750000e+02 1.058990478515625000e+02
1.212750854492187500e+02 1.348602905273437500e+02 1.059963378906250000e+02
1.213168334960937500e+02 1.349448852539062500e+02 1.061212768554687500e+02
1.215357666015625000e+02 1.352688598632812500e+02 1.063054809570312500e+02
1.212843017578125000e+02 1.354799804687500000e+02 1.061043090820312500e+02
1.212147827148437500e+02 1.356309204101562500e+02 1.055750122070312500e+02
1.208504028320312500e+02 1.353532104492187500e+02 1.052725830078125000e+02
1.206430664062500000e+02 1.351512451171875000e+02 1.050419921875000000e+02
1.205750122070312500e+02 1.349857177734375000e+02 1.047831420898437500e+02
1.210281982421875000e+02 1.348536987304687500e+02 1.042003784179687500e+02
1.215319213867187500e+02 1.348831176757812500e+02 1.038055419921875000e+02
1.218455200195312500e+02 1.349839477539062500e+02 1.037649536132812500e+02
1.217571411132812500e+02 1.350016479492187500e+02 1.035963134765625000e+02
1.219076538085937500e+02 1.351434936523437500e+02 1.035972900390625000e+02
1.220727539062500000e+02 1.352569580078125000e+02 1.042343750000000000e+02
1.221314086914062500e+02 1.354945678710937500e+02 1.047379760742187500e+02
1.225743408203125000e+02 1.354100952148437500e+02 1.052037963867187500e+02
1.226892089843750000e+02 1.357258911132812500e+02 1.055697021484375000e+02
1.229395751953125000e+02 1.360144653320312500e+02 1.058950805664062500e+02
1.231392822265625000e+02 1.362890014648437500e+02 1.063562622070312500e+02
1.234006958007812500e+02 1.365444335937500000e+02 1.065830078125000000e+02
1.234364013671875000e+02 1.365117187500000000e+02 1.069858398437500000e+02
1.234504394531250000e+02 1.365917968750000000e+02 1.070498657226562500e+02
1.234163818359375000e+02 1.366649169921875000e+02 1.071447143554687500e+02
1.234708251953125000e+02 1.366436767578125000e+02 1.072625732421875000e+02
1.235091552734375000e+02 1.366619873046875000e+02 1.069982299804687500e+02
1.232565307617187500e+02 1.364661865234375000e+02 1.069242553710937500e+02
1.233128662109375000e+02 1.365585937500000000e+02 1.070205078125000000e+02
1.229558715820312500e+02 1.363728637695312500e+02 1.066406860351562500e+02
1.229379882812500000e+02 1.363076171875000000e+02 1.067940063476562500e+02
1.228710937500000000e+02 1.364758300781250000e+02 1.068528442382812500e+02
1.227862548828125000e+02 1.363998413085937500e+02 1.068829345703125000e+02
1.228765869140625000e+02 1.366558227539062500e+02 1.069827880859375000e+02
1.229704589843750000e+02 1.369128417968750000e+02 1.072724609375000000e+02
1.233721923828125000e+02 1.371289672851562500e+02 1.075380859375000000e+02
1.236304931640625000e+02 1.373173217773437500e+02 1.077005004882812500e+02
1.237266235351562500e+02 1.374846801757812500e+02 1.077852783203125000e+02
1.237367553710937500e+02 1.374014892578125000e+02 1.078984375000000000e+02
1.239392700195312500e+02 1.376235351562500000e+02 1.080592651367187500e+02
1.240264282226562500e+02 1.375651245117187500e+02 1.078793945312500000e+02
1.240272827148437500e+02 1.374422607421875000e+02 1.078181762695312500e+02
1.244368286132812500e+02 1.377815551757812500e+02 1.081629028320312500e+02
1.243399047851562500e+02 1.375637817382812500e+02 1.080374145507812500e+02
1.242659912109375000e+02 1.375275878906250000e+02 1.079370727539062500e+02
1.243996582031250000e+02 1.374974365234375000e+02 1.078437500000000000e+02
1.244898071289062500e+02 1.374429321289062500e+02 1.077299194335937500e+02
1.242466430664062500e+02 1.372967529296875000e+02 1.075111694335937500e+02
1.240674438476562500e+02 1.369780273437500000e+02 1.071247558593750000e+02
1.235956420898437500e+02 1.364424438476562500e+02 1.067702026367187500e+02
1.230869140625000000e+02 1.360222167968750000e+02 1.062145996093750000e+02
1.230343627929687500e+02 1.360859375000000000e+02 1.056967773437500000e+02
1.231923217773437500e+02 1.363645019531250000e+02 1.054352416992187500e+02
1.230419921875000000e+02 1.362520751953125000e+02 1.052637939453125000e+02
1.231550292968750000e+02 1.363912963867187500e+02 1.053360595703125000e+02
1.233206176757812500e+02 1.362979736328125000e+02 1.060546264648437500e+02
1.235621337890625000e+02 1.364721069335937500e+02 1.066705322265625000e+02
1.235532836914062500e+02 1.364544067382812500e+02 1.069398803710937500e+02
1.235371093750000000e+02 1.364294433593750000e+02 1.071276855468750000e+02
1.235062866210937500e+02 1.364188842773437500e+02 1.071962890625000000e+02
1.227218627929687500e+02 1.364943847656250000e+02 1.073008422851562500e+02
1.223576049804687500e+02 1.364812011718750000e+02 1.074620361328125000e+02
1.220971069335937500e+02 1.364650878906250000e+02 1.073811035156250000e+02
1.220101318359375000e+02 1.362679443359375000e+02 1.074564819335937500e+02
1.218121948242187500e+02 1.364824829101562500e+02 1.076864013671875000e+02
1.223328857421875000e+02 1.367055053710937500e+02 1.082283325195312500e+02
1.227394409179687500e+02 1.367706909179687500e+02 1.088519897460937500e+02
1.226547241210937500e+02 1.366474609375000000e+02 1.088645019531250000e+02
1.228475952148437500e+02 1.366719360351562500e+02 1.088318481445312500e+02
1.229807739257812500e+02 1.368197021484375000e+02 1.088768920898437500e+02
1.232080688476562500e+02 1.369319458007812500e+02 1.088146362304687500e+02
1.227225952148437500e+02 1.366231079101562500e+02 1.082099609375000000e+02
1.229547119140625000e+02 1.369126586914062500e+02 1.082387695312500000e+02
1.230475463867187500e+02 1.370609741210937500e+02 1.082408447265625000e+02
1.231105346679687500e+02 1.370646972656250000e+02 1.082603149414062500e+02
1.227969360351562500e+02 1.371213378906250000e+02 1.076119384765625000e+02
1.227246704101562500e+02 1.373872070312500000e+02 1.073051147460937500e+02
1.225919189453125000e+02 1.373177490234375000e+02 1.066784667968750000e+02
1.223198242187500000e+02 1.374748535156250000e+02 1.067043457031250000e+02
1.222290039062500000e+02 1.372609863281250000e+02 1.064691162109375000e+02
1.225995483398437500e+02 1.373221435546875000e+02 1.065463867187500000e+02
1.228193359375000000e+02 1.375354003906250000e+02 1.064843750000000000e+02
1.230676879882812500e+02 1.377080078125000000e+02 1.067404174804687500e+02
1.229938354492187500e+02 1.375233154296875000e+02 1.065667724609375000e+02
1.231024169921875000e+02 1.374106445312500000e+02 1.063520507812500000e+02
1.236531982421875000e+02 1.369986572265625000e+02 1.069816284179687500e+02
1.239521484375000000e+02 1.369354858398437500e+02 1.073397827148437500e+02
1.239809570312500000e+02 1.367277221679687500e+02 1.078200073242187500e+02
1.242589721679687500e+02 1.370261840820312500e+02 1.083112182617187500e+02
1.243627319335937500e+02 1.370054931640625000e+02 1.082395019531250000e+02
1.242023925781250000e+02 1.371618652343750000e+02 1.083414916992187500e+02
1.240500488281250000e+02 1.372179565429687500e+02 1.085111694335937500e+02
1.237012329101562500e+02 1.371533203125000000e+02 1.083438720703125000e+02
1.233503417968750000e+02 1.368654785156250000e+02 1.082516479492187500e+02
1.230046997070312500e+02 1.365482177734375000e+02 1.080659179687500000e+02
1.229981689453125000e+02 1.363573608398437500e+02 1.068212280273437500e+02
1.232131958007812500e+02 1.362791137695312500e+02 1.061058349609375000e+02
1.232354125976562500e+02 1.360676269531250000e+02 1.052640380859375000e+02
1.232302246093750000e+02 1.359693603515625000e+02 1.050443115234375000e+02
1.230685424804687500e+02 1.358148193359375000e+02 1.049359741210937500e+02
1.231751708984375000e+02 1.359649047851562500e+02 1.059761352539062500e+02
1.230781860351562500e+02 1.358624267578125000e+02 1.067292480468750000e+02
1.232203369140625000e+02 1.361330566406250000e+02 1.072465820312500000e+02
1.232711181640625000e+02 1.362022705078125000e+02 1.075161132812500000e+02
1.231915893554687500e+02 1.360698852539062500e+02 1.074658813476562500e+02
1.229379272460937500e+02 1.360546875000000000e+02 1.073365478515625000e+02
1.228688964843750000e+02 1.363341064453125000e+02 1.073464355468750000e+02
1.227135009765625000e+02 1.364128417968750000e+02 1.072020263671875000e+02
1.227281494140625000e+02 1.366431274414062500e+02 1.072890625000000000e+02
1.225825805664062500e+02 1.366606445312500000e+02 1.069438476562500000e+02
1.225903930664062500e+02 1.368355102539062500e+02 1.069827270507812500e+02
1.223769531250000000e+02 1.367575073242187500e+02 1.068797607421875000e+02
1.222553710937500000e+02 1.365908813476562500e+02 1.067507934570312500e+02
1.221514892578125000e+02 1.365015258789062500e+02 1.066489868164062500e+02
1.221074218750000000e+02 1.365182495117187500e+02 1.066999511718750000e+02
1.225803833007812500e+02 1.363101806640625000e+02 1.065974731445312500e+02
1.228117065429687500e+02 1.364217529296875000e+02 1.064206542968750000e+02
1.230462036132812500e+02 1.363959350585937500e+02 1.065690917968750000e+02
1.230809936523437500e+02 1.363731079101562500e+02 1.064071655273437500e+02
1.229560546875000000e+02 1.361008300781250000e+02 1.060110473632812500e+02
1.229917602539062500e+02 1.362089843750000000e+02 1.053616943359375000e+02
1.229158935546875000e+02 1.361940307617187500e+02 1.048713378906250000e+02
1.229339599609375000e+02 1.361732177734375000e+02 1.047589111328125000e+02
1.229874877929687500e+02 1.363622436523437500e+02 1.047951049804687500e+02
1.231165771484375000e+02 1.363032836914062500e+02 1.048178710937500000e+02
1.232630615234375000e+02 1.364331665039062500e+02 1.050353393554687500e+02
1.234232788085937500e+02 1.366920166015625000e+02 1.053884277343750000e+02
1.232286987304687500e+02 1.364763793945312500e+02 1.052227783203125000e+02
1.233207397460937500e+02 1.364946289062500000e+02 1.053167114257812500e+02
1.231563720703125000e+02 1.363117675781250000e+02 1.053180541992187500e+02
1.233072509765625000e+02 1.366761474609375000e+02 1.058760375976562500e+02
1.231948242187500000e+02 1.365538330078125000e+02 1.061118164062500000e+02
1.231442260742187500e+02 1.363344726562500000e+02 1.065698852539062500e+02
1.230083007812500000e+02 1.363690795898437500e+02 1.063658447265625000e+02
1.232563476562500000e+02 1.365391845703125000e+02 1.066790771484375000e+02
1.231922607421875000e+02 1.364366455078125000e+02 1.061824340820312500e+02
1.232288208007812500e+02 1.365545043945312500e+02 1.056461181640625000e+02
1.232138061523437500e+02 1.363784790039062500e+02 1.051309814453125000e+02
1.233293457031250000e+02 1.364801025390625000e+02 1.050700683593750000e+02
1.234190673828125000e+02 1.366040649414062500e+02 1.053096313476562500e+02
1.235816650390625000e+02 1.367430419921875000e+02 1.055456542968750000e+02
1.233052368164062500e+02 1.364849243164062500e+02 1.054593505859375000e+02
1.233357543945312500e+02 1.365393066406250000e+02 1.059053344726562500e+02
1.234908447265625000e+02 1.366608276367187500e+02 1.062385253906250000e+02
1.236660766601562500e+02 1.368663940429687500e+02 1.064369506835937500e+02
1.235493774414062500e+02 1.368317260742187500e+02 1.064113769531250000e+02
1.237666625976562500e+02 1.371006469726562500e+02 1.068181762695312500e+02
1.238883056640625000e+02 1.371524047851562500e+02 1.071424560546875000e+02
1.237957763671875000e+02 1.370932006835937500e+02 1.070750732421875000e+02
1.238567504882812500e+02 1.371043090820312500e+02 1.068543090820312500e+02
1.237365112304687500e+02 1.371557006835937500e+02 1.063190307617187500e+02
1.236774902343750000e+02 1.372460937500000000e+02 1.061896972656250000e+02
1.237918701171875000e+02 1.373527221679687500e+02 1.060715332031250000e+02
1.237072143554687500e+02 1.372087402343750000e+02 1.059925537109375000e+02
1.236727294921875000e+02 1.372014160156250000e+02 1.058432006835937500e+02
1.237068481445312500e+02 1.372656250000000000e+02 1.068778686523437500e+02
1.237540283203125000e+02 1.374378662109375000e+02 1.076635742187500000e+02
1.235219726562500000e+02 1.373681640625000000e+02 1.079796752929687500e+02
1.237038574218750000e+02 1.375599975585937500e+02 1.082984619140625000e+02
1.237153930664062500e+02 1.375366210937500000e+02 1.082672119140625000e+02
1.235989379882812500e+02 1.377634887695312500e+02 1.079729003906250000e+02
1.235564575195312500e+02 1.378459472656250000e+02 1.072463989257812500e+02
1.234451293945312500e+02 1.378793945312500000e+02 1.068873291015625000e+02
1.234195556640625000e+02 1.379583129882812500e+02 1.069377441406250000e+02
1.232056884765625000e+02 1.378102416992187500e+02 1.066002197265625000e+02
1.234006347656250000e+02 1.371548461914062500e+02 1.063286743164062500e+02
1.238138427734375000e+02 1.368620605468750000e+02 1.068428955078125000e+02
1.238496704101562500e+02 1.367616577148437500e+02 1.069142456054687500e+02
1.240216064453125000e+02 1.369629516601562500e+02 1.070613403320312500e+02
1.241837768554687500e+02 1.369826049804687500e+02 1.073291015625000000e+02
1.240388793945312500e+02 1.369420166015625000e+02 1.071333618164062500e+02
1.239628295898437500e+02 1.368327026367187500e+02 1.067794799804687500e+02
1.240446777343750000e+02 1.371287841796875000e+02 1.069101562500000000e+02
1.240836791992187500e+02 1.372688598632812500e+02 1.068942871093750000e+02
1.240534057617187500e+02 1.371721801757812500e+02 1.068945922851562500e+02
1.236835937500000000e+02 1.373488769531250000e+02 1.073287963867187500e+02
1.234666137695312500e+02 1.375975341796875000e+02 1.078195190429687500e+02
1.233683471679687500e+02 1.374824218750000000e+02 1.081129760742187500e+02
1.233370971679687500e+02 1.377186889648437500e+02 1.083138427734375000e+02
1.233010253906250000e+02 1.377091674804687500e+02 1.083578491210937500e+02
1.232077026367187500e+02 1.376652221679687500e+02 1.079024658203125000e+02
1.233366088867187500e+02 1.377069702148437500e+02 1.078184204101562500e+02
1.233875732421875000e+02 1.377791748046875000e+02 1.076567993164062500e+02
1.233950805664062500e+02 1.375568237304687500e+02 1.072612304687500000e+02
1.233769531250000000e+02 1.374620971679687500e+02 1.071620483398437500e+02
1.234631347656250000e+02 1.373193359375000000e+02 1.078372192382812500e+02
1.237681274414062500e+02 1.372411499023437500e+02 1.084379882812500000e+02
1.241677246093750000e+02 1.373317871093750000e+02 1.087938232421875000e+02
1.241871337890625000e+02 1.373798217773437500e+02 1.089317016601562500e+02
1.241121215820312500e+02 1.372325439453125000e+02 1.090095825195312500e+02
1.239838867187500000e+02 1.370767211914062500e+02 1.085917968750000000e+02
1.238975219726562500e+02 1.369758911132812500e+02 1.083568115234375000e+02
1.240024414062500000e+02 1.369490356445312500e+02 1.079361572265625000e+02
1.238938598632812500e+02 1.368295898437500000e+02 1.079362792968750000e+02
1.238731079101562500e+02 1.367969360351562500e+02 1.076424560546875000e+02
1.240954589843750000e+02 1.369468994140625000e+02 1.078771972656250000e+02
1.242453002929687500e+02 1.368347778320312500e+02 1.078803100585937500e+02
1.242606201171875000e+02 1.366843872070312500e+02 1.078182373046875000e+02
1.245367431640625000e+02 1.369290771484375000e+02 1.079916381835937500e+02
1.246347656250000000e+02 1.370630493164062500e+02 1.081287841796875000e+02
1.241730346679687500e+02 1.370491943359375000e+02 1.078590087890625000e+02
1.238666381835937500e+02 1.370181274414062500e+02 1.077206420898437500e+02
1.236951293945312500e+02 1.369110107421875000e+02 1.075090332031250000e+02
1.236766357421875000e+02 1.370686645507812500e+02 1.075859985351562500e+02
1.235553588867187500e+02 1.375103149414062500e+02 1.078942260742187500e+02
1.236343383789062500e+02 1.375236206054687500e+02 1.082416381835937500e+02
1.239368286132812500e+02 1.372831420898437500e+02 1.083027954101562500e+02
1.238544311523437500e+02 1.371597290039062500e+02 1.084358520507812500e+02
1.237922363281250000e+02 1.373744506835937500e+02 1.086567993164062500e+02
1.240341796875000000e+02 1.372991943359375000e+02 1.087224731445312500e+02
1.239906005859375000e+02 1.370379028320312500e+02 1.083676757812500000e+02
1.239302368164062500e+02 1.368534545898437500e+02 1.081241455078125000e+02
1.240965576171875000e+02 1.368049926757812500e+02 1.079982299804687500e+02
1.240233764648437500e+02 1.367929077148437500e+02 1.079945678710937500e+02
1.243135986328125000e+02 1.370689086914062500e+02 1.082922973632812500e+02
1.239613037109375000e+02 1.369337158203125000e+02 1.077760009765625000e+02
1.235980834960937500e+02 1.368458251953125000e+02 1.072389526367187500e+02
1.233032836914062500e+02 1.365964355468750000e+02 1.068971557617187500e+02
1.228605957031250000e+02 1.367064819335937500e+02 1.067213745117187500e+02
1.227186279296875000e+02 1.365883178710937500e+02 1.067029418945312500e+02
1.229301757812500000e+02 1.366670532226562500e+02 1.067973632812500000e+02
1.227412719726562500e+02 1.367036743164062500e+02 1.067379150390625000e+02
1.227404785156250000e+02 1.366154785156250000e+02 1.067549438476562500e+02
1.227962646484375000e+02 1.365970458984375000e+02 1.066957397460937500e+02
1.227100830078125000e+02 1.364541625976562500e+02 1.067006225585937500e+02
1.225756835937500000e+02 1.365723876953125000e+02 1.069938354492187500e+02
1.226623535156250000e+02 1.366189575195312500e+02 1.071000976562500000e+02
1.227247924804687500e+02 1.367509765625000000e+02 1.072576293945312500e+02
1.225846557617187500e+02 1.368163452148437500e+02 1.072869262695312500e+02
1.227246704101562500e+02 1.370135498046875000e+02 1.074758300781250000e+02
1.232972412109375000e+02 1.369220581054687500e+02 1.075877685546875000e+02
1.232187500000000000e+02 1.366845092773437500e+02 1.072156372070312500e+02
1.232817993164062500e+02 1.365391845703125000e+02 1.073580322265625000e+02
1.233107910156250000e+02 1.364349975585937500e+02 1.073192138671875000e+02
1.235412597656250000e+02 1.365750122070312500e+02 1.073903198242187500e+02
1.233933715820312500e+02 1.364337768554687500e+02 1.071381225585937500e+02
1.233997192382812500e+02 1.364027099609375000e+02 1.068903808593750000e+02
1.232813720703125000e+02 1.362066650390625000e+02 1.065172119140625000e+02
1.235382690429687500e+02 1.363821411132812500e+02 1.064017333984375000e+02
1.235006713867187500e+02 1.364016113281250000e+02 1.062712402343750000e+02
1.235390625000000000e+02 1.366625366210937500e+02 1.061057128906250000e+02
1.233286132812500000e+02 1.365477905273437500e+02 1.058981323242187500e+02
1.232467651367187500e+02 1.363947753906250000e+02 1.061461791992187500e+02
1.231937866210937500e+02 1.364252929687500000e+02 1.059711914062500000e+02
1.233242797851562500e+02 1.365745849609375000e+02 1.061205444335937500e+02
1.232902832031250000e+02 1.364271240234375000e+02 1.064462890625000000e+02
1.234470214843750000e+02 1.365287475585937500e+02 1.068403320312500000e+02
1.234012451171875000e+02 1.363442993164062500e+02 1.067109985351562500e+02
1.236409301757812500e+02 1.365089721679687500e+02 1.070050659179687500e+02
1.235743408203125000e+02 1.365404052734375000e+02 1.072080688476562500e+02
1.237401733398437500e+02 1.366994018554687500e+02 1.069869995117187500e+02
1.237138061523437500e+02 1.367294311523437500e+02 1.072344360351562500e+02
1.235463867187500000e+02 1.366812744140625000e+02 1.069786376953125000e+02
1.233726806640625000e+02 1.366648559570312500e+02 1.070056762695312500e+02
1.234394531250000000e+02 1.367260131835937500e+02 1.069605712890625000e+02
1.233638916015625000e+02 1.366920166015625000e+02 1.068640747070312500e+02
1.233784179687500000e+02 1.367485351562500000e+02 1.068838500976562500e+02
1.229310302734375000e+02 1.366495971679687500e+02 1.063848266601562500e+02
1.230348510742187500e+02 1.365709228515625000e+02 1.064509887695312500e+02
1.230699462890625000e+02 1.364395141601562500e+02 1.063775024414062500e+02
1.233475341796875000e+02 1.361528930664062500e+02 1.058359985351562500e+02
1.233126831054687500e+02 1.359186401367187500e+02 1.055093994140625000e+02
1.233714599609375000e+02 1.357943725585937500e+02 1.055267944335937500e+02
1.233828125000000000e+02 1.356347656250000000e+02 1.053929443359375000e+02
1.234548950195312500e+02 1.355772094726562500e+02 1.053596801757812500e+02
1.228833618164062500e+02 1.355954589843750000e+02 1.053690795898437500e+02
1.225351562500000000e+02 1.354994506835937500e+02 1.051755371093750000e+02
1.221892700195312500e+02 1.354756469726562500e+02 1.052002563476562500e+02
1.220310668945312500e+02 1.354450073242187500e+02 1.052528686523437500e+02
1.219125366210937500e+02 1.354925537109375000e+02 1.052013549804687500e+02
1.223256225585937500e+02 1.355778808593750000e+02 1.057054443359375000e+02
1.226195068359375000e+02 1.357624511718750000e+02 1.060087890625000000e+02
1.225501708984375000e+02 1.357965698242187500e+02 1.059751586914062500e+02
1.227951049804687500e+02 1.358870239257812500e+02 1.062632446289062500e+02
1.227432861328125000e+02 1.359354248046875000e+02 1.063056640625000000e+02
1.226588134765625000e+02 1.359137573242187500e+02 1.060749511718750000e+02
1.224127197265625000e+02 1.360421752929687500e+02 1.058507080078125000e+02
1.223469848632812500e+02 1.359926147460937500e+02 1.054770507812500000e+02
1.222400512695312500e+02 1.361426391601562500e+02 1.054811401367187500e+02
1.222829589843750000e+02 1.362993164062500000e+02 1.054602050781250000e+02
1.226853027343750000e+02 1.363314819335937500e+02 1.062932739257812500e+02
1.228533325195312500e+02 1.362900390625000000e+02 1.067700805664062500e+02
1.230308837890625000e+02 1.362994995117187500e+02 1.070800781250000000e+02
1.231982421875000000e+02 1.364434814453125000e+02 1.073491210937500000e+02
1.232991333007812500e+02 1.364929809570312500e+02 1.073719482421875000e+02
1.232976684570312500e+02 1.364708251953125000e+02 1.073029174804687500e+02
1.233569335937500000e+02 1.365368041992187500e+02 1.073649291992187500e+02
1.231918334960937500e+02 1.363220825195312500e+02 1.068828735351562500e+02
1.232057495117187500e+02 1.365298461914062500e+02 1.069352416992187500e+02
1.234749145507812500e+02 1.365718994140625000e+02 1.071775512695312500e+02
1.232515258789062500e+02 1.365572509765625000e+02 1.065598144531250000e+02
1.232822875976562500e+02 1.365861816406250000e+02 1.063594970703125000e+02
1.232528686523437500e+02 1.367557983398437500e+02 1.060641479492187500e+02
1.233079223632812500e+02 1.367785644531250000e+02 1.059948730468750000e+02
1.235166625976562500e+02 1.370363769531250000e+02 1.061913452148437500e+02
1.231063232421875000e+02 1.366583862304687500e+02 1.060853881835937500e+02
1.228400878906250000e+02 1.367125854492187500e+02 1.063110351562500000e+02
1.227460937500000000e+02 1.366480102539062500e+02 1.063889770507812500e+02
1.227549438476562500e+02 1.368779296875000000e+02 1.065982666015625000e+02
1.228121337890625000e+02 1.369588012695312500e+02 1.068402709960937500e+02
1.230904541015625000e+02 1.371817626953125000e+02 1.068571777343750000e+02
1.232266235351562500e+02 1.369384765625000000e+02 1.068398437500000000e+02
1.236159667968750000e+02 1.372875366210937500e+02 1.071539916992187500e+02
1.235301513671875000e+02 1.371010131835937500e+02 1.071218872070312500e+02
1.236144409179687500e+02 1.369886474609375000e+02 1.069383544921875000e+02
1.232984619140625000e+02 1.370278930664062500e+02 1.068443603515625000e+02
1.229590454101562500e+02 1.368900146484375000e+02 1.066422119140625000e+02
1.226781616210937500e+02 1.367409057617187500e+02 1.065113525390625000e+02
1.224449462890625000e+02 1.366210327148437500e+02 1.063553466796875000e+02
1.225185546875000000e+02 1.367197265625000000e+02 1.065001831054687500e+02
1.225593261718750000e+02 1.367493286132812500e+02 1.066930541992187500e+02
1.229639892578125000e+02 1.367161865234375000e+02 1.068890380859375000e+02
1.232969360351562500e+02 1.367716064453125000e+02 1.070509643554687500e+02
1.233848876953125000e+02 1.368402709960937500e+02 1.071231079101562500e+02
1.235616455078125000e+02 1.370998535156250000e+02 1.072260742187500000e+02
1.236568603515625000e+02 1.370284423828125000e+02 1.072535400390625000e+02
1.239561157226562500e+02 1.372084350585937500e+02 1.074699096679687500e+02
1.238233032226562500e+02 1.369202270507812500e+02 1.070062255859375000e+02
1.240663452148437500e+02 1.371489257812500000e+02 1.072652587890625000e+02
1.242941894531250000e+02 1.374033813476562500e+02 1.074669799804687500e+02
1.241867675781250000e+02 1.375667724609375000e+02 1.070432128906250000e+02
1.240807495117187500e+02 1.375845336914062500e+02 1.065451049804687500e+02
1.241214599609375000e+02 1.377528076171875000e+02 1.062778930664062500e+02
1.239089965820312500e+02 1.377012939453125000e+02 1.062532958984375000e+02
1.237891235351562500e+02 1.376188354492187500e+02 1.061395263671875000e+02
1.235709838867187500e+02 1.373750000000000000e+02 1.060181884765625000e+02
1.237537841796875000e+02 1.371853637695312500e+02 1.059559326171875000e+02
1.234537353515625000e+02 1.367865600585937500e+02 1.057128906250000000e+02
1.234923095703125000e+02 1.367745971679687500e+02 1.060079956054687500e+02
1.236455688476562500e+02 1.369763793945312500e+02 1.061433105468750000e+02
1.236119384765625000e+02 1.370710449218750000e+02 1.061884155273437500e+02
1.233543701171875000e+02 1.368691406250000000e+02 1.059773559570312500e+02
1.231419677734375000e+02 1.368076171875000000e+02 1.059796752929687500e+02
1.230247802734375000e+02 1.366675415039062500e+02 1.059067382812500000e+02
1.230607299804687500e+02 1.367475585937500000e+02 1.059014282226562500e+02
1.233359375000000000e+02 1.367958374023437500e+02 1.063697509765625000e+02
1.234036254882812500e+02 1.367427978515625000e+02 1.066351318359375000e+02
1.233242797851562500e+02 1.368013305664062500e+02 1.067863769531250000e+02
1.231873168945312500e+02 1.367791137695312500e+02 1.068287963867187500e+02
1.233577880859375000e+02 1.369178466796875000e+02 1.071492919921875000e+02
1.233514404296875000e+02 1.370197753906250000e+02 1.066204223632812500e+02
1.232994995117187500e+02 1.368813476562500000e+02 1.059394531250000000e+02
1.232951660156250000e+02 1.369360961914062500e+02 1.059951171875000000e+02
1.234251708984375000e+02 1.370591430664062500e+02 1.059799194335937500e+02
1.235753784179687500e+02 1.372796630859375000e+02 1.058652954101562500e+02
1.236375122070312500e+02 1.372156372070312500e+02 1.058194580078125000e+02
1.240438842773437500e+02 1.373164062500000000e+02 1.060303344726562500e+02
1.239183349609375000e+02 1.371578979492187500e+02 1.058530883789062500e+02
1.238863525390625000e+02 1.370947875976562500e+02 1.057612915039062500e+02
1.241174316406250000e+02 1.371914062500000000e+02 1.059610595703125000e+02
1.237547607421875000e+02 1.373977050781250000e+02 1.065827636718750000e+02
1.235297851562500000e+02 1.376927490234375000e+02 1.070060424804687500e+02
1.233718261718750000e+02 1.375399169921875000e+02 1.070743408203125000e+02
1.233073120117187500e+02 1.375621337890625000e+02 1.073376464843750000e+02
1.235825195312500000e+02 1.378917846679687500e+02 1.076062011718750000e+02
1.237392578125000000e+02 1.380031127929687500e+02 1.082287597656250000e+02
1.238995361328125000e+02 1.381048583984375000e+02 1.085545043945312500e+02
1.241660766601562500e+02 1.381845703125000000e+02 1.088858642578125000e+02
1.242139282226562500e+02 1.383300170898437500e+02 1.090950317382812500e+02
1.241402587890625000e+02 1.381752319335937500e+02 1.091483764648437500e+02
1.248727416992187500e+02 1.382640991210937500e+02 1.089811401367187500e+02
1.255079956054687500e+02 1.383555908203125000e+02 1.088727416992187500e+02
1.256349487304687500e+02 1.383513183593750000e+02 1.086585083007812500e+02
1.255706176757812500e+02 1.381480102539062500e+02 1.084453125000000000e+02
1.256148681640625000e+02 1.380512084960937500e+02 1.082943725585937500e+02
1.251774902343750000e+02 1.379630737304687500e+02 1.078579101562500000e+02
1.248607177734375000e+02 1.378869018554687500e+02 1.075375976562500000e+02
1.243311767578125000e+02 1.379150390625000000e+02 1.070553588867187500e+02
1.240653076171875000e+02 1.377379150390625000e+02 1.068615722656250000e+02
1.236490478515625000e+02 1.372796020507812500e+02 1.065038452148437500e+02
1.239057006835937500e+02 1.371288452148437500e+02 1.065312500000000000e+02
1.242552490234375000e+02 1.370267333984375000e+02 1.067092895507812500e+02
1.244373168945312500e+02 1.370760498046875000e+02 1.067046508789062500e+02
1.245717773437500000e+02 1.370227050781250000e+02 1.069843139648437500e+02
1.246753540039062500e+02 1.371263427734375000e+02 1.069553222656250000e+02
1.248341674804687500e+02 1.371420288085937500e+02 1.074826660156250000e+02
1.248640136718750000e+02 1.370851440429687500e+02 1.080565795898437500e+02
1.247069091796875000e+02 1.368919677734375000e+02 1.082171020507812500e+02
1.249833984375000000e+02 1.371171264648437500e+02 1.085229492187500000e+02
1.248848266601562500e+02 1.369858398437500000e+02 1.084509277343750000e+02
1.249965820312500000e+02 1.372787475585937500e+02 1.082272338867187500e+02
1.249713134765625000e+02 1.373845825195312500e+02 1.079561157226562500e+02
1.250092163085937500e+02 1.374704589843750000e+02 1.078143920898437500e+02
1.249874267578125000e+02 1.375385742187500000e+02 1.076406860351562500e+02
1.250953369140625000e+02 1.377637939453125000e+02 1.075816650390625000e+02
1.249903564453125000e+02 1.379425048828125000e+02 1.070132446289062500e+02
1.250181884765625000e+02 1.380036010742187500e+02 1.064572143554687500e+02
1.247736816406250000e+02 1.380469970703125000e+02 1.063378906250000000e+02
1.248763427734375000e+02 1.381362915039062500e+02 1.065510864257812500e+02
1.250072021484375000e+02 1.381198120117187500e+02 1.065630493164062500e+02
1.253300170898437500e+02 1.382423095703125000e+02 1.071435546875000000e+02
1.253607788085937500e+02 1.379776611328125000e+02 1.077996215820312500e+02
1.255426635742187500e+02 1.381000976562500000e+02 1.084282226562500000e+02
1.257971801757812500e+02 1.380261840820312500e+02 1.087634887695312500e+02
1.258087158203125000e+02 1.382145996093750000e+02 1.090363769531250000e+02
1.255111083984375000e+02 1.379705200195312500e+02 1.083153076171875000e+02
1.250916137695312500e+02 1.377558593750000000e+02 1.075486450195312500e+02
1.243648071289062500e+02 1.373733520507812500e+02 1.070080566406250000e+02
1.242327880859375000e+02 1.374280395507812500e+02 1.069197998046875000e+02
1.240559692382812500e+02 1.373612670898437500e+02 1.067972412109375000e+02
1.243687133789062500e+02 1.372798461914062500e+02 1.064385986328125000e+02
1.246318359375000000e+02 1.373248291015625000e+02 1.064110717773437500e+02
1.247172851562500000e+02 1.373181152343750000e+02 1.063509521484375000e+02
1.248501586914062500e+02 1.373648071289062500e+02 1.063394775390625000e+02
1.250538330078125000e+02 1.375783691406250000e+02 1.066371459960937500e+02
1.251388549804687500e+02 1.376608276367187500e+02 1.071448974609375000e+02
1.251909790039062500e+02 1.376323242187500000e+02 1.076205444335937500e+02
1.250935668945312500e+02 1.375712280273437500e+02 1.078147583007812500e+02
1.248216552734375000e+02 1.374427490234375000e+02 1.076838378906250000e+02
1.242589721679687500e+02 1.368232421875000000e+02 1.072326660156250000e+02
1.232361450195312500e+02 1.358663940429687500e+02 1.063854370117187500e+02
1.225724487304687500e+02 1.354916992187500000e+02 1.057990112304687500e+02
1.222913818359375000e+02 1.353211669921875000e+02 1.055235595703125000e+02
1.219197998046875000e+02 1.352236328125000000e+02 1.051334228515625000e+02
1.217066040039062500e+02 1.353003540039062500e+02 1.050711059570312500e+02
1.217899780273437500e+02 1.351911621093750000e+02 1.049541625976562500e+02
1.220441284179687500e+02 1.353146972656250000e+02 1.049368896484375000e+02
1.221228027343750000e+02 1.354412841796875000e+02 1.050242919921875000e+02
1.225058593750000000e+02 1.356841430664062500e+02 1.053206176757812500e+02
1.226514282226562500e+02 1.359961547851562500e+02 1.055800170898437500e+02
1.230426025390625000e+02 1.363340454101562500e+02 1.059557495117187500e+02
1.230822143554687500e+02 1.363314208984375000e+02 1.061369628906250000e+02
1.230451660156250000e+02 1.363363037109375000e+02 1.061878051757812500e+02
1.229472656250000000e+02 1.362873535156250000e+02 1.061475830078125000e+02
1.228646240234375000e+02 1.363077392578125000e+02 1.061419067382812500e+02
1.229943847656250000e+02 1.363433227539062500e+02 1.062926025390625000e+02
1.229444580078125000e+02 1.363112182617187500e+02 1.063782348632812500e+02
1.227086181640625000e+02 1.361946411132812500e+02 1.063512573242187500e+02
1.225026245117187500e+02 1.361623535156250000e+02 1.062726440429687500e+02
1.225320434570312500e+02 1.360215454101562500e+02 1.062140502929687500e+02
1.225345458984375000e+02 1.358948364257812500e+02 1.061768188476562500e+02
1.225809326171875000e+02 1.357689208984375000e+02 1.061153564453125000e+02
1.227542114257812500e+02 1.359071044921875000e+02 1.062126464843750000e+02
1.229234008789062500e+02 1.360587768554687500e+02 1.064465332031250000e+02
1.229847412109375000e+02 1.361308593750000000e+02 1.063329467773437500e+02
1.228890380859375000e+02 1.361018676757812500e+02 1.060614624023437500e+02
1.231025390625000000e+02 1.361367187500000000e+02 1.060476684570312500e+02
1.229788208007812500e+02 1.360372314453125000e+02 1.053234252929687500e+02
1.229943847656250000e+02 1.361257324218750000e+02 1.053415527343750000e+02
1.231068725585937500e+02 1.361942138671875000e+02 1.054267578125000000e+02
1.230326538085937500e+02 1.360911865234375000e+02 1.056216430664062500e+02
1.231353149414062500e+02 1.361226806640625000e+02 1.057451171875000000e+02
1.230746459960937500e+02 1.361440429687500000e+02 1.058223266601562500e+02
1.231989135742187500e+02 1.363411865234375000e+02 1.059667358398437500e+02
1.230781860351562500e+02 1.361911010742187500e+02 1.059230957031250000e+02
1.229182128906250000e+02 1.360178833007812500e+02 1.057987670898437500e+02
1.230875854492187500e+02 1.361004028320312500e+02 1.057250366210937500e+02
1.231101684570312500e+02 1.361029663085937500e+02 1.056452026367187500e+02
1.231063842773437500e+02 1.361539306640625000e+02 1.055154418945312500e+02
1.229955444335937500e+02 1.359736938476562500e+02 1.053706054687500000e+02
1.232167968750000000e+02 1.362113037109375000e+02 1.053251342773437500e+02
1.232182006835937500e+02 1.361210937500000000e+02 1.050499267578125000e+02
1.234284057617187500e+02 1.362312622070312500e+02 1.053148193359375000e+02
1.237266235351562500e+02 1.364354248046875000e+02 1.054812622070312500e+02
1.240223388671875000e+02 1.367298583984375000e+02 1.058433227539062500e+02
1.231658935546875000e+02 1.370767211914062500e+02 1.059114379882812500e+02
1.228989257812500000e+02 1.372351074218750000e+02 1.058796997070312500e+02
1.228607788085937500e+02 1.371873168945312500e+02 1.058109130859375000e+02
1.224478759765625000e+02 1.370695190429687500e+02 1.057388916015625000e+02
1.222746582031250000e+02 1.370928955078125000e+02 1.056514892578125000e+02
1.222896118164062500e+02 1.372423706054687500e+02 1.057191162109375000e+02
1.221952514648437500e+02 1.370100708007812500e+02 1.055021972656250000e+02
1.220826416015625000e+02 1.370346069335937500e+02 1.052678222656250000e+02
1.222056274414062500e+02 1.370687255859375000e+02 1.055575561523437500e+02
1.220028076171875000e+02 1.369511718750000000e+02 1.054151000976562500e+02
1.222248535156250000e+02 1.368750610351562500e+02 1.056522216796875000e+02
1.226699218750000000e+02 1.368067626953125000e+02 1.058832397460937500e+02
1.227908935546875000e+02 1.368222656250000000e+02 1.059411621093750000e+02
1.226881713867187500e+02 1.367351074218750000e+02 1.059465332031250000e+02
1.229983520507812500e+02 1.368861083984375000e+02 1.062911376953125000e+02
1.233311157226562500e+02 1.369571533203125000e+02 1.063676757812500000e+02
1.232687377929687500e+02 1.366594238281250000e+02 1.061608276367187500e+02
1.233712158203125000e+02 1.365227050781250000e+02 1.060359497070312500e+02
1.234302978515625000e+02 1.367291259765625000e+02 1.062504272460937500e+02
1.234739379882812500e+02 1.368145141601562500e+02 1.063670654296875000e+02
1.235316772460937500e+02 1.367509155273437500e+02 1.058677368164062500e+02
1.235645751953125000e+02 1.367578125000000000e+02 1.054792480468750000e+02
1.234852294921875000e+02 1.366575927734375000e+02 1.052929687500000000e+02
1.234295654296875000e+02 1.365836181640625000e+02 1.050187988281250000e+02
1.234024658203125000e+02 1.366107177734375000e+02 1.049782104492187500e+02
1.232743530273437500e+02 1.366277465820312500e+02 1.046661376953125000e+02
1.232538452148437500e+02 1.366749267578125000e+02 1.043481445312500000e+02
1.234168090820312500e+02 1.366528930664062500e+02 1.041108398437500000e+02
1.233415527343750000e+02 1.365842285156250000e+02 1.039063720703125000e+02
1.231470336914062500e+02 1.365560302734375000e+02 1.037192993164062500e+02
1.231716308593750000e+02 1.366577758789062500e+02 1.045678710937500000e+02
1.230242919921875000e+02 1.367312622070312500e+02 1.051619262695312500e+02
1.229254150390625000e+02 1.366492309570312500e+02 1.053609008789062500e+02
1.228581542968750000e+02 1.366593017578125000e+02 1.053214721679687500e+02
1.229442749023437500e+02 1.368569946289062500e+02 1.055628662109375000e+02
1.231700439453125000e+02 1.369353027343750000e+02 1.059435424804687500e+02
1.235375366210937500e+02 1.371505737304687500e+02 1.061010742187500000e+02
1.235130615234375000e+02 1.369426879882812500e+02 1.059061889648437500e+02
1.235704956054687500e+02 1.368103637695312500e+02 1.057662353515625000e+02
1.235624389648437500e+02 1.367794189453125000e+02 1.057721557617187500e+02
1.235606689453125000e+02 1.369456787109375000e+02 1.059817504882812500e+02
1.234663696289062500e+02 1.367659301757812500e+02 1.059351806640625000e+02
1.230004882812500000e+02 1.365335083007812500e+02 1.054222412109375000e+02
1.230834350585937500e+02 1.366021118164062500e+02 1.054895629882812500e+02
1.232787475585937500e+02 1.367631225585937500e+02 1.057650146484375000e+02
1.231556396484375000e+02 1.365270385742187500e+02 1.060155639648437500e+02
1.232515869140625000e+02 1.364354248046875000e+02 1.060919799804687500e+02
1.234931030273437500e+02 1.363866577148437500e+02 1.062294311523437500e+02
1.235760498046875000e+02 1.364109497070312500e+02 1.063851928710937500e+02
1.235985717773437500e+02 1.364082031250000000e+02 1.064509887695312500e+02
1.231193847656250000e+02 1.365556640625000000e+02 1.054426269531250000e+02
1.228132934570312500e+02 1.365802612304687500e+02 1.044140625000000000e+02
1.227839965820312500e+02 1.365313720703125000e+02 1.040918579101562500e+02
1.226218261718750000e+02 1.364295654296875000e+02 1.036879882812500000e+02
1.222949218750000000e+02 1.364238281250000000e+02 1.031445922851562500e+02
1.227172241210937500e+02 1.365745849609375000e+02 1.043794555664062500e+02
1.230267944335937500e+02 1.367199707031250000e+02 1.049421997070312500e+02
1.230444946289062500e+02 1.364901123046875000e+02 1.051927490234375000e+02
1.229857788085937500e+02 1.363244628906250000e+02 1.052357788085937500e+02
1.231211547851562500e+02 1.364027099609375000e+02 1.054168701171875000e+02
1.232668457031250000e+02 1.366405029296875000e+02 1.055466308593750000e+02
1.231506958007812500e+02 1.365369262695312500e+02 1.055579223632812500e+02
1.231401977539062500e+02 1.365145874023437500e+02 1.055102539062500000e+02
1.233766479492187500e+02 1.366345214843750000e+02 1.056768798828125000e+02
1.236172485351562500e+02 1.367546997070312500e+02 1.059417724609375000e+02
1.235515136718750000e+02 1.365789794921875000e+02 1.057854003906250000e+02
1.238391113281250000e+02 1.366855468750000000e+02 1.055625610351562500e+02
1.237390747070312500e+02 1.366962890625000000e+02 1.052350463867187500e+02
1.239638671875000000e+02 1.367672729492187500e+02 1.054254150390625000e+02
1.239605712890625000e+02 1.367504272460937500e+02 1.052341918945312500e+02
1.240178222656250000e+02 1.366761474609375000e+02 1.055951538085937500e+02
1.241015625000000000e+02 1.366677856445312500e+02 1.061912231445312500e+02
1.242708129882812500e+02 1.368666992187500000e+02 1.064756469726562500e+02
1.241228637695312500e+02 1.367236328125000000e+02 1.066347656250000000e+02
1.241395874023437500e+02 1.368233032226562500e+02 1.067978515625000000e+02
1.240231323242187500e+02 1.367371215820312500e+02 1.069334716796875000e+02
1.239773559570312500e+02 1.366187744140625000e+02 1.069205932617187500e+02
1.238192749023437500e+02 1.363248291015625000e+02 1.067914428710937500e+02
1.239075927734375000e+02 1.364445800781250000e+02 1.070827026367187500e+02
1.240292968750000000e+02 1.364628295898437500e+02 1.071433715820312500e+02
1.237666625976562500e+02 1.366434936523437500e+02 1.066522216796875000e+02
1.232952270507812500e+02 1.363896484375000000e+02 1.059537353515625000e+02
1.229918823242187500e+02 1.362999877929687500e+02 1.052590942382812500e+02
1.229086303710937500e+02 1.361365966796875000e+02 1.052413330078125000e+02
1.230233154296875000e+02 1.362301025390625000e+02 1.052711791992187500e+02
1.232164306640625000e+02 1.363420410156250000e+02 1.057543334960937500e+02
1.231771240234375000e+02 1.362257080078125000e+02 1.061127319335937500e+02
1.231654663085937500e+02 1.361207275390625000e+02 1.060791015625000000e+02
1.232397460937500000e+02 1.361179809570312500e+02 1.063222656250000000e+02
1.234453735351562500e+02 1.364015502929687500e+02 1.066386718750000000e+02
1.232504882812500000e+02 1.363955688476562500e+02 1.062839355468750000e+02
1.232302856445312500e+02 1.365432739257812500e+02 1.057597656250000000e+02
1.231737060546875000e+02 1.364860229492187500e+02 1.055715942382812500e+02
1.232016601562500000e+02 1.365257568359375000e+02 1.055347900390625000e+02
1.232497558593750000e+02 1.365077514648437500e+02 1.054194335937500000e+02
1.232355346679687500e+02 1.365145263671875000e+02 1.052172851562500000e+02
1.231306152343750000e+02 1.364400024414062500e+02 1.050210571289062500e+02
1.232138061523437500e+02 1.365729980468750000e+02 1.050650634765625000e+02
1.234276733398437500e+02 1.368572998046875000e+02 1.051365966796875000e+02
1.233305053710937500e+02 1.367235107421875000e+02 1.049989624023437500e+02
1.230538940429687500e+02 1.368487548828125000e+02 1.053835449218750000e+02
1.230721435546875000e+02 1.368767700195312500e+02 1.054340820312500000e+02
1.231399536132812500e+02 1.370221557617187500e+02 1.059776000976562500e+02
1.231629028320312500e+02 1.369598388671875000e+02 1.059626464843750000e+02
1.233260498046875000e+02 1.370932617187500000e+02 1.062471923828125000e+02
1.236661376953125000e+02 1.373340454101562500e+02 1.062094726562500000e+02
1.238715820312500000e+02 1.375813598632812500e+02 1.060916748046875000e+02
1.236829833984375000e+02 1.374160156250000000e+02 1.057967529296875000e+02
1.236110229492187500e+02 1.372834472656250000e+02 1.058005371093750000e+02
1.236578369140625000e+02 1.372680664062500000e+02 1.058482055664062500e+02
1.239049682617187500e+02 1.373044433593750000e+02 1.064637451171875000e+02
1.240541992187500000e+02 1.372329711914062500e+02 1.069694213867187500e+02
1.241931762695312500e+02 1.370788574218750000e+02 1.075661621093750000e+02
1.239612426757812500e+02 1.369108276367187500e+02 1.075615234375000000e+02
1.240239868164062500e+02 1.369381103515625000e+02 1.075975341796875000e+02
1.240298461914062500e+02 1.372616577148437500e+02 1.065681152343750000e+02
1.243674926757812500e+02 1.374057617187500000e+02 1.061986694335937500e+02
1.240899658203125000e+02 1.372448120117187500e+02 1.056264038085937500e+02
1.240375366210937500e+02 1.371738891601562500e+02 1.054406127929687500e+02
1.238841552734375000e+02 1.370156250000000000e+02 1.049468383789062500e+02
1.238789062500000000e+02 1.372435302734375000e+02 1.056235351562500000e+02
1.236884155273437500e+02 1.369424438476562500e+02 1.060283203125000000e+02
1.236770629882812500e+02 1.370243530273437500e+02 1.063583374023437500e+02
1.236356201171875000e+02 1.368563842773437500e+02 1.065578002929687500e+02
1.236567382812500000e+02 1.367739257812500000e+02 1.066744384765625000e+02
1.235369262695312500e+02 1.367531738281250000e+02 1.064326171875000000e+02
1.233186035156250000e+02 1.368498535156250000e+02 1.061149902343750000e+02
1.233397827148437500e+02 1.368717651367187500e+02 1.058063354492187500e+02
1.233151245117187500e+02 1.369597167968750000e+02 1.058968505859375000e+02
1.232306518554687500e+02 1.368596801757812500e+02 1.056268310546875000e+02
1.230942382812500000e+02 1.368287353515625000e+02 1.058782958984375000e+02
1.229783325195312500e+02 1.366797485351562500e+02 1.057835083007812500e+02
1.230054321289062500e+02 1.366931762695312500e+02 1.059331054687500000e+02
1.229601440429687500e+02 1.367171020507812500e+02 1.060787353515625000e+02
1.229929809570312500e+02 1.368375854492187500e+02 1.062507934570312500e+02
1.230259399414062500e+02 1.366723632812500000e+02 1.061611328125000000e+02
1.231511230468750000e+02 1.369816894531250000e+02 1.063918457031250000e+02
1.230903930664062500e+02 1.368554687500000000e+02 1.062791137695312500e+02
1.231416625976562500e+02 1.369892578125000000e+02 1.063921508789062500e+02
1.230898437500000000e+02 1.370452270507812500e+02 1.064114379882812500e+02
1.230607910156250000e+02 1.371842651367187500e+02 1.068128051757812500e+02
1.227615356445312500e+02 1.371620483398437500e+02 1.073432006835937500e+02
1.228822631835937500e+02 1.373254394531250000e+02 1.076946411132812500e+02
1.226676635742187500e+02 1.372748413085937500e+02 1.076450195312500000e+02
1.226759033203125000e+02 1.373073730468750000e+02 1.077521972656250000e+02
1.229785156250000000e+02 1.370830688476562500e+02 1.070232543945312500e+02
1.229911499023437500e+02 1.371213989257812500e+02 1.064033813476562500e+02
1.230168457031250000e+02 1.368436279296875000e+02 1.060569458007812500e+02
1.232750244140625000e+02 1.370307006835937500e+02 1.061226806640625000e+02
1.233025512695312500e+02 1.369745483398437500e+02 1.058349609375000000e+02
1.233440551757812500e+02 1.372094116210937500e+02 1.058771972656250000e+02
1.231264648437500000e+02 1.370726928710937500e+02 1.050759277343750000e+02
1.230621948242187500e+02 1.368861694335937500e+02 1.049709472656250000e+02
1.230302734375000000e+02 1.368164062500000000e+02 1.047902221679687500e+02
1.231466064453125000e+02 1.369321899414062500e+02 1.048780517578125000e+02
1.233384399414062500e+02 1.368049316406250000e+02 1.056221313476562500e+02
1.236348266601562500e+02 1.368353881835937500e+02 1.065507812500000000e+02
1.235686645507812500e+02 1.366026611328125000e+02 1.068065185546875000e+02
1.236275634765625000e+02 1.366535644531250000e+02 1.071356201171875000e+02
1.236747436523437500e+02 1.366357421875000000e+02 1.073208007812500000e+02
1.235245361328125000e+02 1.368068237304687500e+02 1.071748046875000000e+02
1.232015380859375000e+02 1.367966918945312500e+02 1.069655761718750000e+02
1.229515380859375000e+02 1.368830566406250000e+02 1.067025756835937500e+02
1.229520874023437500e+02 1.369213867187500000e+02 1.066341552734375000e+02
1.229731445312500000e+02 1.369007568359375000e+02 1.063251342773437500e+02
1.228612670898437500e+02 1.367550659179687500e+02 1.062133789062500000e+02
1.228675537109375000e+02 1.369465942382812500e+02 1.063552246093750000e+02
1.229588623046875000e+02 1.368438720703125000e+02 1.062300415039062500e+02
1.229289550781250000e+02 1.368527832031250000e+02 1.062048339843750000e+02
1.230811767578125000e+02 1.367862548828125000e+02 1.061715698242187500e+02
1.233553466796875000e+02 1.372002563476562500e+02 1.063126220703125000e+02
1.235204467773437500e+02 1.370003662109375000e+02 1.060286254882812500e+02
1.236651000976562500e+02 1.370844116210937500e+02 1.058475952148437500e+02
1.236793212890625000e+02 1.370183105468750000e+02 1.058176269531250000e+02
1.238571166992187500e+02 1.372250366210937500e+02 1.058712768554687500e+02
1.235468139648437500e+02 1.372135620117187500e+02 1.065275268554687500e+02
1.233026733398437500e+02 1.375338745117187500e+02 1.070291748046875000e+02
1.230700073242187500e+02 1.373789672851562500e+02 1.071832275390625000e+02
1.232227172851562500e+02 1.376792602539062500e+02 1.077138061523437500e+02
1.229989624023437500e+02 1.376603393554687500e+02 1.076264038085937500e+02
1.229155273437500000e+02 1.375230712890625000e+02 1.073692016601562500e+02
1.228273925781250000e+02 1.375170288085937500e+02 1.071071777343750000e+02
1.228588867187500000e+02 1.375337524414062500e+02 1.068261718750000000e+02
1.226638793945312500e+02 1.373862304687500000e+02 1.066347045898437500e+02
1.229771118164062500e+02 1.377147216796875000e+02 1.069429321289062500e+02
1.230408935546875000e+02 1.379459228515625000e+02 1.064140625000000000e+02
1.231348876953125000e+02 1.378530883789062500e+02 1.063828735351562500e+02
1.230493774414062500e+02 1.377101440429687500e+02 1.060629882812500000e+02
1.233117675781250000e+02 1.376658325195312500e+02 1.060211181640625000e+02
1.231068725585937500e+02 1.374259033203125000e+02 1.057283935546875000e+02
1.235654296875000000e+02 1.371896972656250000e+02 1.062029418945312500e+02
1.237295532226562500e+02 1.370564575195312500e+02 1.063244628906250000e+02
1.239221191406250000e+02 1.372420043945312500e+02 1.067433471679687500e+02
1.240270385742187500e+02 1.371864013671875000e+02 1.068944091796875000e+02
1.243705444335937500e+02 1.373173828125000000e+02 1.073337402343750000e+02
1.239636230468750000e+02 1.372307128906250000e+02 1.065904541015625000e+02
1.238726196289062500e+02 1.372961425781250000e+02 1.062658081054687500e+02
1.236685180664062500e+02 1.371687622070312500e+02 1.060665283203125000e+02
1.239346313476562500e+02 1.373368530273437500e+02 1.061754760742187500e+02
1.235529174804687500e+02 1.373632202148437500e+02 1.060004882812500000e+02
1.238995971679687500e+02 1.372416381835937500e+02 1.060831909179687500e+02
1.238281860351562500e+02 1.370428466796875000e+02 1.061591796875000000e+02
1.240690917968750000e+02 1.371194458007812500e+02 1.064458618164062500e+02
1.241810302734375000e+02 1.371992187500000000e+02 1.066693725585937500e+02
1.242694702148437500e+02 1.371842041015625000e+02 1.067764892578125000e+02
1.240124511718750000e+02 1.370415649414062500e+02 1.063126220703125000e+02
1.238334350585937500e+02 1.370528564453125000e+02 1.061564331054687500e+02
1.239572143554687500e+02 1.371734008789062500e+02 1.062297363281250000e+02
1.241417236328125000e+02 1.374108886718750000e+02 1.060817260742187500e+02
1.240249633789062500e+02 1.372857666015625000e+02 1.059655761718750000e+02
1.243751831054687500e+02 1.373909912109375000e+02 1.061452636718750000e+02
1.244449462890625000e+02 1.373878784179687500e+02 1.060438232421875000e+02
1.245533447265625000e+02 1.374696655273437500e+02 1.062298583984375000e+02
1.245698242187500000e+02 1.374907226562500000e+02 1.062256469726562500e+02
1.246051635742187500e+02 1.375059814453125000e+02 1.062811889648437500e+02
1.244174804687500000e+02 1.374860839843750000e+02 1.061408691406250000e+02
1.245163574218750000e+02 1.376467895507812500e+02 1.063209228515625000e+02
1.243798828125000000e+02 1.375300903320312500e+02 1.061557617187500000e+02
1.242564086914062500e+02 1.375353393554687500e+02 1.061044311523437500e+02
1.241369628906250000e+02 1.373726806640625000e+02 1.060565795898437500e+02
1.239559936523437500e+02 1.374761352539062500e+02 1.059678955078125000e+02
1.238273925781250000e+02 1.375480346679687500e+02 1.058226928710937500e+02
1.240219726562500000e+02 1.378858032226562500e+02 1.059010620117187500e+02
1.239536743164062500e+02 1.378569335937500000e+02 1.059219360351562500e+02
1.238503417968750000e+02 1.378412475585937500e+02 1.058292846679687500e+02
1.243876953125000000e+02 1.373750610351562500e+02 1.056759643554687500e+02
1.247502441406250000e+02 1.374865112304687500e+02 1.058077392578125000e+02
1.248939819335937500e+02 1.373284301757812500e+02 1.057078857421875000e+02
1.249520263671875000e+02 1.375426635742187500e+02 1.058011474609375000e+02
1.247733764648437500e+02 1.373251342773437500e+02 1.057095336914062500e+02
1.249145507812500000e+02 1.374276123046875000e+02 1.059326171875000000e+02
1.247202758789062500e+02 1.372614746093750000e+02 1.060765380859375000e+02
1.248272705078125000e+02 1.375213623046875000e+02 1.065878295898437500e+02
1.246181030273437500e+02 1.374437866210937500e+02 1.065033569335937500e+02
1.247826538085937500e+02 1.376378173828125000e+02 1.066757202148437500e+02
1.244099121093750000e+02 1.374966430664062500e+02 1.064332275390625000e+02
1.242002563476562500e+02 1.375054931640625000e+02 1.062579956054687500e+02
1.238682250976562500e+02 1.374652709960937500e+02 1.060206298828125000e+02
1.239555664062500000e+02 1.375987548828125000e+02 1.060696411132812500e+02
1.237872314453125000e+02 1.374270629882812500e+02 1.059058837890625000e+02
1.236260375976562500e+02 1.373445434570312500e+02 1.058471069335937500e+02
1.233015747070312500e+02 1.372320556640625000e+02 1.057539672851562500e+02
1.235708618164062500e+02 1.374581909179687500e+02 1.059165649414062500e+02
1.235778198242187500e+02 1.374388427734375000e+02 1.058567504882812500e+02
1.238186645507812500e+02 1.377072143554687500e+02 1.060702514648437500e+02
1.237070922851562500e+02 1.375228271484375000e+02 1.060823364257812500e+02
1.236514892578125000e+02 1.376157836914062500e+02 1.060215454101562500e+02
1.235104980468750000e+02 1.375803222656250000e+02 1.058945922851562500e+02
1.235427856445312500e+02 1.379530029296875000e+02 1.060707397460937500e+02
1.234947509765625000e+02 1.379882202148437500e+02 1.060728759765625000e+02
1.233320312500000000e+02 1.381938476562500000e+02 1.063317871093750000e+02
1.230944824218750000e+02 1.385600585937500000e+02 1.065346069335937500e+02
1.230108032226562500e+02 1.386665039062500000e+02 1.066709594726562500e+02
1.230988159179687500e+02 1.386737060546875000e+02 1.068652343750000000e+02
1.232050170898437500e+02 1.387534179687500000e+02 1.069297485351562500e+02
1.241201782226562500e+02 1.383699340820312500e+02 1.070471801757812500e+02
1.249408569335937500e+02 1.383735961914062500e+02 1.073294677734375000e+02
1.251019287109375000e+02 1.382293701171875000e+02 1.073377075195312500e+02
1.254779663085937500e+02 1.381209106445312500e+02 1.074577636718750000e+02
1.256148071289062500e+02 1.382372436523437500e+02 1.076143188476562500e+02
1.251975708007812500e+02 1.383485107421875000e+02 1.072225341796875000e+02
1.247872924804687500e+02 1.383413085937500000e+02 1.068746948242187500e+02
1.246784667968750000e+02 1.381414184570312500e+02 1.066341552734375000e+02
1.243017578125000000e+02 1.379533691406250000e+02 1.061983032226562500e+02
1.241868286132812500e+02 1.379519653320312500e+02 1.060015869140625000e+02
1.241447753906250000e+02 1.377973632812500000e+02 1.062145385742187500e+02
1.242501220703125000e+02 1.377974853515625000e+02 1.063042602539062500e+02
1.240922241210937500e+02 1.376789550781250000e+02 1.062926635742187500e+02
1.241932373046875000e+02 1.378137817382812500e+02 1.064300537109375000e+02
1.240802001953125000e+02 1.377129516601562500e+02 1.064368896484375000e+02
1.242413330078125000e+02 1.379813842773437500e+02 1.063207397460937500e+02
1.241277465820312500e+02 1.378971557617187500e+02 1.060506591796875000e+02
1.241952514648437500e+02 1.378051147460937500e+02 1.058934936523437500e+02
1.239437866210937500e+02 1.376132812500000000e+02 1.055797119140625000e+02
1.240734863281250000e+02 1.378029785156250000e+02 1.056768798828125000e+02
1.240997314453125000e+02 1.376140136718750000e+02 1.057173461914062500e+02
1.242678222656250000e+02 1.376738891601562500e+02 1.058090820312500000e+02
1.243208007812500000e+02 1.377880859375000000e+02 1.061355590820312500e+02
1.243945312500000000e+02 1.379495239257812500e+02 1.063247680664062500e+02
1.242916870117187500e+02 1.378626708984375000e+02 1.062716674804687500e+02
1.246499023437500000e+02 1.380136718750000000e+02 1.069649047851562500e+02
1.245863037109375000e+02 1.377528686523437500e+02 1.073329467773437500e+02
1.246813964843750000e+02 1.377410888671875000e+02 1.077893066406250000e+02
1.246894531250000000e+02 1.377301635742187500e+02 1.078881835937500000e+02
1.248919677734375000e+02 1.379847412109375000e+02 1.081651000976562500e+02
1.249286499023437500e+02 1.378493652343750000e+02 1.076987915039062500e+02
1.254005126953125000e+02 1.381517944335937500e+02 1.075640258789062500e+02
1.251854858398437500e+02 1.380574951171875000e+02 1.073719482421875000e+02
1.252774047851562500e+02 1.381773071289062500e+02 1.073549194335937500e+02
1.253470458984375000e+02 1.382454223632812500e+02 1.073995361328125000e+02
1.252866210937500000e+02 1.384017333984375000e+02 1.073203125000000000e+02
1.251352539062500000e+02 1.382229003906250000e+02 1.068597412109375000e+02
1.250226440429687500e+02 1.381486206054687500e+02 1.065428466796875000e+02
1.248388061523437500e+02 1.381289672851562500e+02 1.064243164062500000e+02
1.249393920898437500e+02 1.382347412109375000e+02 1.066354370117187500e+02
1.249586791992187500e+02 1.380991210937500000e+02 1.065292358398437500e+02
1.251293334960937500e+02 1.381961059570312500e+02 1.066622314453125000e+02
1.252531738281250000e+02 1.383345947265625000e+02 1.067612915039062500e+02
1.254044189453125000e+02 1.383733520507812500e+02 1.068248901367187500e+02
1.251151733398437500e+02 1.380293579101562500e+02 1.065404052734375000e+02
1.248388671875000000e+02 1.376937255859375000e+02 1.062472534179687500e+02
1.246215209960937500e+02 1.375216674804687500e+02 1.060755004882812500e+02
1.246684570312500000e+02 1.376408691406250000e+02 1.062205810546875000e+02
1.247427978515625000e+02 1.377453613281250000e+02 1.062174682617187500e+02
1.248066406250000000e+02 1.376921386718750000e+02 1.063329467773437500e+02
1.246002807617187500e+02 1.375518188476562500e+02 1.061947631835937500e+02
1.246308593750000000e+02 1.377164916992187500e+02 1.062498168945312500e+02
1.244848022460937500e+02 1.378492431640625000e+02 1.066088256835937500e+02
1.244832763671875000e+02 1.377348632812500000e+02 1.065918579101562500e+02
1.243735351562500000e+02 1.377463378906250000e+02 1.066626586914062500e+02
1.245727539062500000e+02 1.377802124023437500e+02 1.064483642578125000e+02
1.246293945312500000e+02 1.378759155273437500e+02 1.065532226562500000e+02
1.246367797851562500e+02 1.377784423828125000e+02 1.063835449218750000e+02
1.245709838867187500e+02 1.377468261718750000e+02 1.064174804687500000e+02
1.247045288085937500e+02 1.378530273437500000e+02 1.065252685546875000e+02
1.245570678710937500e+02 1.377412109375000000e+02 1.057750244140625000e+02
1.246181640625000000e+02 1.378215332031250000e+02 1.057203979492187500e+02
1.246311035156250000e+02 1.378137207031250000e+02 1.056052856445312500e+02
1.246475830078125000e+02 1.378759765625000000e+02 1.055603637695312500e+02
1.246582031250000000e+02 1.377637329101562500e+02 1.054876098632812500e+02
1.249976196289062500e+02 1.380295410156250000e+02 1.062322998046875000e+02
1.251557006835937500e+02 1.382113647460937500e+02 1.063482666015625000e+02
1.253347778320312500e+02 1.383359375000000000e+02 1.066901245117187500e+02
1.252431030273437500e+02 1.383137817382812500e+02 1.067035522460937500e+02
1.251506347656250000e+02 1.381007690429687500e+02 1.065083618164062500e+02
1.251002197265625000e+02 1.382798461914062500e+02 1.070015869140625000e+02
1.251137695312500000e+02 1.383682861328125000e+02 1.075543823242187500e+02
1.248446044921875000e+02 1.383039550781250000e+02 1.077196655273437500e+02
1.247120971679687500e+02 1.382751464843750000e+02 1.076963500976562500e+02
1.244589843750000000e+02 1.381734619140625000e+02 1.079257202148437500e+02
1.251435546875000000e+02 1.383660888671875000e+02 1.075617065429687500e+02
1.256239013671875000e+02 1.383034667968750000e+02 1.070031127929687500e+02
1.256388549804687500e+02 1.382659912109375000e+02 1.068244018554687500e+02
1.258790893554687500e+02 1.385330810546875000e+02 1.069621582031250000e+02
1.258576660156250000e+02 1.384367065429687500e+02 1.069501953125000000e+02
1.261828002929687500e+02 1.385538940429687500e+02 1.073784790039062500e+02
1.263247680664062500e+02 1.386600341796875000e+02 1.075654907226562500e+02
1.261273803710937500e+02 1.383688354492187500e+02 1.074224853515625000e+02
1.259882812500000000e+02 1.382167358398437500e+02 1.073187866210937500e+02
1.259157104492187500e+02 1.379868774414062500e+02 1.072681884765625000e+02
1.257101440429687500e+02 1.378607177734375000e+02 1.071825561523437500e+02
1.252918701171875000e+02 1.378164672851562500e+02 1.070559082031250000e+02
1.250449218750000000e+02 1.377767944335937500e+02 1.068480834960937500e+02
1.250271606445312500e+02 1.379987792968750000e+02 1.067979125976562500e+02
1.251340942382812500e+02 1.381290283203125000e+02 1.068847045898437500e+02
1.254699707031250000e+02 1.382661132812500000e+02 1.073466186523437500e+02
1.255153808593750000e+02 1.382752075195312500e+02 1.073247070312500000e+02
1.258006591796875000e+02 1.384778442382812500e+02 1.076516723632812500e+02
1.257630004882812500e+02 1.383680419921875000e+02 1.077351074218750000e+02
1.256818237304687500e+02 1.382147216796875000e+02 1.075361938476562500e+02
1.254743652343750000e+02 1.382688598632812500e+02 1.073968505859375000e+02
1.254543457031250000e+02 1.383129882812500000e+02 1.072151489257812500e+02
1.255652465820312500e+02 1.382957153320312500e+02 1.072335815429687500e+02
1.256572875976562500e+02 1.383877563476562500e+02 1.073734130859375000e+02
1.255468139648437500e+02 1.382717895507812500e+02 1.071884765625000000e+02
1.256461791992187500e+02 1.383670654296875000e+02 1.072175903320312500e+02
1.255724487304687500e+02 1.383656616210937500e+02 1.070526123046875000e+02
1.257028808593750000e+02 1.385548095703125000e+02 1.069570922851562500e+02
1.255081787109375000e+02 1.383878784179687500e+02 1.068020019531250000e+02
1.253104858398437500e+02 1.381577758789062500e+02 1.067354736328125000e+02
1.253746948242187500e+02 1.381557617187500000e+02 1.067122802734375000e+02
1.254380493164062500e+02 1.381170043945312500e+02 1.066583862304687500e+02
1.255363159179687500e+02 1.381380615234375000e+02 1.067188110351562500e+02
1.256924438476562500e+02 1.381536865234375000e+02 1.067749023437500000e+02
1.255239257812500000e+02 1.379773559570312500e+02 1.065316162109375000e+02
1.254111938476562500e+02 1.380178833007812500e+02 1.063144531250000000e+02
1.252000122070312500e+02 1.379144897460937500e+02 1.061047363281250000e+02
1.251066894531250000e+02 1.380069580078125000e+02 1.060564575195312500e+02
1.248260498046875000e+02 1.378810424804687500e+02 1.057266845703125000e+02
1.247809448242187500e+02 1.379384765625000000e+02 1.056020507812500000e+02
1.245839233398437500e+02 1.377429199218750000e+02 1.055659790039062500e+02
1.246276245117187500e+02 1.377871093750000000e+02 1.056642456054687500e+02
1.247159423828125000e+02 1.379523315429687500e+02 1.059296264648437500e+02
1.248551025390625000e+02 1.381018676757812500e+02 1.060533447265625000e+02
1.246182861328125000e+02 1.378002929687500000e+02 1.057267456054687500e+02
1.245945434570312500e+02 1.377985839843750000e+02 1.060552368164062500e+02
1.243822021484375000e+02 1.376268310546875000e+02 1.063396606445312500e+02
1.244129638671875000e+02 1.375532836914062500e+02 1.066454467773437500e+02
1.244020385742187500e+02 1.376578979492187500e+02 1.067965087890625000e+02
1.242697143554687500e+02 1.375846557617187500e+02 1.066599121093750000e+02
1.246369628906250000e+02 1.376197509765625000e+02 1.068109741210937500e+02
1.248356323242187500e+02 1.377308349609375000e+02 1.069770507812500000e+02
1.250201416015625000e+02 1.375641479492187500e+02 1.070253295898437500e+02
1.251173706054687500e+02 1.376937255859375000e+02 1.069895019531250000e+02
1.251980590820312500e+02 1.377066650390625000e+02 1.069564208984375000e+02
1.252681884765625000e+02 1.377750244140625000e+02 1.070979003906250000e+02
1.253119506835937500e+02 1.378067016601562500e+02 1.071098022460937500e+02
1.253439331054687500e+02 1.378796386718750000e+02 1.070695190429687500e+02
1.253445434570312500e+02 1.379426269531250000e+02 1.071463623046875000e+02
1.252408447265625000e+02 1.378320312500000000e+02 1.071604003906250000e+02
1.251033935546875000e+02 1.378706665039062500e+02 1.065657348632812500e+02
1.251246337890625000e+02 1.379545898437500000e+02 1.061085815429687500e+02
1.249261474609375000e+02 1.379255371093750000e+02 1.058076782226562500e+02
1.247949218750000000e+02 1.381179809570312500e+02 1.059818725585937500e+02
1.247783813476562500e+02 1.379987792968750000e+02 1.059016723632812500e+02
1.251301879882812500e+02 1.382422485351562500e+02 1.063314208984375000e+02
1.252555541992187500e+02 1.383300170898437500e+02 1.066726684570312500e+02
1.251609497070312500e+02 1.381838378906250000e+02 1.066481933593750000e+02
1.250895996093750000e+02 1.381284790039062500e+02 1.066853027343750000e+02
1.253334350585937500e+02 1.383646240234375000e+02 1.068809204101562500e+02
