1.046038818359375000e+01 1.742553710937500000e-01 0.000000000000000000e+00
1.042083740234375000e+01 1.552124023437500000e-01 0.000000000000000000e+00
1.027148437500000000e+01 8.532714843750000000e-02 0.000000000000000000e+00
1.018591308593750000e+01 3.894042968750000000e-02 0.000000000000000000e+00
1.012548828125000000e+01 3.503417968750000000e-02 0.000000000000000000e+00
7.046691894531250000e+00 1.228637695312500000e-01 0.000000000000000000e+00
6.358398437500000000e+00 1.162109375000000000e-01 0.000000000000000000e+00
6.173828125000000000e+00 8.337402343750000000e-02 0.000000000000000000e+00
6.098205566406250000e+00 7.495117187500000000e-02 0.000000000000000000e+00
5.881835937500000000e+00 6.750488281250000000e-02 0.000000000000000000e+00
5.900268554687500000e+00 7.098388671875000000e-02 0.000000000000000000e+00
5.896362304687500000e+00 7.098388671875000000e-02 0.000000000000000000e+00
5.894531250000000000e+00 7.562255859375000000e-02 0.000000000000000000e+00
5.854492187500000000e+00 7.391357421875000000e-02 0.000000000000000000e+00
5.785583496093750000e+00 7.006835937500000000e-02 0.000000000000000000e+00
5.792236328125000000e+00 7.324218750000000000e-02 0.000000000000000000e+00
5.820007324218750000e+00 7.275390625000000000e-02 0.000000000000000000e+00
5.784423828125000000e+00 6.988525390625000000e-02 0.000000000000000000e+00
5.854003906250000000e+00 6.958007812500000000e-02 0.000000000000000000e+00
5.850769042968750000e+00 6.781005859375000000e-02 0.000000000000000000e+00
5.772827148437500000e+00 5.181884765625000000e-02 0.000000000000000000e+00
5.761474609375000000e+00 4.272460937500000000e-02 0.000000000000000000e+00
5.633483886718750000e+00 4.254150390625000000e-02 0.000000000000000000e+00
5.474487304687500000e+00 2.844238281250000000e-02 0.000000000000000000e+00
5.453186035156250000e+00 1.531982421875000000e-02 0.000000000000000000e+00
5.427307128906250000e+00 1.287841796875000000e-02 0.000000000000000000e+00
5.358215332031250000e+00 1.348876953125000000e-02 0.000000000000000000e+00
5.337707519531250000e+00 9.521484375000000000e-03 0.000000000000000000e+00
5.313354492187500000e+00 8.178710937500000000e-03 0.000000000000000000e+00
5.309509277343750000e+00 8.728027343750000000e-03 0.000000000000000000e+00
5.315429687500000000e+00 6.958007812500000000e-03 0.000000000000000000e+00
5.313903808593750000e+00 8.850097656250000000e-03 0.000000000000000000e+00
5.324218750000000000e+00 7.507324218750000000e-03 0.000000000000000000e+00
5.296081542968750000e+00 7.507324218750000000e-03 0.000000000000000000e+00
5.293762207031250000e+00 6.835937500000000000e-03 0.000000000000000000e+00
5.307250976562500000e+00 5.371093750000000000e-03 0.000000000000000000e+00
5.259338378906250000e+00 5.371093750000000000e-03 0.000000000000000000e+00
5.257446289062500000e+00 3.906250000000000000e-03 0.000000000000000000e+00
5.259094238281250000e+00 3.906250000000000000e-03 0.000000000000000000e+00
5.291015625000000000e+00 4.577636718750000000e-03 0.000000000000000000e+00
5.329284667968750000e+00 4.028320312500000000e-03 0.000000000000000000e+00
5.396728515625000000e+00 7.202148437500000000e-03 0.000000000000000000e+00
5.433593750000000000e+00 8.117675781250000000e-03 0.000000000000000000e+00
5.506286621093750000e+00 1.507568359375000000e-02 0.000000000000000000e+00
5.541320800781250000e+00 1.879882812500000000e-02 0.000000000000000000e+00
5.556945800781250000e+00 2.233886718750000000e-02 0.000000000000000000e+00
5.583251953125000000e+00 2.655029296875000000e-02 0.000000000000000000e+00
5.587036132812500000e+00 2.545166015625000000e-02 0.000000000000000000e+00
5.593383789062500000e+00 2.374267578125000000e-02 0.000000000000000000e+00
5.738037109375000000e+00 3.002929687500000000e-02 0.000000000000000000e+00
5.657775878906250000e+00 3.161621093750000000e-02 0.000000000000000000e+00
5.629394531250000000e+00 2.844238281250000000e-02 0.000000000000000000e+00
5.609863281250000000e+00 2.856445312500000000e-02 0.000000000000000000e+00
5.540527343750000000e+00 1.885986328125000000e-02 0.000000000000000000e+00
5.473205566406250000e+00 1.513671875000000000e-02 0.000000000000000000e+00
5.309631347656250000e+00 3.906250000000000000e-03 0.000000000000000000e+00
5.223815917968750000e+00 2.929687500000000000e-03 0.000000000000000000e+00
5.177185058593750000e+00 2.685546875000000000e-03 0.000000000000000000e+00
5.132507324218750000e+00 0.000000000000000000e+00 0.000000000000000000e+00
5.063049316406250000e+00 0.000000000000000000e+00 0.000000000000000000e+00
4.945434570312500000e+00 0.000000000000000000e+00 0.000000000000000000e+00
4.944641113281250000e+00 0.000000000000000000e+00 0.000000000000000000e+00
4.941955566406250000e+00 0.000000000000000000e+00 0.000000000000000000e+00
4.936279296875000000e+00 0.000000000000000000e+00 0.000000000000000000e+00
4.927490234375000000e+00 7.019042968750000000e-03 0.000000000000000000e+00
4.933532714843750000e+00 1.953125000000000000e-03 0.000000000000000000e+00
4.868896484375000000e+00 6.347656250000000000e-03 0.000000000000000000e+00
4.997741699218750000e+00 1.464843750000000000e-03 0.000000000000000000e+00
5.025146484375000000e+00 1.464843750000000000e-03 0.000000000000000000e+00
5.044311523437500000e+00 0.000000000000000000e+00 0.000000000000000000e+00
5.070983886718750000e+00 0.000000000000000000e+00 0.000000000000000000e+00
5.100219726562500000e+00 0.000000000000000000e+00 0.000000000000000000e+00
5.106445312500000000e+00 1.220703125000000000e-04 0.000000000000000000e+00
5.091979980468750000e+00 4.882812500000000000e-04 0.000000000000000000e+00
5.140686035156250000e+00 7.324218750000000000e-04 0.000000000000000000e+00
5.123229980468750000e+00 8.544921875000000000e-04 0.000000000000000000e+00
5.104736328125000000e+00 7.934570312500000000e-04 0.000000000000000000e+00
5.093566894531250000e+00 2.624511718750000000e-03 0.000000000000000000e+00
5.094665527343750000e+00 2.319335937500000000e-03 0.000000000000000000e+00
5.123962402343750000e+00 1.892089843750000000e-03 0.000000000000000000e+00
5.172668457031250000e+00 1.220703125000000000e-04 0.000000000000000000e+00
5.171936035156250000e+00 1.831054687500000000e-04 0.000000000000000000e+00
5.166870117187500000e+00 3.051757812500000000e-04 0.000000000000000000e+00
5.186584472656250000e+00 3.662109375000000000e-04 0.000000000000000000e+00
5.191833496093750000e+00 0.000000000000000000e+00 0.000000000000000000e+00
5.165161132812500000e+00 0.000000000000000000e+00 0.000000000000000000e+00
5.123962402343750000e+00 0.000000000000000000e+00 0.000000000000000000e+00
5.094665527343750000e+00 1.220703125000000000e-04 0.000000000000000000e+00
5.095214843750000000e+00 0.000000000000000000e+00 0.000000000000000000e+00
5.109069824218750000e+00 0.000000000000000000e+00 0.000000000000000000e+00
5.075927734375000000e+00 0.000000000000000000e+00 0.000000000000000000e+00
5.063232421875000000e+00 0.000000000000000000e+00 0.000000000000000000e+00
4.970703125000000000e+00 0.000000000000000000e+00 0.000000000000000000e+00
4.913024902343750000e+00 0.000000000000000000e+00 0.000000000000000000e+00
4.915832519531250000e+00 7.324218750000000000e-04 0.000000000000000000e+00
4.880249023437500000e+00 7.324218750000000000e-04 0.000000000000000000e+00
4.918884277343750000e+00 7.324218750000000000e-04 0.000000000000000000e+00
4.941284179687500000e+00 0.000000000000000000e+00 0.000000000000000000e+00
4.985229492187500000e+00 0.000000000000000000e+00 0.000000000000000000e+00
4.973693847656250000e+00 6.103515625000000000e-05 0.000000000000000000e+00
4.914062500000000000e+00 6.103515625000000000e-05 0.000000000000000000e+00
4.919128417968750000e+00 1.220703125000000000e-04 0.000000000000000000e+00
4.909179687500000000e+00 1.831054687500000000e-04 0.000000000000000000e+00
4.901000976562500000e+00 3.051757812500000000e-04 0.000000000000000000e+00
4.887207031250000000e+00 3.051757812500000000e-04 0.000000000000000000e+00
4.896850585937500000e+00 3.662109375000000000e-04 0.000000000000000000e+00
4.895324707031250000e+00 5.493164062500000000e-04 0.000000000000000000e+00
4.948120117187500000e+00 0.000000000000000000e+00 0.000000000000000000e+00
4.952148437500000000e+00 0.000000000000000000e+00 0.000000000000000000e+00
4.994628906250000000e+00 0.000000000000000000e+00 0.000000000000000000e+00
4.992614746093750000e+00 0.000000000000000000e+00 0.000000000000000000e+00
4.975585937500000000e+00 0.000000000000000000e+00 0.000000000000000000e+00
4.934265136718750000e+00 0.000000000000000000e+00 0.000000000000000000e+00
4.925537109375000000e+00 0.000000000000000000e+00 0.000000000000000000e+00
4.895263671875000000e+00 0.000000000000000000e+00 0.000000000000000000e+00
4.860412597656250000e+00 0.000000000000000000e+00 0.000000000000000000e+00
4.783447265625000000e+00 1.953125000000000000e-03 0.000000000000000000e+00
4.679077148437500000e+00 2.441406250000000000e-03 0.000000000000000000e+00
4.637695312500000000e+00 0.000000000000000000e+00 0.000000000000000000e+00
4.578918457031250000e+00 4.882812500000000000e-04 0.000000000000000000e+00
4.472717285156250000e+00 0.000000000000000000e+00 0.000000000000000000e+00
4.417663574218750000e+00 0.000000000000000000e+00 0.000000000000000000e+00
4.377441406250000000e+00 0.000000000000000000e+00 0.000000000000000000e+00
4.350585937500000000e+00 0.000000000000000000e+00 0.000000000000000000e+00
4.273864746093750000e+00 0.000000000000000000e+00 0.000000000000000000e+00
4.260742187500000000e+00 0.000000000000000000e+00 0.000000000000000000e+00
4.262695312500000000e+00 0.000000000000000000e+00 0.000000000000000000e+00
4.233764648437500000e+00 0.000000000000000000e+00 0.000000000000000000e+00
4.253540039062500000e+00 0.000000000000000000e+00 0.000000000000000000e+00
4.245361328125000000e+00 0.000000000000000000e+00 0.000000000000000000e+00
4.205383300781250000e+00 0.000000000000000000e+00 0.000000000000000000e+00
4.185241699218750000e+00 0.000000000000000000e+00 0.000000000000000000e+00
4.175048828125000000e+00 1.220703125000000000e-04 0.000000000000000000e+00
4.192749023437500000e+00 0.000000000000000000e+00 0.000000000000000000e+00
4.190307617187500000e+00 0.000000000000000000e+00 0.000000000000000000e+00
4.202758789062500000e+00 7.934570312500000000e-04 0.000000000000000000e+00
4.213073730468750000e+00 9.765625000000000000e-04 0.000000000000000000e+00
4.202575683593750000e+00 0.000000000000000000e+00 0.000000000000000000e+00
4.149780273437500000e+00 0.000000000000000000e+00 0.000000000000000000e+00
4.121826171875000000e+00 0.000000000000000000e+00 0.000000000000000000e+00
4.139953613281250000e+00 0.000000000000000000e+00 0.000000000000000000e+00
4.120422363281250000e+00 0.000000000000000000e+00 0.000000000000000000e+00
4.090209960937500000e+00 0.000000000000000000e+00 0.000000000000000000e+00
4.088562011718750000e+00 0.000000000000000000e+00 0.000000000000000000e+00
4.081176757812500000e+00 0.000000000000000000e+00 0.000000000000000000e+00
4.011901855468750000e+00 0.000000000000000000e+00 0.000000000000000000e+00
4.001586914062500000e+00 0.000000000000000000e+00 0.000000000000000000e+00
3.905273437500000000e+00 0.000000000000000000e+00 0.000000000000000000e+00
3.906188964843750000e+00 0.000000000000000000e+00 0.000000000000000000e+00
3.909118652343750000e+00 0.000000000000000000e+00 0.000000000000000000e+00
3.872802734375000000e+00 0.000000000000000000e+00 0.000000000000000000e+00
3.924011230468750000e+00 0.000000000000000000e+00 0.000000000000000000e+00
3.933593750000000000e+00 7.324218750000000000e-04 0.000000000000000000e+00
3.936462402343750000e+00 6.103515625000000000e-04 0.000000000000000000e+00
3.969848632812500000e+00 0.000000000000000000e+00 0.000000000000000000e+00
3.943359375000000000e+00 0.000000000000000000e+00 0.000000000000000000e+00
3.945678710937500000e+00 0.000000000000000000e+00 0.000000000000000000e+00
3.986572265625000000e+00 0.000000000000000000e+00 0.000000000000000000e+00
3.965759277343750000e+00 0.000000000000000000e+00 0.000000000000000000e+00
3.931884765625000000e+00 0.000000000000000000e+00 0.000000000000000000e+00
3.871154785156250000e+00 9.765625000000000000e-04 0.000000000000000000e+00
3.870483398437500000e+00 9.765625000000000000e-04 0.000000000000000000e+00
3.854003906250000000e+00 9.765625000000000000e-04 0.000000000000000000e+00
3.849060058593750000e+00 9.765625000000000000e-04 0.000000000000000000e+00
3.864501953125000000e+00 9.765625000000000000e-04 0.000000000000000000e+00
3.854370117187500000e+00 9.765625000000000000e-04 0.000000000000000000e+00
3.865051269531250000e+00 7.324218750000000000e-04 0.000000000000000000e+00
3.865051269531250000e+00 1.708984375000000000e-03 0.000000000000000000e+00
3.888854980468750000e+00 8.544921875000000000e-04 0.000000000000000000e+00
3.907531738281250000e+00 8.544921875000000000e-04 0.000000000000000000e+00
3.926391601562500000e+00 4.882812500000000000e-04 0.000000000000000000e+00
3.911132812500000000e+00 8.544921875000000000e-04 0.000000000000000000e+00
3.919189453125000000e+00 9.765625000000000000e-04 0.000000000000000000e+00
3.908447265625000000e+00 1.098632812500000000e-03 0.000000000000000000e+00
3.944091796875000000e+00 0.000000000000000000e+00 0.000000000000000000e+00
3.924743652343750000e+00 0.000000000000000000e+00 0.000000000000000000e+00
3.943542480468750000e+00 0.000000000000000000e+00 0.000000000000000000e+00
3.914062500000000000e+00 0.000000000000000000e+00 0.000000000000000000e+00
3.928894042968750000e+00 0.000000000000000000e+00 0.000000000000000000e+00
3.928710937500000000e+00 0.000000000000000000e+00 0.000000000000000000e+00
3.985046386718750000e+00 0.000000000000000000e+00 0.000000000000000000e+00
3.953552246093750000e+00 0.000000000000000000e+00 0.000000000000000000e+00
3.894409179687500000e+00 0.000000000000000000e+00 0.000000000000000000e+00
3.856079101562500000e+00 0.000000000000000000e+00 0.000000000000000000e+00
3.813720703125000000e+00 0.000000000000000000e+00 0.000000000000000000e+00
3.809997558593750000e+00 0.000000000000000000e+00 0.000000000000000000e+00
3.805358886718750000e+00 0.000000000000000000e+00 0.000000000000000000e+00
3.784606933593750000e+00 0.000000000000000000e+00 0.000000000000000000e+00
3.873596191406250000e+00 0.000000000000000000e+00 0.000000000000000000e+00
3.830261230468750000e+00 0.000000000000000000e+00 0.000000000000000000e+00
3.836669921875000000e+00 3.051757812500000000e-04 0.000000000000000000e+00
3.840026855468750000e+00 0.000000000000000000e+00 0.000000000000000000e+00
3.732421875000000000e+00 4.882812500000000000e-04 0.000000000000000000e+00
3.714660644531250000e+00 2.441406250000000000e-04 0.000000000000000000e+00
3.710266113281250000e+00 0.000000000000000000e+00 0.000000000000000000e+00
3.706848144531250000e+00 0.000000000000000000e+00 0.000000000000000000e+00
3.725708007812500000e+00 0.000000000000000000e+00 0.000000000000000000e+00
3.736267089843750000e+00 0.000000000000000000e+00 0.000000000000000000e+00
3.774230957031250000e+00 0.000000000000000000e+00 0.000000000000000000e+00
3.788330078125000000e+00 0.000000000000000000e+00 0.000000000000000000e+00
3.813110351562500000e+00 0.000000000000000000e+00 0.000000000000000000e+00
3.789978027343750000e+00 0.000000000000000000e+00 0.000000000000000000e+00
3.833435058593750000e+00 0.000000000000000000e+00 0.000000000000000000e+00
3.823669433593750000e+00 0.000000000000000000e+00 0.000000000000000000e+00
3.820617675781250000e+00 0.000000000000000000e+00 0.000000000000000000e+00
3.799560546875000000e+00 0.000000000000000000e+00 0.000000000000000000e+00
3.771301269531250000e+00 0.000000000000000000e+00 0.000000000000000000e+00
3.760559082031250000e+00 0.000000000000000000e+00 0.000000000000000000e+00
3.756835937500000000e+00 0.000000000000000000e+00 0.000000000000000000e+00
3.724426269531250000e+00 0.000000000000000000e+00 0.000000000000000000e+00
3.700988769531250000e+00 0.000000000000000000e+00 0.000000000000000000e+00
3.702697753906250000e+00 0.000000000000000000e+00 0.000000000000000000e+00
3.712158203125000000e+00 0.000000000000000000e+00 0.000000000000000000e+00
3.709777832031250000e+00 0.000000000000000000e+00 0.000000000000000000e+00
3.715942382812500000e+00 0.000000000000000000e+00 0.000000000000000000e+00
3.674682617187500000e+00 0.000000000000000000e+00 0.000000000000000000e+00
3.640136718750000000e+00 0.000000000000000000e+00 0.000000000000000000e+00
3.585754394531250000e+00 0.000000000000000000e+00 0.000000000000000000e+00
3.588134765625000000e+00 0.000000000000000000e+00 0.000000000000000000e+00
3.630432128906250000e+00 0.000000000000000000e+00 0.000000000000000000e+00
3.625549316406250000e+00 0.000000000000000000e+00 0.000000000000000000e+00
3.639953613281250000e+00 0.000000000000000000e+00 0.000000000000000000e+00
3.645935058593750000e+00 0.000000000000000000e+00 0.000000000000000000e+00
3.666015625000000000e+00 0.000000000000000000e+00 0.000000000000000000e+00
3.690490722656250000e+00 0.000000000000000000e+00 0.000000000000000000e+00
3.688354492187500000e+00 0.000000000000000000e+00 0.000000000000000000e+00
3.703674316406250000e+00 0.000000000000000000e+00 0.000000000000000000e+00
3.707824707031250000e+00 0.000000000000000000e+00 0.000000000000000000e+00
3.711608886718750000e+00 1.220703125000000000e-04 0.000000000000000000e+00
3.721557617187500000e+00 0.000000000000000000e+00 0.000000000000000000e+00
3.711853027343750000e+00 0.000000000000000000e+00 0.000000000000000000e+00
3.723205566406250000e+00 0.000000000000000000e+00 0.000000000000000000e+00
3.763671875000000000e+00 0.000000000000000000e+00 0.000000000000000000e+00
3.768371582031250000e+00 1.831054687500000000e-04 0.000000000000000000e+00
3.773010253906250000e+00 1.831054687500000000e-04 0.000000000000000000e+00
3.748046875000000000e+00 0.000000000000000000e+00 0.000000000000000000e+00
3.741760253906250000e+00 0.000000000000000000e+00 0.000000000000000000e+00
3.722412109375000000e+00 7.324218750000000000e-04 0.000000000000000000e+00
3.730957031250000000e+00 1.220703125000000000e-04 0.000000000000000000e+00
3.712707519531250000e+00 3.051757812500000000e-04 0.000000000000000000e+00
3.698364257812500000e+00 0.000000000000000000e+00 0.000000000000000000e+00
3.670349121093750000e+00 0.000000000000000000e+00 0.000000000000000000e+00
3.652832031250000000e+00 0.000000000000000000e+00 0.000000000000000000e+00
3.639831542968750000e+00 0.000000000000000000e+00 0.000000000000000000e+00
3.602050781250000000e+00 0.000000000000000000e+00 0.000000000000000000e+00
3.569519042968750000e+00 0.000000000000000000e+00 0.000000000000000000e+00
3.583557128906250000e+00 0.000000000000000000e+00 0.000000000000000000e+00
3.582702636718750000e+00 0.000000000000000000e+00 0.000000000000000000e+00
3.605224609375000000e+00 0.000000000000000000e+00 0.000000000000000000e+00
3.652099609375000000e+00 0.000000000000000000e+00 0.000000000000000000e+00
3.620239257812500000e+00 0.000000000000000000e+00 0.000000000000000000e+00
3.626464843750000000e+00 2.441406250000000000e-04 0.000000000000000000e+00
3.618713378906250000e+00 7.324218750000000000e-04 0.000000000000000000e+00
3.612548828125000000e+00 2.441406250000000000e-04 0.000000000000000000e+00
3.619995117187500000e+00 2.441406250000000000e-04 0.000000000000000000e+00
3.627624511718750000e+00 9.765625000000000000e-04 0.000000000000000000e+00
3.636230468750000000e+00 7.324218750000000000e-04 0.000000000000000000e+00
3.601806640625000000e+00 4.882812500000000000e-04 0.000000000000000000e+00
3.562377929687500000e+00 1.953125000000000000e-03 0.000000000000000000e+00
3.541625976562500000e+00 1.953125000000000000e-03 0.000000000000000000e+00
3.520507812500000000e+00 1.953125000000000000e-03 0.000000000000000000e+00
3.516479492187500000e+00 1.953125000000000000e-03 0.000000000000000000e+00
3.519592285156250000e+00 1.464843750000000000e-03 0.000000000000000000e+00
3.515747070312500000e+00 4.882812500000000000e-04 0.000000000000000000e+00
3.536132812500000000e+00 4.882812500000000000e-04 0.000000000000000000e+00
3.547668457031250000e+00 2.441406250000000000e-04 0.000000000000000000e+00
3.536376953125000000e+00 4.882812500000000000e-04 0.000000000000000000e+00
3.550964355468750000e+00 4.882812500000000000e-04 0.000000000000000000e+00
3.540161132812500000e+00 2.441406250000000000e-04 0.000000000000000000e+00
3.517089843750000000e+00 0.000000000000000000e+00 0.000000000000000000e+00
3.498901367187500000e+00 0.000000000000000000e+00 0.000000000000000000e+00
3.487670898437500000e+00 0.000000000000000000e+00 0.000000000000000000e+00
3.440185546875000000e+00 0.000000000000000000e+00 0.000000000000000000e+00
3.405334472656250000e+00 0.000000000000000000e+00 0.000000000000000000e+00
3.406677246093750000e+00 0.000000000000000000e+00 0.000000000000000000e+00
3.409912109375000000e+00 0.000000000000000000e+00 0.000000000000000000e+00
3.429687500000000000e+00 0.000000000000000000e+00 0.000000000000000000e+00
3.462951660156250000e+00 0.000000000000000000e+00 0.000000000000000000e+00
3.471435546875000000e+00 0.000000000000000000e+00 0.000000000000000000e+00
3.499694824218750000e+00 0.000000000000000000e+00 0.000000000000000000e+00
3.505126953125000000e+00 0.000000000000000000e+00 0.000000000000000000e+00
3.493347167968750000e+00 0.000000000000000000e+00 0.000000000000000000e+00
3.496337890625000000e+00 0.000000000000000000e+00 0.000000000000000000e+00
3.507629394531250000e+00 0.000000000000000000e+00 0.000000000000000000e+00
3.475280761718750000e+00 2.441406250000000000e-03 0.000000000000000000e+00
3.442749023437500000e+00 2.441406250000000000e-03 0.000000000000000000e+00
3.378967285156250000e+00 2.685546875000000000e-03 0.000000000000000000e+00
3.356628417968750000e+00 2.685546875000000000e-03 0.000000000000000000e+00
3.329406738281250000e+00 2.258300781250000000e-03 0.000000000000000000e+00
3.304504394531250000e+00 2.380371093750000000e-03 0.000000000000000000e+00
3.313171386718750000e+00 2.441406250000000000e-03 0.000000000000000000e+00
3.291564941406250000e+00 2.197265625000000000e-03 0.000000000000000000e+00
3.298828125000000000e+00 2.685546875000000000e-03 0.000000000000000000e+00
3.332458496093750000e+00 2.441406250000000000e-03 0.000000000000000000e+00
3.343322753906250000e+00 1.708984375000000000e-03 0.000000000000000000e+00
3.253356933593750000e+00 2.502441406250000000e-03 0.000000000000000000e+00
3.125000000000000000e+00 1.953125000000000000e-03 0.000000000000000000e+00
2.985717773437500000e+00 0.000000000000000000e+00 0.000000000000000000e+00
2.877746582031250000e+00 0.000000000000000000e+00 0.000000000000000000e+00
2.796142578125000000e+00 0.000000000000000000e+00 0.000000000000000000e+00
2.739318847656250000e+00 0.000000000000000000e+00 0.000000000000000000e+00
2.784118652343750000e+00 0.000000000000000000e+00 0.000000000000000000e+00
2.772644042968750000e+00 0.000000000000000000e+00 0.000000000000000000e+00
2.764648437500000000e+00 0.000000000000000000e+00 0.000000000000000000e+00
2.755126953125000000e+00 0.000000000000000000e+00 0.000000000000000000e+00
2.734130859375000000e+00 0.000000000000000000e+00 0.000000000000000000e+00
2.728149414062500000e+00 0.000000000000000000e+00 0.000000000000000000e+00
2.737304687500000000e+00 0.000000000000000000e+00 0.000000000000000000e+00
2.732666015625000000e+00 0.000000000000000000e+00 0.000000000000000000e+00
2.729309082031250000e+00 0.000000000000000000e+00 0.000000000000000000e+00
2.729309082031250000e+00 0.000000000000000000e+00 0.000000000000000000e+00
2.730224609375000000e+00 0.000000000000000000e+00 0.000000000000000000e+00
2.730224609375000000e+00 0.000000000000000000e+00 0.000000000000000000e+00
2.730224609375000000e+00 0.000000000000000000e+00 0.000000000000000000e+00
2.714843750000000000e+00 0.000000000000000000e+00 0.000000000000000000e+00
2.714843750000000000e+00 0.000000000000000000e+00 0.000000000000000000e+00
2.698242187500000000e+00 0.000000000000000000e+00 0.000000000000000000e+00
2.693359375000000000e+00 0.000000000000000000e+00 0.000000000000000000e+00
2.669433593750000000e+00 0.000000000000000000e+00 0.000000000000000000e+00
2.615356445312500000e+00 0.000000000000000000e+00 0.000000000000000000e+00
2.633911132812500000e+00 0.000000000000000000e+00 0.000000000000000000e+00
2.657348632812500000e+00 0.000000000000000000e+00 0.000000000000000000e+00
2.762817382812500000e+00 0.000000000000000000e+00 0.000000000000000000e+00
2.783752441406250000e+00 0.000000000000000000e+00 0.000000000000000000e+00
2.880065917968750000e+00 0.000000000000000000e+00 0.000000000000000000e+00
2.901306152343750000e+00 0.000000000000000000e+00 0.000000000000000000e+00
2.948547363281250000e+00 0.000000000000000000e+00 0.000000000000000000e+00
3.017700195312500000e+00 0.000000000000000000e+00 0.000000000000000000e+00
3.049011230468750000e+00 0.000000000000000000e+00 0.000000000000000000e+00
3.093750000000000000e+00 0.000000000000000000e+00 0.000000000000000000e+00
3.127624511718750000e+00 0.000000000000000000e+00 0.000000000000000000e+00
3.125122070312500000e+00 0.000000000000000000e+00 0.000000000000000000e+00
3.165466308593750000e+00 0.000000000000000000e+00 0.000000000000000000e+00
3.139892578125000000e+00 0.000000000000000000e+00 0.000000000000000000e+00
3.166320800781250000e+00 0.000000000000000000e+00 0.000000000000000000e+00
3.160766601562500000e+00 0.000000000000000000e+00 0.000000000000000000e+00
3.193298339843750000e+00 0.000000000000000000e+00 0.000000000000000000e+00
3.184814453125000000e+00 6.103515625000000000e-05 0.000000000000000000e+00
3.176635742187500000e+00 6.103515625000000000e-05 0.000000000000000000e+00
3.170410156250000000e+00 6.103515625000000000e-05 0.000000000000000000e+00
3.169799804687500000e+00 6.103515625000000000e-05 0.000000000000000000e+00
3.153198242187500000e+00 6.103515625000000000e-05 0.000000000000000000e+00
3.168640136718750000e+00 0.000000000000000000e+00 0.000000000000000000e+00
3.144958496093750000e+00 1.708984375000000000e-03 0.000000000000000000e+00
3.155578613281250000e+00 1.708984375000000000e-03 0.000000000000000000e+00
3.153503417968750000e+00 1.708984375000000000e-03 0.000000000000000000e+00
3.135803222656250000e+00 1.708984375000000000e-03 0.000000000000000000e+00
3.143859863281250000e+00 1.708984375000000000e-03 0.000000000000000000e+00
3.164550781250000000e+00 1.464843750000000000e-03 0.000000000000000000e+00
3.160095214843750000e+00 2.929687500000000000e-03 0.000000000000000000e+00
3.149780273437500000e+00 2.929687500000000000e-03 0.000000000000000000e+00
3.184997558593750000e+00 2.929687500000000000e-03 0.000000000000000000e+00
3.192077636718750000e+00 2.929687500000000000e-03 0.000000000000000000e+00
3.187561035156250000e+00 1.464843750000000000e-03 0.000000000000000000e+00
3.175598144531250000e+00 1.220703125000000000e-03 0.000000000000000000e+00
3.196899414062500000e+00 1.220703125000000000e-03 0.000000000000000000e+00
3.213623046875000000e+00 1.220703125000000000e-03 0.000000000000000000e+00
3.204956054687500000e+00 1.220703125000000000e-03 0.000000000000000000e+00
3.190856933593750000e+00 1.220703125000000000e-03 0.000000000000000000e+00
3.185241699218750000e+00 1.220703125000000000e-03 0.000000000000000000e+00
3.193847656250000000e+00 0.000000000000000000e+00 0.000000000000000000e+00
3.175903320312500000e+00 0.000000000000000000e+00 0.000000000000000000e+00
3.162109375000000000e+00 0.000000000000000000e+00 0.000000000000000000e+00
3.155395507812500000e+00 0.000000000000000000e+00 0.000000000000000000e+00
3.108764648437500000e+00 0.000000000000000000e+00 0.000000000000000000e+00
3.105041503906250000e+00 0.000000000000000000e+00 0.000000000000000000e+00
3.106140136718750000e+00 0.000000000000000000e+00 0.000000000000000000e+00
3.105529785156250000e+00 0.000000000000000000e+00 0.000000000000000000e+00
3.070983886718750000e+00 1.464843750000000000e-03 0.000000000000000000e+00
3.065551757812500000e+00 1.220703125000000000e-03 0.000000000000000000e+00
3.039916992187500000e+00 1.220703125000000000e-03 0.000000000000000000e+00
3.012939453125000000e+00 1.220703125000000000e-03 0.000000000000000000e+00
2.988098144531250000e+00 1.220703125000000000e-03 0.000000000000000000e+00
2.977172851562500000e+00 1.220703125000000000e-03 0.000000000000000000e+00
2.993835449218750000e+00 1.220703125000000000e-03 0.000000000000000000e+00
2.987854003906250000e+00 1.220703125000000000e-03 0.000000000000000000e+00
2.969909667968750000e+00 0.000000000000000000e+00 0.000000000000000000e+00
2.987365722656250000e+00 0.000000000000000000e+00 0.000000000000000000e+00
2.992492675781250000e+00 1.464843750000000000e-03 0.000000000000000000e+00
2.998107910156250000e+00 0.000000000000000000e+00 0.000000000000000000e+00
3.010742187500000000e+00 0.000000000000000000e+00 0.000000000000000000e+00
3.030334472656250000e+00 0.000000000000000000e+00 0.000000000000000000e+00
3.021850585937500000e+00 0.000000000000000000e+00 0.000000000000000000e+00
3.007812500000000000e+00 0.000000000000000000e+00 0.000000000000000000e+00
3.010009765625000000e+00 1.953125000000000000e-03 0.000000000000000000e+00
3.011108398437500000e+00 1.953125000000000000e-03 0.000000000000000000e+00
3.045349121093750000e+00 0.000000000000000000e+00 0.000000000000000000e+00
3.040466308593750000e+00 0.000000000000000000e+00 0.000000000000000000e+00
3.042297363281250000e+00 1.342773437500000000e-03 0.000000000000000000e+00
3.031066894531250000e+00 3.662109375000000000e-03 0.000000000000000000e+00
3.051208496093750000e+00 3.662109375000000000e-03 0.000000000000000000e+00
3.055541992187500000e+00 3.662109375000000000e-03 0.000000000000000000e+00
3.052734375000000000e+00 3.662109375000000000e-03 0.000000000000000000e+00
3.043090820312500000e+00 3.417968750000000000e-03 0.000000000000000000e+00
3.078796386718750000e+00 2.197265625000000000e-03 0.000000000000000000e+00
3.082641601562500000e+00 2.197265625000000000e-03 0.000000000000000000e+00
3.111755371093750000e+00 2.929687500000000000e-03 0.000000000000000000e+00
3.092407226562500000e+00 2.929687500000000000e-03 0.000000000000000000e+00
3.091979980468750000e+00 1.220703125000000000e-03 0.000000000000000000e+00
3.052429199218750000e+00 1.220703125000000000e-03 0.000000000000000000e+00
3.030578613281250000e+00 3.417968750000000000e-03 0.000000000000000000e+00
3.021972656250000000e+00 3.051757812500000000e-03 0.000000000000000000e+00
3.001281738281250000e+00 2.807617187500000000e-03 0.000000000000000000e+00
3.003601074218750000e+00 2.807617187500000000e-03 0.000000000000000000e+00
3.007690429687500000e+00 2.807617187500000000e-03 0.000000000000000000e+00
3.018798828125000000e+00 2.807617187500000000e-03 0.000000000000000000e+00
3.050598144531250000e+00 2.807617187500000000e-03 0.000000000000000000e+00
3.064514160156250000e+00 2.807617187500000000e-03 0.000000000000000000e+00
3.091796875000000000e+00 2.563476562500000000e-03 0.000000000000000000e+00
3.149353027343750000e+00 2.319335937500000000e-03 0.000000000000000000e+00
3.167724609375000000e+00 2.319335937500000000e-03 0.000000000000000000e+00
3.156982421875000000e+00 2.319335937500000000e-03 0.000000000000000000e+00
3.177978515625000000e+00 1.953125000000000000e-03 0.000000000000000000e+00
3.188354492187500000e+00 1.708984375000000000e-03 0.000000000000000000e+00
3.194824218750000000e+00 1.220703125000000000e-03 0.000000000000000000e+00
3.226318359375000000e+00 9.765625000000000000e-04 0.000000000000000000e+00
3.246704101562500000e+00 7.324218750000000000e-04 0.000000000000000000e+00
3.236267089843750000e+00 7.324218750000000000e-04 0.000000000000000000e+00
3.230957031250000000e+00 7.324218750000000000e-04 0.000000000000000000e+00
3.248413085937500000e+00 7.324218750000000000e-04 0.000000000000000000e+00
3.341674804687500000e+00 0.000000000000000000e+00 0.000000000000000000e+00
3.343444824218750000e+00 0.000000000000000000e+00 0.000000000000000000e+00
3.292968750000000000e+00 0.000000000000000000e+00 0.000000000000000000e+00
3.282287597656250000e+00 0.000000000000000000e+00 0.000000000000000000e+00
3.297241210937500000e+00 0.000000000000000000e+00 0.000000000000000000e+00
3.329467773437500000e+00 0.000000000000000000e+00 0.000000000000000000e+00
3.319580078125000000e+00 0.000000000000000000e+00 0.000000000000000000e+00
3.306823730468750000e+00 0.000000000000000000e+00 0.000000000000000000e+00
3.285217285156250000e+00 1.220703125000000000e-04 0.000000000000000000e+00
3.314086914062500000e+00 1.220703125000000000e-04 0.000000000000000000e+00
3.315063476562500000e+00 0.000000000000000000e+00 0.000000000000000000e+00
3.289001464843750000e+00 0.000000000000000000e+00 0.000000000000000000e+00
3.341369628906250000e+00 0.000000000000000000e+00 0.000000000000000000e+00
3.361145019531250000e+00 0.000000000000000000e+00 0.000000000000000000e+00
3.363830566406250000e+00 0.000000000000000000e+00 0.000000000000000000e+00
3.319946289062500000e+00 0.000000000000000000e+00 0.000000000000000000e+00
3.234741210937500000e+00 0.000000000000000000e+00 0.000000000000000000e+00
3.253479003906250000e+00 0.000000000000000000e+00 0.000000000000000000e+00
3.282104492187500000e+00 0.000000000000000000e+00 0.000000000000000000e+00
3.237670898437500000e+00 0.000000000000000000e+00 0.000000000000000000e+00
3.239440917968750000e+00 0.000000000000000000e+00 0.000000000000000000e+00
3.225158691406250000e+00 1.708984375000000000e-03 0.000000000000000000e+00
3.162475585937500000e+00 1.464843750000000000e-03 0.000000000000000000e+00
3.180297851562500000e+00 0.000000000000000000e+00 0.000000000000000000e+00
3.178100585937500000e+00 0.000000000000000000e+00 0.000000000000000000e+00
3.146484375000000000e+00 0.000000000000000000e+00 0.000000000000000000e+00
3.122680664062500000e+00 0.000000000000000000e+00 0.000000000000000000e+00
3.136352539062500000e+00 0.000000000000000000e+00 0.000000000000000000e+00
3.181945800781250000e+00 0.000000000000000000e+00 0.000000000000000000e+00
3.196838378906250000e+00 0.000000000000000000e+00 0.000000000000000000e+00
3.263610839843750000e+00 6.103515625000000000e-05 0.000000000000000000e+00
3.250305175781250000e+00 0.000000000000000000e+00 0.000000000000000000e+00
3.224182128906250000e+00 0.000000000000000000e+00 0.000000000000000000e+00
3.228881835937500000e+00 0.000000000000000000e+00 0.000000000000000000e+00
3.230712890625000000e+00 0.000000000000000000e+00 0.000000000000000000e+00
3.210937500000000000e+00 0.000000000000000000e+00 0.000000000000000000e+00
3.186218261718750000e+00 0.000000000000000000e+00 0.000000000000000000e+00
3.198364257812500000e+00 0.000000000000000000e+00 0.000000000000000000e+00
3.173461914062500000e+00 0.000000000000000000e+00 0.000000000000000000e+00
3.124633789062500000e+00 7.324218750000000000e-04 0.000000000000000000e+00
3.081420898437500000e+00 1.586914062500000000e-03 0.000000000000000000e+00
3.078369140625000000e+00 1.586914062500000000e-03 0.000000000000000000e+00
3.103698730468750000e+00 1.464843750000000000e-03 0.000000000000000000e+00
3.083984375000000000e+00 1.953125000000000000e-03 0.000000000000000000e+00
3.117004394531250000e+00 0.000000000000000000e+00 0.000000000000000000e+00
3.119018554687500000e+00 0.000000000000000000e+00 0.000000000000000000e+00
3.090270996093750000e+00 0.000000000000000000e+00 0.000000000000000000e+00
3.061950683593750000e+00 0.000000000000000000e+00 0.000000000000000000e+00
3.064208984375000000e+00 0.000000000000000000e+00 0.000000000000000000e+00
3.048156738281250000e+00 9.765625000000000000e-04 0.000000000000000000e+00
3.050109863281250000e+00 9.765625000000000000e-04 0.000000000000000000e+00
3.069702148437500000e+00 4.882812500000000000e-04 0.000000000000000000e+00
3.081909179687500000e+00 4.882812500000000000e-04 0.000000000000000000e+00
3.072753906250000000e+00 0.000000000000000000e+00 0.000000000000000000e+00
3.074279785156250000e+00 0.000000000000000000e+00 0.000000000000000000e+00
3.036132812500000000e+00 0.000000000000000000e+00 0.000000000000000000e+00
3.032897949218750000e+00 0.000000000000000000e+00 0.000000000000000000e+00
3.076049804687500000e+00 0.000000000000000000e+00 0.000000000000000000e+00
3.069763183593750000e+00 0.000000000000000000e+00 0.000000000000000000e+00
3.131042480468750000e+00 0.000000000000000000e+00 0.000000000000000000e+00
3.295654296875000000e+00 0.000000000000000000e+00 0.000000000000000000e+00
3.311096191406250000e+00 1.220703125000000000e-04 0.000000000000000000e+00
3.364074707031250000e+00 0.000000000000000000e+00 0.000000000000000000e+00
3.331054687500000000e+00 0.000000000000000000e+00 0.000000000000000000e+00
3.270568847656250000e+00 0.000000000000000000e+00 0.000000000000000000e+00
3.214599609375000000e+00 1.464843750000000000e-03 0.000000000000000000e+00
3.188903808593750000e+00 1.220703125000000000e-03 0.000000000000000000e+00
3.158264160156250000e+00 0.000000000000000000e+00 0.000000000000000000e+00
3.163696289062500000e+00 2.441406250000000000e-03 0.000000000000000000e+00
3.172241210937500000e+00 0.000000000000000000e+00 0.000000000000000000e+00
3.151245117187500000e+00 0.000000000000000000e+00 0.000000000000000000e+00
3.146362304687500000e+00 0.000000000000000000e+00 0.000000000000000000e+00
3.144531250000000000e+00 0.000000000000000000e+00 0.000000000000000000e+00
3.141113281250000000e+00 0.000000000000000000e+00 0.000000000000000000e+00
3.135620117187500000e+00 9.765625000000000000e-04 0.000000000000000000e+00
3.132873535156250000e+00 1.953125000000000000e-03 0.000000000000000000e+00
3.135742187500000000e+00 2.929687500000000000e-03 0.000000000000000000e+00
3.129333496093750000e+00 0.000000000000000000e+00 0.000000000000000000e+00
3.133789062500000000e+00 0.000000000000000000e+00 0.000000000000000000e+00
3.122619628906250000e+00 0.000000000000000000e+00 0.000000000000000000e+00
3.144531250000000000e+00 0.000000000000000000e+00 0.000000000000000000e+00
3.160339355468750000e+00 0.000000000000000000e+00 0.000000000000000000e+00
3.122070312500000000e+00 4.882812500000000000e-03 0.000000000000000000e+00
3.120056152343750000e+00 7.324218750000000000e-04 0.000000000000000000e+00
3.122009277343750000e+00 0.000000000000000000e+00 0.000000000000000000e+00
3.096191406250000000e+00 0.000000000000000000e+00 0.000000000000000000e+00
3.054321289062500000e+00 0.000000000000000000e+00 0.000000000000000000e+00
3.030883789062500000e+00 1.953125000000000000e-03 0.000000000000000000e+00
3.003112792968750000e+00 1.953125000000000000e-03 0.000000000000000000e+00
2.992004394531250000e+00 1.464843750000000000e-03 0.000000000000000000e+00
3.012573242187500000e+00 1.464843750000000000e-03 0.000000000000000000e+00
3.019653320312500000e+00 1.464843750000000000e-03 0.000000000000000000e+00
3.030883789062500000e+00 1.464843750000000000e-03 0.000000000000000000e+00
3.035644531250000000e+00 1.464843750000000000e-03 0.000000000000000000e+00
3.084472656250000000e+00 0.000000000000000000e+00 0.000000000000000000e+00
3.078125000000000000e+00 1.464843750000000000e-03 0.000000000000000000e+00
3.071960449218750000e+00 1.464843750000000000e-03 0.000000000000000000e+00
3.048217773437500000e+00 1.464843750000000000e-03 0.000000000000000000e+00
3.023803710937500000e+00 2.929687500000000000e-03 0.000000000000000000e+00
3.012268066406250000e+00 2.685546875000000000e-03 0.000000000000000000e+00
2.971313476562500000e+00 2.685546875000000000e-03 0.000000000000000000e+00
2.936462402343750000e+00 2.441406250000000000e-03 0.000000000000000000e+00
2.902221679687500000e+00 1.953125000000000000e-03 0.000000000000000000e+00
2.858886718750000000e+00 1.953125000000000000e-03 0.000000000000000000e+00
2.864624023437500000e+00 1.953125000000000000e-03 0.000000000000000000e+00
2.855346679687500000e+00 1.953125000000000000e-03 0.000000000000000000e+00
2.877197265625000000e+00 1.953125000000000000e-03 0.000000000000000000e+00
2.874450683593750000e+00 1.953125000000000000e-03 0.000000000000000000e+00
2.855407714843750000e+00 1.708984375000000000e-03 0.000000000000000000e+00
2.853149414062500000e+00 1.220703125000000000e-03 0.000000000000000000e+00
2.855895996093750000e+00 1.220703125000000000e-03 0.000000000000000000e+00
2.861572265625000000e+00 1.220703125000000000e-03 0.000000000000000000e+00
2.867370605468750000e+00 1.220703125000000000e-03 0.000000000000000000e+00
2.869506835937500000e+00 1.220703125000000000e-03 0.000000000000000000e+00
2.865661621093750000e+00 1.220703125000000000e-03 0.000000000000000000e+00
2.870483398437500000e+00 1.220703125000000000e-03 0.000000000000000000e+00
2.862426757812500000e+00 1.220703125000000000e-03 0.000000000000000000e+00
2.840698242187500000e+00 1.220703125000000000e-03 0.000000000000000000e+00
2.833007812500000000e+00 7.324218750000000000e-04 0.000000000000000000e+00
2.849731445312500000e+00 7.324218750000000000e-04 0.000000000000000000e+00
2.799072265625000000e+00 0.000000000000000000e+00 0.000000000000000000e+00
2.778808593750000000e+00 0.000000000000000000e+00 0.000000000000000000e+00
2.762145996093750000e+00 0.000000000000000000e+00 0.000000000000000000e+00
2.767639160156250000e+00 0.000000000000000000e+00 0.000000000000000000e+00
2.776489257812500000e+00 0.000000000000000000e+00 0.000000000000000000e+00
2.808715820312500000e+00 0.000000000000000000e+00 0.000000000000000000e+00
2.819580078125000000e+00 0.000000000000000000e+00 0.000000000000000000e+00
2.816528320312500000e+00 0.000000000000000000e+00 0.000000000000000000e+00
2.801208496093750000e+00 0.000000000000000000e+00 0.000000000000000000e+00
2.786193847656250000e+00 0.000000000000000000e+00 0.000000000000000000e+00
2.768859863281250000e+00 0.000000000000000000e+00 0.000000000000000000e+00
2.756164550781250000e+00 0.000000000000000000e+00 0.000000000000000000e+00
2.733459472656250000e+00 0.000000000000000000e+00 0.000000000000000000e+00
2.749328613281250000e+00 0.000000000000000000e+00 0.000000000000000000e+00
2.735961914062500000e+00 0.000000000000000000e+00 0.000000000000000000e+00
2.738220214843750000e+00 0.000000000000000000e+00 0.000000000000000000e+00
2.760742187500000000e+00 0.000000000000000000e+00 0.000000000000000000e+00
2.758666992187500000e+00 0.000000000000000000e+00 0.000000000000000000e+00
2.758361816406250000e+00 0.000000000000000000e+00 0.000000000000000000e+00
2.738037109375000000e+00 0.000000000000000000e+00 0.000000000000000000e+00
2.739807128906250000e+00 0.000000000000000000e+00 0.000000000000000000e+00
2.730957031250000000e+00 0.000000000000000000e+00 0.000000000000000000e+00
2.715820312500000000e+00 0.000000000000000000e+00 0.000000000000000000e+00
2.707275390625000000e+00 0.000000000000000000e+00 0.000000000000000000e+00
2.687438964843750000e+00 0.000000000000000000e+00 0.000000000000000000e+00
2.689086914062500000e+00 0.000000000000000000e+00 0.000000000000000000e+00
2.674377441406250000e+00 0.000000000000000000e+00 0.000000000000000000e+00
2.675964355468750000e+00 0.000000000000000000e+00 0.000000000000000000e+00
2.679138183593750000e+00 0.000000000000000000e+00 0.000000000000000000e+00
2.685180664062500000e+00 0.000000000000000000e+00 0.000000000000000000e+00
2.689270019531250000e+00 0.000000000000000000e+00 0.000000000000000000e+00
2.715515136718750000e+00 0.000000000000000000e+00 0.000000000000000000e+00
2.727478027343750000e+00 0.000000000000000000e+00 0.000000000000000000e+00
2.730590820312500000e+00 1.220703125000000000e-04 0.000000000000000000e+00
2.734313964843750000e+00 1.220703125000000000e-04 0.000000000000000000e+00
2.739929199218750000e+00 0.000000000000000000e+00 0.000000000000000000e+00
2.722167968750000000e+00 0.000000000000000000e+00 0.000000000000000000e+00
2.714721679687500000e+00 0.000000000000000000e+00 0.000000000000000000e+00
2.708190917968750000e+00 0.000000000000000000e+00 0.000000000000000000e+00
2.708618164062500000e+00 0.000000000000000000e+00 0.000000000000000000e+00
2.703613281250000000e+00 0.000000000000000000e+00 0.000000000000000000e+00
2.703369140625000000e+00 0.000000000000000000e+00 0.000000000000000000e+00
2.688232421875000000e+00 0.000000000000000000e+00 0.000000000000000000e+00
2.697082519531250000e+00 0.000000000000000000e+00 0.000000000000000000e+00
2.708496093750000000e+00 0.000000000000000000e+00 0.000000000000000000e+00
2.717285156250000000e+00 0.000000000000000000e+00 0.000000000000000000e+00
2.705993652343750000e+00 0.000000000000000000e+00 0.000000000000000000e+00
2.691162109375000000e+00 0.000000000000000000e+00 0.000000000000000000e+00
2.699462890625000000e+00 0.000000000000000000e+00 0.000000000000000000e+00
2.683349609375000000e+00 0.000000000000000000e+00 0.000000000000000000e+00
2.672424316406250000e+00 0.000000000000000000e+00 0.000000000000000000e+00
2.667785644531250000e+00 0.000000000000000000e+00 0.000000000000000000e+00
2.659606933593750000e+00 0.000000000000000000e+00 0.000000000000000000e+00
2.650329589843750000e+00 0.000000000000000000e+00 0.000000000000000000e+00
2.636596679687500000e+00 0.000000000000000000e+00 0.000000000000000000e+00
2.635986328125000000e+00 0.000000000000000000e+00 0.000000000000000000e+00
2.622802734375000000e+00 0.000000000000000000e+00 0.000000000000000000e+00
2.631958007812500000e+00 0.000000000000000000e+00 0.000000000000000000e+00
2.629760742187500000e+00 0.000000000000000000e+00 0.000000000000000000e+00
2.632568359375000000e+00 0.000000000000000000e+00 0.000000000000000000e+00
2.692749023437500000e+00 0.000000000000000000e+00 0.000000000000000000e+00
2.700256347656250000e+00 0.000000000000000000e+00 0.000000000000000000e+00
2.692565917968750000e+00 0.000000000000000000e+00 0.000000000000000000e+00
2.673217773437500000e+00 0.000000000000000000e+00 0.000000000000000000e+00
2.656616210937500000e+00 0.000000000000000000e+00 0.000000000000000000e+00
2.648559570312500000e+00 0.000000000000000000e+00 0.000000000000000000e+00
2.638610839843750000e+00 0.000000000000000000e+00 0.000000000000000000e+00
2.626892089843750000e+00 0.000000000000000000e+00 0.000000000000000000e+00
2.579040527343750000e+00 0.000000000000000000e+00 0.000000000000000000e+00
2.533752441406250000e+00 0.000000000000000000e+00 0.000000000000000000e+00
2.422973632812500000e+00 0.000000000000000000e+00 0.000000000000000000e+00
2.341430664062500000e+00 0.000000000000000000e+00 0.000000000000000000e+00
2.093994140625000000e+00 0.000000000000000000e+00 0.000000000000000000e+00
1.765136718750000000e+00 0.000000000000000000e+00 0.000000000000000000e+00
1.623657226562500000e+00 0.000000000000000000e+00 0.000000000000000000e+00
1.613159179687500000e+00 0.000000000000000000e+00 0.000000000000000000e+00
1.608154296875000000e+00 0.000000000000000000e+00 0.000000000000000000e+00
1.608764648437500000e+00 0.000000000000000000e+00 0.000000000000000000e+00
1.635131835937500000e+00 0.000000000000000000e+00 0.000000000000000000e+00
1.624511718750000000e+00 0.000000000000000000e+00 0.000000000000000000e+00
1.631591796875000000e+00 0.000000000000000000e+00 0.000000000000000000e+00
1.614013671875000000e+00 0.000000000000000000e+00 0.000000000000000000e+00
1.616699218750000000e+00 0.000000000000000000e+00 0.000000000000000000e+00
1.632324218750000000e+00 0.000000000000000000e+00 0.000000000000000000e+00
1.634399414062500000e+00 0.000000000000000000e+00 0.000000000000000000e+00
1.661743164062500000e+00 0.000000000000000000e+00 0.000000000000000000e+00
1.682128906250000000e+00 0.000000000000000000e+00 0.000000000000000000e+00
1.670898437500000000e+00 0.000000000000000000e+00 0.000000000000000000e+00
1.696533203125000000e+00 0.000000000000000000e+00 0.000000000000000000e+00
1.864135742187500000e+00 0.000000000000000000e+00 0.000000000000000000e+00
1.896850585937500000e+00 0.000000000000000000e+00 0.000000000000000000e+00
1.901489257812500000e+00 0.000000000000000000e+00 0.000000000000000000e+00
1.928466796875000000e+00 0.000000000000000000e+00 0.000000000000000000e+00
1.953002929687500000e+00 0.000000000000000000e+00 0.000000000000000000e+00
1.960083007812500000e+00 0.000000000000000000e+00 0.000000000000000000e+00
1.922485351562500000e+00 0.000000000000000000e+00 0.000000000000000000e+00
1.880004882812500000e+00 0.000000000000000000e+00 0.000000000000000000e+00
1.920288085937500000e+00 0.000000000000000000e+00 0.000000000000000000e+00
1.928833007812500000e+00 0.000000000000000000e+00 0.000000000000000000e+00
1.883789062500000000e+00 0.000000000000000000e+00 0.000000000000000000e+00
1.865234375000000000e+00 0.000000000000000000e+00 0.000000000000000000e+00
1.859130859375000000e+00 0.000000000000000000e+00 0.000000000000000000e+00
1.858520507812500000e+00 0.000000000000000000e+00 0.000000000000000000e+00
1.867675781250000000e+00 0.000000000000000000e+00 0.000000000000000000e+00
1.867675781250000000e+00 0.000000000000000000e+00 0.000000000000000000e+00
1.889648437500000000e+00 0.000000000000000000e+00 0.000000000000000000e+00
1.864501953125000000e+00 0.000000000000000000e+00 0.000000000000000000e+00
1.885620117187500000e+00 0.000000000000000000e+00 0.000000000000000000e+00
1.852905273437500000e+00 0.000000000000000000e+00 0.000000000000000000e+00
1.837280273437500000e+00 0.000000000000000000e+00 0.000000000000000000e+00
1.839233398437500000e+00 0.000000000000000000e+00 0.000000000000000000e+00
1.799316406250000000e+00 0.000000000000000000e+00 0.000000000000000000e+00
1.803588867187500000e+00 0.000000000000000000e+00 0.000000000000000000e+00
1.776123046875000000e+00 0.000000000000000000e+00 0.000000000000000000e+00
1.765136718750000000e+00 0.000000000000000000e+00 0.000000000000000000e+00
1.764160156250000000e+00 0.000000000000000000e+00 0.000000000000000000e+00
1.757202148437500000e+00 0.000000000000000000e+00 0.000000000000000000e+00
1.757202148437500000e+00 0.000000000000000000e+00 0.000000000000000000e+00
1.764770507812500000e+00 0.000000000000000000e+00 0.000000000000000000e+00
1.755493164062500000e+00 0.000000000000000000e+00 0.000000000000000000e+00
1.851074218750000000e+00 0.000000000000000000e+00 0.000000000000000000e+00
1.897460937500000000e+00 0.000000000000000000e+00 0.000000000000000000e+00
1.881835937500000000e+00 0.000000000000000000e+00 0.000000000000000000e+00
1.827148437500000000e+00 0.000000000000000000e+00 0.000000000000000000e+00
1.776123046875000000e+00 0.000000000000000000e+00 0.000000000000000000e+00
1.727416992187500000e+00 0.000000000000000000e+00 0.000000000000000000e+00
1.718872070312500000e+00 0.000000000000000000e+00 0.000000000000000000e+00
1.703247070312500000e+00 0.000000000000000000e+00 0.000000000000000000e+00
1.703735351562500000e+00 0.000000000000000000e+00 0.000000000000000000e+00
1.728881835937500000e+00 0.000000000000000000e+00 0.000000000000000000e+00
1.768066406250000000e+00 0.000000000000000000e+00 0.000000000000000000e+00
1.766601562500000000e+00 0.000000000000000000e+00 0.000000000000000000e+00
1.800170898437500000e+00 0.000000000000000000e+00 0.000000000000000000e+00
1.816162109375000000e+00 0.000000000000000000e+00 0.000000000000000000e+00
1.826904296875000000e+00 0.000000000000000000e+00 0.000000000000000000e+00
1.838500976562500000e+00 0.000000000000000000e+00 0.000000000000000000e+00
1.806640625000000000e+00 0.000000000000000000e+00 0.000000000000000000e+00
1.794311523437500000e+00 0.000000000000000000e+00 0.000000000000000000e+00
1.782592773437500000e+00 0.000000000000000000e+00 0.000000000000000000e+00
1.780639648437500000e+00 0.000000000000000000e+00 0.000000000000000000e+00
1.770141601562500000e+00 0.000000000000000000e+00 0.000000000000000000e+00
1.770141601562500000e+00 0.000000000000000000e+00 0.000000000000000000e+00
1.760620117187500000e+00 0.000000000000000000e+00 0.000000000000000000e+00
1.742065429687500000e+00 0.000000000000000000e+00 0.000000000000000000e+00
1.760864257812500000e+00 0.000000000000000000e+00 0.000000000000000000e+00
1.749389648437500000e+00 0.000000000000000000e+00 0.000000000000000000e+00
1.747314453125000000e+00 0.000000000000000000e+00 0.000000000000000000e+00
1.800292968750000000e+00 0.000000000000000000e+00 0.000000000000000000e+00
1.841674804687500000e+00 0.000000000000000000e+00 0.000000000000000000e+00
1.947387695312500000e+00 0.000000000000000000e+00 0.000000000000000000e+00
2.090942382812500000e+00 0.000000000000000000e+00 0.000000000000000000e+00
2.183837890625000000e+00 0.000000000000000000e+00 0.000000000000000000e+00
2.272216796875000000e+00 0.000000000000000000e+00 0.000000000000000000e+00
2.271240234375000000e+00 0.000000000000000000e+00 0.000000000000000000e+00
2.266967773437500000e+00 0.000000000000000000e+00 0.000000000000000000e+00
2.282592773437500000e+00 0.000000000000000000e+00 0.000000000000000000e+00
2.282592773437500000e+00 0.000000000000000000e+00 0.000000000000000000e+00
2.284667968750000000e+00 0.000000000000000000e+00 0.000000000000000000e+00
2.250122070312500000e+00 0.000000000000000000e+00 0.000000000000000000e+00
2.245483398437500000e+00 0.000000000000000000e+00 0.000000000000000000e+00
2.226684570312500000e+00 0.000000000000000000e+00 0.000000000000000000e+00
2.226440429687500000e+00 0.000000000000000000e+00 0.000000000000000000e+00
2.222778320312500000e+00 0.000000000000000000e+00 0.000000000000000000e+00
2.222778320312500000e+00 0.000000000000000000e+00 0.000000000000000000e+00
2.234252929687500000e+00 0.000000000000000000e+00 0.000000000000000000e+00
2.233276367187500000e+00 0.000000000000000000e+00 0.000000000000000000e+00
2.253051757812500000e+00 0.000000000000000000e+00 0.000000000000000000e+00
2.278320312500000000e+00 0.000000000000000000e+00 0.000000000000000000e+00
2.372802734375000000e+00 0.000000000000000000e+00 0.000000000000000000e+00
2.343750000000000000e+00 0.000000000000000000e+00 0.000000000000000000e+00
2.310546875000000000e+00 0.000000000000000000e+00 0.000000000000000000e+00
2.278198242187500000e+00 0.000000000000000000e+00 0.000000000000000000e+00
2.273437500000000000e+00 0.000000000000000000e+00 0.000000000000000000e+00
2.278808593750000000e+00 0.000000000000000000e+00 0.000000000000000000e+00
2.246459960937500000e+00 0.000000000000000000e+00 0.000000000000000000e+00
2.253540039062500000e+00 0.000000000000000000e+00 0.000000000000000000e+00
2.253540039062500000e+00 0.000000000000000000e+00 0.000000000000000000e+00
2.292602539062500000e+00 0.000000000000000000e+00 0.000000000000000000e+00
2.378540039062500000e+00 0.000000000000000000e+00 0.000000000000000000e+00
2.410400390625000000e+00 0.000000000000000000e+00 0.000000000000000000e+00
2.618408203125000000e+00 0.000000000000000000e+00 0.000000000000000000e+00
2.628417968750000000e+00 0.000000000000000000e+00 0.000000000000000000e+00
2.625915527343750000e+00 0.000000000000000000e+00 0.000000000000000000e+00
2.624328613281250000e+00 0.000000000000000000e+00 0.000000000000000000e+00
2.624328613281250000e+00 0.000000000000000000e+00 0.000000000000000000e+00
2.608520507812500000e+00 0.000000000000000000e+00 0.000000000000000000e+00
2.570434570312500000e+00 0.000000000000000000e+00 0.000000000000000000e+00
2.502197265625000000e+00 0.000000000000000000e+00 0.000000000000000000e+00
2.461181640625000000e+00 0.000000000000000000e+00 0.000000000000000000e+00
2.440917968750000000e+00 0.000000000000000000e+00 0.000000000000000000e+00
2.349853515625000000e+00 0.000000000000000000e+00 0.000000000000000000e+00
2.359619140625000000e+00 0.000000000000000000e+00 0.000000000000000000e+00
2.382568359375000000e+00 0.000000000000000000e+00 0.000000000000000000e+00
2.486816406250000000e+00 0.000000000000000000e+00 0.000000000000000000e+00
2.488708496093750000e+00 0.000000000000000000e+00 0.000000000000000000e+00
2.459472656250000000e+00 0.000000000000000000e+00 0.000000000000000000e+00
2.461059570312500000e+00 0.000000000000000000e+00 0.000000000000000000e+00
2.465759277343750000e+00 0.000000000000000000e+00 0.000000000000000000e+00
2.466552734375000000e+00 0.000000000000000000e+00 0.000000000000000000e+00
2.443115234375000000e+00 0.000000000000000000e+00 0.000000000000000000e+00
2.447998046875000000e+00 0.000000000000000000e+00 0.000000000000000000e+00
2.421264648437500000e+00 0.000000000000000000e+00 0.000000000000000000e+00
2.399780273437500000e+00 0.000000000000000000e+00 0.000000000000000000e+00
2.345336914062500000e+00 0.000000000000000000e+00 0.000000000000000000e+00
2.309448242187500000e+00 0.000000000000000000e+00 0.000000000000000000e+00
2.328491210937500000e+00 0.000000000000000000e+00 0.000000000000000000e+00
2.328247070312500000e+00 0.000000000000000000e+00 0.000000000000000000e+00
2.384643554687500000e+00 0.000000000000000000e+00 0.000000000000000000e+00
2.358032226562500000e+00 0.000000000000000000e+00 0.000000000000000000e+00
2.411132812500000000e+00 0.000000000000000000e+00 0.000000000000000000e+00
2.435058593750000000e+00 0.000000000000000000e+00 0.000000000000000000e+00
2.449035644531250000e+00 0.000000000000000000e+00 0.000000000000000000e+00
2.414978027343750000e+00 0.000000000000000000e+00 0.000000000000000000e+00
2.427612304687500000e+00 0.000000000000000000e+00 0.000000000000000000e+00
2.375061035156250000e+00 0.000000000000000000e+00 0.000000000000000000e+00
2.335510253906250000e+00 0.000000000000000000e+00 0.000000000000000000e+00
2.337280273437500000e+00 0.000000000000000000e+00 0.000000000000000000e+00
2.349121093750000000e+00 0.000000000000000000e+00 0.000000000000000000e+00
2.343627929687500000e+00 0.000000000000000000e+00 0.000000000000000000e+00
2.345336914062500000e+00 0.000000000000000000e+00 0.000000000000000000e+00
2.344360351562500000e+00 0.000000000000000000e+00 0.000000000000000000e+00
2.341552734375000000e+00 0.000000000000000000e+00 0.000000000000000000e+00
2.366943359375000000e+00 0.000000000000000000e+00 0.000000000000000000e+00
2.385375976562500000e+00 0.000000000000000000e+00 0.000000000000000000e+00
2.392211914062500000e+00 0.000000000000000000e+00 0.000000000000000000e+00
2.374877929687500000e+00 0.000000000000000000e+00 0.000000000000000000e+00
2.368286132812500000e+00 0.000000000000000000e+00 0.000000000000000000e+00
2.385253906250000000e+00 0.000000000000000000e+00 0.000000000000000000e+00
2.345336914062500000e+00 0.000000000000000000e+00 0.000000000000000000e+00
2.310791015625000000e+00 0.000000000000000000e+00 0.000000000000000000e+00
2.314453125000000000e+00 0.000000000000000000e+00 0.000000000000000000e+00
2.287597656250000000e+00 0.000000000000000000e+00 0.000000000000000000e+00
2.254882812500000000e+00 0.000000000000000000e+00 0.000000000000000000e+00
2.236450195312500000e+00 0.000000000000000000e+00 0.000000000000000000e+00
2.190795898437500000e+00 0.000000000000000000e+00 0.000000000000000000e+00
2.190795898437500000e+00 0.000000000000000000e+00 0.000000000000000000e+00
2.205444335937500000e+00 0.000000000000000000e+00 0.000000000000000000e+00
2.230102539062500000e+00 0.000000000000000000e+00 0.000000000000000000e+00
2.251586914062500000e+00 0.000000000000000000e+00 0.000000000000000000e+00
2.280151367187500000e+00 0.000000000000000000e+00 0.000000000000000000e+00
2.409667968750000000e+00 0.000000000000000000e+00 0.000000000000000000e+00
2.380371093750000000e+00 0.000000000000000000e+00 0.000000000000000000e+00
2.378906250000000000e+00 0.000000000000000000e+00 0.000000000000000000e+00
2.363281250000000000e+00 0.000000000000000000e+00 0.000000000000000000e+00
2.305175781250000000e+00 0.000000000000000000e+00 0.000000000000000000e+00
2.269775390625000000e+00 0.000000000000000000e+00 0.000000000000000000e+00
2.249877929687500000e+00 0.000000000000000000e+00 0.000000000000000000e+00
2.212402343750000000e+00 0.000000000000000000e+00 0.000000000000000000e+00
2.179931640625000000e+00 0.000000000000000000e+00 0.000000000000000000e+00
2.146728515625000000e+00 0.000000000000000000e+00 0.000000000000000000e+00
2.144531250000000000e+00 0.000000000000000000e+00 0.000000000000000000e+00
2.144531250000000000e+00 0.000000000000000000e+00 0.000000000000000000e+00
2.169677734375000000e+00 0.000000000000000000e+00 0.000000000000000000e+00
2.131469726562500000e+00 0.000000000000000000e+00 0.000000000000000000e+00
2.155273437500000000e+00 0.000000000000000000e+00 0.000000000000000000e+00
2.203247070312500000e+00 0.000000000000000000e+00 0.000000000000000000e+00
2.203247070312500000e+00 0.000000000000000000e+00 0.000000000000000000e+00
2.208618164062500000e+00 0.000000000000000000e+00 0.000000000000000000e+00
2.208618164062500000e+00 0.000000000000000000e+00 0.000000000000000000e+00
2.186645507812500000e+00 0.000000000000000000e+00 0.000000000000000000e+00
2.180297851562500000e+00 0.000000000000000000e+00 0.000000000000000000e+00
2.168823242187500000e+00 0.000000000000000000e+00 0.000000000000000000e+00
2.125732421875000000e+00 0.000000000000000000e+00 0.000000000000000000e+00
2.109741210937500000e+00 0.000000000000000000e+00 0.000000000000000000e+00
2.105712890625000000e+00 0.000000000000000000e+00 0.000000000000000000e+00
2.079345703125000000e+00 0.000000000000000000e+00 0.000000000000000000e+00
2.073974609375000000e+00 0.000000000000000000e+00 0.000000000000000000e+00
2.098754882812500000e+00 0.000000000000000000e+00 0.000000000000000000e+00
2.142822265625000000e+00 0.000000000000000000e+00 0.000000000000000000e+00
2.130126953125000000e+00 0.000000000000000000e+00 0.000000000000000000e+00
2.132446289062500000e+00 0.000000000000000000e+00 0.000000000000000000e+00
2.132446289062500000e+00 0.000000000000000000e+00 0.000000000000000000e+00
2.116821289062500000e+00 0.000000000000000000e+00 0.000000000000000000e+00
2.107543945312500000e+00 0.000000000000000000e+00 0.000000000000000000e+00
2.080200195312500000e+00 0.000000000000000000e+00 0.000000000000000000e+00
2.021850585937500000e+00 0.000000000000000000e+00 0.000000000000000000e+00
1.977539062500000000e+00 0.000000000000000000e+00 0.000000000000000000e+00
1.961914062500000000e+00 0.000000000000000000e+00 0.000000000000000000e+00
1.919189453125000000e+00 0.000000000000000000e+00 0.000000000000000000e+00
1.915893554687500000e+00 0.000000000000000000e+00 0.000000000000000000e+00
1.931396484375000000e+00 0.000000000000000000e+00 0.000000000000000000e+00
1.966552734375000000e+00 0.000000000000000000e+00 0.000000000000000000e+00
1.970703125000000000e+00 0.000000000000000000e+00 0.000000000000000000e+00
1.955078125000000000e+00 0.000000000000000000e+00 0.000000000000000000e+00
1.956542968750000000e+00 0.000000000000000000e+00 0.000000000000000000e+00
1.956542968750000000e+00 0.000000000000000000e+00 0.000000000000000000e+00
1.983886718750000000e+00 0.000000000000000000e+00 0.000000000000000000e+00
1.959838867187500000e+00 0.000000000000000000e+00 0.000000000000000000e+00
1.973632812500000000e+00 0.000000000000000000e+00 0.000000000000000000e+00
1.924682617187500000e+00 0.000000000000000000e+00 0.000000000000000000e+00
1.886718750000000000e+00 0.000000000000000000e+00 0.000000000000000000e+00
1.882568359375000000e+00 0.000000000000000000e+00 0.000000000000000000e+00
1.896240234375000000e+00 0.000000000000000000e+00 0.000000000000000000e+00
1.893066406250000000e+00 0.000000000000000000e+00 0.000000000000000000e+00
1.913696289062500000e+00 0.000000000000000000e+00 0.000000000000000000e+00
1.961059570312500000e+00 0.000000000000000000e+00 0.000000000000000000e+00
1.961059570312500000e+00 0.000000000000000000e+00 0.000000000000000000e+00
1.986206054687500000e+00 0.000000000000000000e+00 0.000000000000000000e+00
2.016601562500000000e+00 0.000000000000000000e+00 0.000000000000000000e+00
2.030273437500000000e+00 0.000000000000000000e+00 0.000000000000000000e+00
2.284179687500000000e+00 0.000000000000000000e+00 0.000000000000000000e+00
2.240478515625000000e+00 0.000000000000000000e+00 0.000000000000000000e+00
2.174560546875000000e+00 0.000000000000000000e+00 0.000000000000000000e+00
2.159179687500000000e+00 0.000000000000000000e+00 0.000000000000000000e+00
2.069091796875000000e+00 0.000000000000000000e+00 0.000000000000000000e+00
2.025024414062500000e+00 2.441406250000000000e-04 0.000000000000000000e+00
1.993896484375000000e+00 0.000000000000000000e+00 0.000000000000000000e+00
1.993896484375000000e+00 0.000000000000000000e+00 0.000000000000000000e+00
2.022949218750000000e+00 0.000000000000000000e+00 0.000000000000000000e+00
1.999023437500000000e+00 0.000000000000000000e+00 0.000000000000000000e+00
2.034667968750000000e+00 0.000000000000000000e+00 0.000000000000000000e+00
2.091796875000000000e+00 0.000000000000000000e+00 0.000000000000000000e+00
2.093872070312500000e+00 0.000000000000000000e+00 0.000000000000000000e+00
2.094238281250000000e+00 0.000000000000000000e+00 0.000000000000000000e+00
2.098388671875000000e+00 0.000000000000000000e+00 0.000000000000000000e+00
2.109375000000000000e+00 0.000000000000000000e+00 0.000000000000000000e+00
2.068359375000000000e+00 0.000000000000000000e+00 0.000000000000000000e+00
2.056518554687500000e+00 2.441406250000000000e-04 0.000000000000000000e+00
2.028198242187500000e+00 4.882812500000000000e-04 0.000000000000000000e+00
2.074707031250000000e+00 0.000000000000000000e+00 0.000000000000000000e+00
2.025634765625000000e+00 0.000000000000000000e+00 0.000000000000000000e+00
1.995605468750000000e+00 0.000000000000000000e+00 0.000000000000000000e+00
2.045654296875000000e+00 0.000000000000000000e+00 0.000000000000000000e+00
2.003051757812500000e+00 0.000000000000000000e+00 0.000000000000000000e+00
2.031494140625000000e+00 0.000000000000000000e+00 0.000000000000000000e+00
2.069702148437500000e+00 0.000000000000000000e+00 0.000000000000000000e+00
2.112060546875000000e+00 0.000000000000000000e+00 0.000000000000000000e+00
2.127685546875000000e+00 0.000000000000000000e+00 0.000000000000000000e+00
2.129882812500000000e+00 0.000000000000000000e+00 0.000000000000000000e+00
2.127197265625000000e+00 0.000000000000000000e+00 0.000000000000000000e+00
2.110229492187500000e+00 0.000000000000000000e+00 0.000000000000000000e+00
2.087402343750000000e+00 0.000000000000000000e+00 0.000000000000000000e+00
2.073730468750000000e+00 0.000000000000000000e+00 0.000000000000000000e+00
2.043823242187500000e+00 0.000000000000000000e+00 0.000000000000000000e+00
2.025390625000000000e+00 0.000000000000000000e+00 0.000000000000000000e+00
1.980224609375000000e+00 0.000000000000000000e+00 0.000000000000000000e+00
1.951904296875000000e+00 0.000000000000000000e+00 0.000000000000000000e+00
1.935302734375000000e+00 0.000000000000000000e+00 0.000000000000000000e+00
1.935302734375000000e+00 0.000000000000000000e+00 0.000000000000000000e+00
1.935302734375000000e+00 0.000000000000000000e+00 0.000000000000000000e+00
1.932128906250000000e+00 0.000000000000000000e+00 0.000000000000000000e+00
1.933105468750000000e+00 0.000000000000000000e+00 0.000000000000000000e+00
1.969360351562500000e+00 0.000000000000000000e+00 0.000000000000000000e+00
1.969116210937500000e+00 0.000000000000000000e+00 0.000000000000000000e+00
1.956542968750000000e+00 0.000000000000000000e+00 0.000000000000000000e+00
1.956298828125000000e+00 0.000000000000000000e+00 0.000000000000000000e+00
1.965209960937500000e+00 0.000000000000000000e+00 0.000000000000000000e+00
1.939819335937500000e+00 0.000000000000000000e+00 0.000000000000000000e+00
1.890380859375000000e+00 0.000000000000000000e+00 0.000000000000000000e+00
1.872070312500000000e+00 0.000000000000000000e+00 0.000000000000000000e+00
1.857910156250000000e+00 0.000000000000000000e+00 0.000000000000000000e+00
1.831787109375000000e+00 0.000000000000000000e+00 0.000000000000000000e+00
1.822875976562500000e+00 0.000000000000000000e+00 0.000000000000000000e+00
1.818969726562500000e+00 0.000000000000000000e+00 0.000000000000000000e+00
1.836059570312500000e+00 0.000000000000000000e+00 0.000000000000000000e+00
1.835083007812500000e+00 0.000000000000000000e+00 0.000000000000000000e+00
1.837524414062500000e+00 0.000000000000000000e+00 0.000000000000000000e+00
1.832275390625000000e+00 0.000000000000000000e+00 0.000000000000000000e+00
1.859130859375000000e+00 0.000000000000000000e+00 0.000000000000000000e+00
1.839355468750000000e+00 0.000000000000000000e+00 0.000000000000000000e+00
1.875976562500000000e+00 0.000000000000000000e+00 0.000000000000000000e+00
1.840332031250000000e+00 0.000000000000000000e+00 0.000000000000000000e+00
1.822753906250000000e+00 0.000000000000000000e+00 0.000000000000000000e+00
1.811767578125000000e+00 0.000000000000000000e+00 0.000000000000000000e+00
1.776977539062500000e+00 0.000000000000000000e+00 0.000000000000000000e+00
1.711059570312500000e+00 0.000000000000000000e+00 0.000000000000000000e+00
1.647949218750000000e+00 0.000000000000000000e+00 0.000000000000000000e+00
1.669555664062500000e+00 0.000000000000000000e+00 0.000000000000000000e+00
1.651000976562500000e+00 0.000000000000000000e+00 0.000000000000000000e+00
1.664794921875000000e+00 0.000000000000000000e+00 0.000000000000000000e+00
1.664062500000000000e+00 0.000000000000000000e+00 0.000000000000000000e+00
1.720825195312500000e+00 0.000000000000000000e+00 0.000000000000000000e+00
1.799560546875000000e+00 0.000000000000000000e+00 0.000000000000000000e+00
1.826782226562500000e+00 0.000000000000000000e+00 0.000000000000000000e+00
1.842041015625000000e+00 0.000000000000000000e+00 0.000000000000000000e+00
1.890869140625000000e+00 0.000000000000000000e+00 0.000000000000000000e+00
1.934082031250000000e+00 0.000000000000000000e+00 0.000000000000000000e+00
1.902832031250000000e+00 0.000000000000000000e+00 0.000000000000000000e+00
1.855957031250000000e+00 0.000000000000000000e+00 0.000000000000000000e+00
1.829711914062500000e+00 0.000000000000000000e+00 0.000000000000000000e+00
1.801391601562500000e+00 0.000000000000000000e+00 0.000000000000000000e+00
1.790161132812500000e+00 0.000000000000000000e+00 0.000000000000000000e+00
1.802368164062500000e+00 0.000000000000000000e+00 0.000000000000000000e+00
1.802368164062500000e+00 0.000000000000000000e+00 0.000000000000000000e+00
1.802368164062500000e+00 0.000000000000000000e+00 0.000000000000000000e+00
1.848144531250000000e+00 0.000000000000000000e+00 0.000000000000000000e+00
1.848144531250000000e+00 0.000000000000000000e+00 0.000000000000000000e+00
1.846191406250000000e+00 0.000000000000000000e+00 0.000000000000000000e+00
1.906372070312500000e+00 0.000000000000000000e+00 0.000000000000000000e+00
1.962280273437500000e+00 0.000000000000000000e+00 0.000000000000000000e+00
1.973754882812500000e+00 0.000000000000000000e+00 0.000000000000000000e+00
1.972045898437500000e+00 0.000000000000000000e+00 0.000000000000000000e+00
1.959960937500000000e+00 0.000000000000000000e+00 0.000000000000000000e+00
1.956787109375000000e+00 0.000000000000000000e+00 0.000000000000000000e+00
1.948242187500000000e+00 0.000000000000000000e+00 0.000000000000000000e+00
1.924560546875000000e+00 0.000000000000000000e+00 0.000000000000000000e+00
1.924560546875000000e+00 0.000000000000000000e+00 0.000000000000000000e+00
1.906982421875000000e+00 0.000000000000000000e+00 0.000000000000000000e+00
1.890136718750000000e+00 0.000000000000000000e+00 0.000000000000000000e+00
1.878295898437500000e+00 0.000000000000000000e+00 0.000000000000000000e+00
1.841674804687500000e+00 0.000000000000000000e+00 0.000000000000000000e+00
1.865722656250000000e+00 0.000000000000000000e+00 0.000000000000000000e+00
1.856201171875000000e+00 0.000000000000000000e+00 0.000000000000000000e+00
1.893920898437500000e+00 0.000000000000000000e+00 0.000000000000000000e+00
1.839477539062500000e+00 0.000000000000000000e+00 0.000000000000000000e+00
1.860961914062500000e+00 0.000000000000000000e+00 0.000000000000000000e+00
1.860473632812500000e+00 0.000000000000000000e+00 0.000000000000000000e+00
1.825927734375000000e+00 0.000000000000000000e+00 0.000000000000000000e+00
1.805297851562500000e+00 0.000000000000000000e+00 0.000000000000000000e+00
1.719604492187500000e+00 0.000000000000000000e+00 0.000000000000000000e+00
1.643432617187500000e+00 0.000000000000000000e+00 0.000000000000000000e+00
1.634277343750000000e+00 0.000000000000000000e+00 0.000000000000000000e+00
1.617309570312500000e+00 2.441406250000000000e-04 0.000000000000000000e+00
1.674072265625000000e+00 2.441406250000000000e-04 0.000000000000000000e+00
1.677490234375000000e+00 2.441406250000000000e-04 0.000000000000000000e+00
1.678222656250000000e+00 2.441406250000000000e-04 0.000000000000000000e+00
1.691650390625000000e+00 2.441406250000000000e-04 0.000000000000000000e+00
1.700439453125000000e+00 2.441406250000000000e-04 0.000000000000000000e+00
1.716064453125000000e+00 2.441406250000000000e-04 0.000000000000000000e+00
1.703125000000000000e+00 2.441406250000000000e-04 0.000000000000000000e+00
1.764648437500000000e+00 0.000000000000000000e+00 0.000000000000000000e+00
1.813232421875000000e+00 0.000000000000000000e+00 0.000000000000000000e+00
1.771484375000000000e+00 0.000000000000000000e+00 0.000000000000000000e+00
1.765625000000000000e+00 0.000000000000000000e+00 0.000000000000000000e+00
1.696289062500000000e+00 0.000000000000000000e+00 0.000000000000000000e+00
1.636840820312500000e+00 1.953125000000000000e-03 0.000000000000000000e+00
1.583862304687500000e+00 1.953125000000000000e-03 0.000000000000000000e+00
1.572021484375000000e+00 3.906250000000000000e-03 0.000000000000000000e+00
1.547607421875000000e+00 3.906250000000000000e-03 0.000000000000000000e+00
1.590576171875000000e+00 3.906250000000000000e-03 0.000000000000000000e+00
1.594238281250000000e+00 3.906250000000000000e-03 0.000000000000000000e+00
1.605712890625000000e+00 3.662109375000000000e-03 0.000000000000000000e+00
1.597656250000000000e+00 3.662109375000000000e-03 0.000000000000000000e+00
1.597656250000000000e+00 3.662109375000000000e-03 0.000000000000000000e+00
1.559082031250000000e+00 3.662109375000000000e-03 0.000000000000000000e+00
1.554199218750000000e+00 0.000000000000000000e+00 0.000000000000000000e+00
1.456176757812500000e+00 0.000000000000000000e+00 0.000000000000000000e+00
1.464111328125000000e+00 0.000000000000000000e+00 0.000000000000000000e+00
1.457153320312500000e+00 0.000000000000000000e+00 0.000000000000000000e+00
1.511108398437500000e+00 0.000000000000000000e+00 0.000000000000000000e+00
1.474731445312500000e+00 0.000000000000000000e+00 0.000000000000000000e+00
1.471801757812500000e+00 0.000000000000000000e+00 0.000000000000000000e+00
1.499267578125000000e+00 0.000000000000000000e+00 0.000000000000000000e+00
1.501098632812500000e+00 0.000000000000000000e+00 0.000000000000000000e+00
1.545776367187500000e+00 0.000000000000000000e+00 0.000000000000000000e+00
1.561401367187500000e+00 0.000000000000000000e+00 0.000000000000000000e+00
1.595825195312500000e+00 0.000000000000000000e+00 0.000000000000000000e+00
1.687622070312500000e+00 0.000000000000000000e+00 0.000000000000000000e+00
1.699829101562500000e+00 0.000000000000000000e+00 0.000000000000000000e+00
1.757690429687500000e+00 0.000000000000000000e+00 0.000000000000000000e+00
1.750854492187500000e+00 0.000000000000000000e+00 0.000000000000000000e+00
1.710937500000000000e+00 0.000000000000000000e+00 0.000000000000000000e+00
1.703247070312500000e+00 0.000000000000000000e+00 0.000000000000000000e+00
1.654663085937500000e+00 0.000000000000000000e+00 0.000000000000000000e+00
1.583129882812500000e+00 0.000000000000000000e+00 0.000000000000000000e+00
1.555541992187500000e+00 0.000000000000000000e+00 0.000000000000000000e+00
1.473022460937500000e+00 2.441406250000000000e-04 0.000000000000000000e+00
1.569458007812500000e+00 0.000000000000000000e+00 0.000000000000000000e+00
1.635864257812500000e+00 0.000000000000000000e+00 0.000000000000000000e+00
1.670288085937500000e+00 0.000000000000000000e+00 0.000000000000000000e+00
1.758789062500000000e+00 0.000000000000000000e+00 0.000000000000000000e+00
1.770629882812500000e+00 0.000000000000000000e+00 0.000000000000000000e+00
1.770629882812500000e+00 0.000000000000000000e+00 0.000000000000000000e+00
1.762451171875000000e+00 0.000000000000000000e+00 0.000000000000000000e+00
1.779907226562500000e+00 0.000000000000000000e+00 0.000000000000000000e+00
1.750488281250000000e+00 0.000000000000000000e+00 0.000000000000000000e+00
1.733032226562500000e+00 0.000000000000000000e+00 0.000000000000000000e+00
1.675781250000000000e+00 0.000000000000000000e+00 0.000000000000000000e+00
1.675292968750000000e+00 0.000000000000000000e+00 0.000000000000000000e+00
1.644042968750000000e+00 0.000000000000000000e+00 0.000000000000000000e+00
1.622070312500000000e+00 0.000000000000000000e+00 0.000000000000000000e+00
1.636718750000000000e+00 0.000000000000000000e+00 0.000000000000000000e+00
1.640625000000000000e+00 0.000000000000000000e+00 0.000000000000000000e+00
1.648803710937500000e+00 0.000000000000000000e+00 0.000000000000000000e+00
1.678588867187500000e+00 0.000000000000000000e+00 0.000000000000000000e+00
1.682739257812500000e+00 0.000000000000000000e+00 0.000000000000000000e+00
1.761596679687500000e+00 0.000000000000000000e+00 0.000000000000000000e+00
1.745971679687500000e+00 0.000000000000000000e+00 0.000000000000000000e+00
1.776489257812500000e+00 0.000000000000000000e+00 0.000000000000000000e+00
1.790161132812500000e+00 0.000000000000000000e+00 0.000000000000000000e+00
1.918945312500000000e+00 0.000000000000000000e+00 0.000000000000000000e+00
1.825927734375000000e+00 0.000000000000000000e+00 0.000000000000000000e+00
1.761474609375000000e+00 0.000000000000000000e+00 0.000000000000000000e+00
1.751342773437500000e+00 0.000000000000000000e+00 0.000000000000000000e+00
1.744750976562500000e+00 0.000000000000000000e+00 0.000000000000000000e+00
1.697387695312500000e+00 0.000000000000000000e+00 0.000000000000000000e+00
1.697387695312500000e+00 0.000000000000000000e+00 0.000000000000000000e+00
1.685668945312500000e+00 0.000000000000000000e+00 0.000000000000000000e+00
1.685668945312500000e+00 0.000000000000000000e+00 0.000000000000000000e+00
1.645019531250000000e+00 0.000000000000000000e+00 0.000000000000000000e+00
1.645019531250000000e+00 0.000000000000000000e+00 0.000000000000000000e+00
1.639282226562500000e+00 0.000000000000000000e+00 0.000000000000000000e+00
1.627563476562500000e+00 0.000000000000000000e+00 0.000000000000000000e+00
1.622314453125000000e+00 0.000000000000000000e+00 0.000000000000000000e+00
1.622314453125000000e+00 0.000000000000000000e+00 0.000000000000000000e+00
1.603515625000000000e+00 0.000000000000000000e+00 0.000000000000000000e+00
1.565429687500000000e+00 0.000000000000000000e+00 0.000000000000000000e+00
1.515014648437500000e+00 0.000000000000000000e+00 0.000000000000000000e+00
1.526733398437500000e+00 0.000000000000000000e+00 0.000000000000000000e+00
1.515991210937500000e+00 0.000000000000000000e+00 0.000000000000000000e+00
1.512817382812500000e+00 0.000000000000000000e+00 0.000000000000000000e+00
1.541381835937500000e+00 0.000000000000000000e+00 0.000000000000000000e+00
1.520019531250000000e+00 0.000000000000000000e+00 0.000000000000000000e+00
1.548828125000000000e+00 0.000000000000000000e+00 0.000000000000000000e+00
1.549194335937500000e+00 0.000000000000000000e+00 0.000000000000000000e+00
1.587524414062500000e+00 0.000000000000000000e+00 0.000000000000000000e+00
1.603149414062500000e+00 0.000000000000000000e+00 0.000000000000000000e+00
1.603881835937500000e+00 0.000000000000000000e+00 0.000000000000000000e+00
1.664794921875000000e+00 0.000000000000000000e+00 0.000000000000000000e+00
1.647705078125000000e+00 0.000000000000000000e+00 0.000000000000000000e+00
1.668701171875000000e+00 0.000000000000000000e+00 0.000000000000000000e+00
1.625732421875000000e+00 0.000000000000000000e+00 0.000000000000000000e+00
1.612548828125000000e+00 0.000000000000000000e+00 0.000000000000000000e+00
1.590698242187500000e+00 0.000000000000000000e+00 0.000000000000000000e+00
1.539794921875000000e+00 0.000000000000000000e+00 0.000000000000000000e+00
1.511352539062500000e+00 0.000000000000000000e+00 0.000000000000000000e+00
1.526977539062500000e+00 0.000000000000000000e+00 0.000000000000000000e+00
1.530639648437500000e+00 0.000000000000000000e+00 0.000000000000000000e+00
1.519165039062500000e+00 0.000000000000000000e+00 0.000000000000000000e+00
1.519165039062500000e+00 0.000000000000000000e+00 0.000000000000000000e+00
1.542724609375000000e+00 0.000000000000000000e+00 0.000000000000000000e+00
1.528808593750000000e+00 0.000000000000000000e+00 0.000000000000000000e+00
1.531616210937500000e+00 0.000000000000000000e+00 0.000000000000000000e+00
1.570922851562500000e+00 0.000000000000000000e+00 0.000000000000000000e+00
1.571899414062500000e+00 0.000000000000000000e+00 0.000000000000000000e+00
1.579467773437500000e+00 0.000000000000000000e+00 0.000000000000000000e+00
1.579467773437500000e+00 0.000000000000000000e+00 0.000000000000000000e+00
1.582397460937500000e+00 0.000000000000000000e+00 0.000000000000000000e+00
1.597045898437500000e+00 0.000000000000000000e+00 0.000000000000000000e+00
1.589843750000000000e+00 0.000000000000000000e+00 0.000000000000000000e+00
1.598510742187500000e+00 0.000000000000000000e+00 0.000000000000000000e+00
1.619750976562500000e+00 0.000000000000000000e+00 0.000000000000000000e+00
1.597900390625000000e+00 0.000000000000000000e+00 0.000000000000000000e+00
1.585327148437500000e+00 0.000000000000000000e+00 0.000000000000000000e+00
1.568603515625000000e+00 0.000000000000000000e+00 0.000000000000000000e+00
1.564331054687500000e+00 0.000000000000000000e+00 0.000000000000000000e+00
1.623535156250000000e+00 0.000000000000000000e+00 0.000000000000000000e+00
1.654907226562500000e+00 0.000000000000000000e+00 0.000000000000000000e+00
1.666625976562500000e+00 0.000000000000000000e+00 0.000000000000000000e+00
1.708374023437500000e+00 0.000000000000000000e+00 0.000000000000000000e+00
1.859619140625000000e+00 0.000000000000000000e+00 0.000000000000000000e+00
1.824462890625000000e+00 0.000000000000000000e+00 0.000000000000000000e+00
1.821533203125000000e+00 0.000000000000000000e+00 0.000000000000000000e+00
1.744018554687500000e+00 0.000000000000000000e+00 0.000000000000000000e+00
1.649414062500000000e+00 0.000000000000000000e+00 0.000000000000000000e+00
1.618652343750000000e+00 0.000000000000000000e+00 0.000000000000000000e+00
1.635986328125000000e+00 0.000000000000000000e+00 0.000000000000000000e+00
1.609130859375000000e+00 0.000000000000000000e+00 0.000000000000000000e+00
1.546875000000000000e+00 0.000000000000000000e+00 0.000000000000000000e+00
1.459960937500000000e+00 0.000000000000000000e+00 0.000000000000000000e+00
1.449707031250000000e+00 0.000000000000000000e+00 0.000000000000000000e+00
1.479736328125000000e+00 0.000000000000000000e+00 0.000000000000000000e+00
1.505126953125000000e+00 0.000000000000000000e+00 0.000000000000000000e+00
1.484375000000000000e+00 0.000000000000000000e+00 0.000000000000000000e+00
1.529907226562500000e+00 0.000000000000000000e+00 0.000000000000000000e+00
1.475708007812500000e+00 0.000000000000000000e+00 0.000000000000000000e+00
1.469970703125000000e+00 0.000000000000000000e+00 0.000000000000000000e+00
1.472412109375000000e+00 0.000000000000000000e+00 0.000000000000000000e+00
1.489746093750000000e+00 0.000000000000000000e+00 0.000000000000000000e+00
1.521972656250000000e+00 0.000000000000000000e+00 0.000000000000000000e+00
1.532348632812500000e+00 0.000000000000000000e+00 0.000000000000000000e+00
1.516479492187500000e+00 0.000000000000000000e+00 0.000000000000000000e+00
1.500244140625000000e+00 0.000000000000000000e+00 0.000000000000000000e+00
1.488525390625000000e+00 0.000000000000000000e+00 0.000000000000000000e+00
1.456542968750000000e+00 0.000000000000000000e+00 0.000000000000000000e+00
1.466552734375000000e+00 0.000000000000000000e+00 0.000000000000000000e+00
1.466552734375000000e+00 0.000000000000000000e+00 0.000000000000000000e+00
1.500244140625000000e+00 0.000000000000000000e+00 0.000000000000000000e+00
1.509277343750000000e+00 0.000000000000000000e+00 0.000000000000000000e+00
1.496337890625000000e+00 0.000000000000000000e+00 0.000000000000000000e+00
1.489868164062500000e+00 0.000000000000000000e+00 0.000000000000000000e+00
1.485961914062500000e+00 0.000000000000000000e+00 0.000000000000000000e+00
1.485961914062500000e+00 0.000000000000000000e+00 0.000000000000000000e+00
1.422607421875000000e+00 0.000000000000000000e+00 0.000000000000000000e+00
1.422607421875000000e+00 0.000000000000000000e+00 0.000000000000000000e+00
1.444335937500000000e+00 0.000000000000000000e+00 0.000000000000000000e+00
1.447753906250000000e+00 0.000000000000000000e+00 0.000000000000000000e+00
1.447753906250000000e+00 0.000000000000000000e+00 0.000000000000000000e+00
1.416748046875000000e+00 0.000000000000000000e+00 0.000000000000000000e+00
1.415283203125000000e+00 0.000000000000000000e+00 0.000000000000000000e+00
1.415283203125000000e+00 0.000000000000000000e+00 0.000000000000000000e+00
1.398681640625000000e+00 0.000000000000000000e+00 0.000000000000000000e+00
1.398681640625000000e+00 0.000000000000000000e+00 0.000000000000000000e+00
1.398681640625000000e+00 0.000000000000000000e+00 0.000000000000000000e+00
1.398681640625000000e+00 0.000000000000000000e+00 0.000000000000000000e+00
1.384033203125000000e+00 0.000000000000000000e+00 0.000000000000000000e+00
1.398437500000000000e+00 2.441406250000000000e-04 0.000000000000000000e+00
1.377929687500000000e+00 0.000000000000000000e+00 0.000000000000000000e+00
1.377929687500000000e+00 0.000000000000000000e+00 0.000000000000000000e+00
1.351562500000000000e+00 0.000000000000000000e+00 0.000000000000000000e+00
1.328613281250000000e+00 0.000000000000000000e+00 0.000000000000000000e+00
1.266113281250000000e+00 0.000000000000000000e+00 0.000000000000000000e+00
1.271972656250000000e+00 0.000000000000000000e+00 0.000000000000000000e+00
1.271972656250000000e+00 0.000000000000000000e+00 0.000000000000000000e+00
1.221679687500000000e+00 0.000000000000000000e+00 0.000000000000000000e+00
1.268066406250000000e+00 0.000000000000000000e+00 0.000000000000000000e+00
1.312988281250000000e+00 0.000000000000000000e+00 0.000000000000000000e+00
1.389648437500000000e+00 0.000000000000000000e+00 0.000000000000000000e+00
1.411376953125000000e+00 0.000000000000000000e+00 0.000000000000000000e+00
1.444091796875000000e+00 0.000000000000000000e+00 0.000000000000000000e+00
1.604248046875000000e+00 0.000000000000000000e+00 0.000000000000000000e+00
1.581665039062500000e+00 0.000000000000000000e+00 0.000000000000000000e+00
1.584594726562500000e+00 0.000000000000000000e+00 0.000000000000000000e+00
1.584594726562500000e+00 0.000000000000000000e+00 0.000000000000000000e+00
1.525024414062500000e+00 0.000000000000000000e+00 0.000000000000000000e+00
1.451904296875000000e+00 0.000000000000000000e+00 0.000000000000000000e+00
1.401611328125000000e+00 0.000000000000000000e+00 0.000000000000000000e+00
1.447753906250000000e+00 0.000000000000000000e+00 0.000000000000000000e+00
1.451171875000000000e+00 0.000000000000000000e+00 0.000000000000000000e+00
1.490966796875000000e+00 0.000000000000000000e+00 0.000000000000000000e+00
1.482788085937500000e+00 0.000000000000000000e+00 0.000000000000000000e+00
1.479736328125000000e+00 0.000000000000000000e+00 0.000000000000000000e+00
1.486572265625000000e+00 0.000000000000000000e+00 0.000000000000000000e+00
1.537719726562500000e+00 0.000000000000000000e+00 0.000000000000000000e+00
1.541137695312500000e+00 0.000000000000000000e+00 0.000000000000000000e+00
1.544311523437500000e+00 2.197265625000000000e-03 0.000000000000000000e+00
1.484375000000000000e+00 2.441406250000000000e-03 0.000000000000000000e+00
1.530029296875000000e+00 2.441406250000000000e-03 0.000000000000000000e+00
1.473876953125000000e+00 2.685546875000000000e-03 0.000000000000000000e+00
1.474243164062500000e+00 2.685546875000000000e-03 0.000000000000000000e+00
1.460083007812500000e+00 2.441406250000000000e-03 0.000000000000000000e+00
1.473999023437500000e+00 2.441406250000000000e-03 0.000000000000000000e+00
1.473999023437500000e+00 2.441406250000000000e-03 0.000000000000000000e+00
1.495117187500000000e+00 2.441406250000000000e-03 0.000000000000000000e+00
1.510375976562500000e+00 2.441406250000000000e-03 0.000000000000000000e+00
1.534667968750000000e+00 2.197265625000000000e-03 0.000000000000000000e+00
1.566040039062500000e+00 2.197265625000000000e-03 0.000000000000000000e+00
1.571411132812500000e+00 2.197265625000000000e-03 0.000000000000000000e+00
1.588989257812500000e+00 2.197265625000000000e-03 0.000000000000000000e+00
1.586059570312500000e+00 2.197265625000000000e-03 0.000000000000000000e+00
1.554565429687500000e+00 1.953125000000000000e-03 0.000000000000000000e+00
1.531860351562500000e+00 1.953125000000000000e-03 0.000000000000000000e+00
1.495849609375000000e+00 1.953125000000000000e-03 0.000000000000000000e+00
1.408447265625000000e+00 9.765625000000000000e-04 0.000000000000000000e+00
1.283447265625000000e+00 7.324218750000000000e-04 0.000000000000000000e+00
1.239501953125000000e+00 7.324218750000000000e-04 0.000000000000000000e+00
1.286865234375000000e+00 7.324218750000000000e-04 0.000000000000000000e+00
1.282958984375000000e+00 7.324218750000000000e-04 0.000000000000000000e+00
1.313720703125000000e+00 7.324218750000000000e-04 0.000000000000000000e+00
1.323486328125000000e+00 7.324218750000000000e-04 0.000000000000000000e+00
1.354248046875000000e+00 4.882812500000000000e-04 0.000000000000000000e+00
1.341796875000000000e+00 4.882812500000000000e-04 0.000000000000000000e+00
1.331542968750000000e+00 4.882812500000000000e-04 0.000000000000000000e+00
1.317749023437500000e+00 2.441406250000000000e-04 0.000000000000000000e+00
1.304443359375000000e+00 2.441406250000000000e-04 0.000000000000000000e+00
1.317626953125000000e+00 2.441406250000000000e-04 0.000000000000000000e+00
1.315185546875000000e+00 2.441406250000000000e-04 0.000000000000000000e+00
1.289550781250000000e+00 2.441406250000000000e-04 0.000000000000000000e+00
1.252929687500000000e+00 2.441406250000000000e-04 0.000000000000000000e+00
1.199707031250000000e+00 2.441406250000000000e-04 0.000000000000000000e+00
1.175537109375000000e+00 0.000000000000000000e+00 0.000000000000000000e+00
1.192871093750000000e+00 0.000000000000000000e+00 0.000000000000000000e+00
1.219604492187500000e+00 0.000000000000000000e+00 0.000000000000000000e+00
1.207885742187500000e+00 0.000000000000000000e+00 0.000000000000000000e+00
1.284545898437500000e+00 0.000000000000000000e+00 0.000000000000000000e+00
1.307006835937500000e+00 0.000000000000000000e+00 0.000000000000000000e+00
1.362670898437500000e+00 0.000000000000000000e+00 0.000000000000000000e+00
1.367065429687500000e+00 0.000000000000000000e+00 0.000000000000000000e+00
