1.004766235351562500e+02 3.103820800781250000e+00 1.981201171875000000e+00
1.004766235351562500e+02 3.103820800781250000e+00 1.981201171875000000e+00
1.004766235351562500e+02 3.103820800781250000e+00 1.981201171875000000e+00
1.009608764648437500e+02 3.478881835937500000e+00 2.238342285156250000e+00
1.011323242187500000e+02 3.924194335937500000e+00 1.694152832031250000e+00
1.014749755859375000e+02 4.011291503906250000e+00 1.190856933593750000e+00
1.014436645507812500e+02 4.102722167968750000e+00 8.735351562500000000e-01
1.016955566406250000e+02 4.037597656250000000e+00 8.880004882812500000e-01
1.018261718750000000e+02 4.017089843750000000e+00 8.223266601562500000e-01
1.019856567382812500e+02 4.075622558593750000e+00 7.064819335937500000e-01
1.019063720703125000e+02 4.122680664062500000e+00 6.488647460937500000e-01
1.017357177734375000e+02 4.104492187500000000e+00 7.167358398437500000e-01
1.015430297851562500e+02 4.136047363281250000e+00 6.818847656250000000e-01
1.015616455078125000e+02 4.166320800781250000e+00 7.067260742187500000e-01
1.016273803710937500e+02 4.175964355468750000e+00 8.197021484375000000e-01
1.014638671875000000e+02 4.196594238281250000e+00 8.799438476562500000e-01
1.016231079101562500e+02 4.211120605468750000e+00 8.366699218750000000e-01
1.014974365234375000e+02 4.187500000000000000e+00 7.048950195312500000e-01
1.012782592773437500e+02 4.238952636718750000e+00 6.704101562500000000e-01
1.012533569335937500e+02 4.188537597656250000e+00 6.612548828125000000e-01
1.011776733398437500e+02 4.274230957031250000e+00 5.448608398437500000e-01
1.011397094726562500e+02 4.320007324218750000e+00 6.750488281250000000e-01
1.011075439453125000e+02 4.282043457031250000e+00 6.243286132812500000e-01
1.011190185546875000e+02 4.247680664062500000e+00 6.170043945312500000e-01
1.012804565429687500e+02 4.286560058593750000e+00 6.270751953125000000e-01
1.014299316406250000e+02 4.241699218750000000e+00 6.398315429687500000e-01
1.014849853515625000e+02 4.211181640625000000e+00 5.347900390625000000e-01
1.012789916992187500e+02 4.269287109375000000e+00 5.783081054687500000e-01
1.012073364257812500e+02 4.292358398437500000e+00 5.996704101562500000e-01
1.011481933593750000e+02 4.342895507812500000e+00 7.159423828125000000e-01
1.007717285156250000e+02 4.444152832031250000e+00 8.628540039062500000e-01
1.005961914062500000e+02 4.407104492187500000e+00 8.063354492187500000e-01
1.006154785156250000e+02 4.424926757812500000e+00 6.430053710937500000e-01
1.007067260742187500e+02 4.394897460937500000e+00 5.678710937500000000e-01
1.008006591796875000e+02 4.388061523437500000e+00 6.282348632812500000e-01
1.009222412109375000e+02 4.305541992187500000e+00 6.674194335937500000e-01
1.008811035156250000e+02 4.286499023437500000e+00 6.527709960937500000e-01
1.008540649414062500e+02 4.333251953125000000e+00 5.703735351562500000e-01
1.009454345703125000e+02 4.371093750000000000e+00 5.200195312500000000e-01
1.009314575195312500e+02 4.312194824218750000e+00 5.181884765625000000e-01
1.008529663085937500e+02 4.294982910156250000e+00 5.037231445312500000e-01
1.005951538085937500e+02 4.395080566406250000e+00 4.683837890625000000e-01
1.008309326171875000e+02 4.372558593750000000e+00 5.717163085937500000e-01
1.007126464843750000e+02 4.368896484375000000e+00 6.304321289062500000e-01
1.008135986328125000e+02 4.303161621093750000e+00 6.799316406250000000e-01
1.006018676757812500e+02 4.285766601562500000e+00 6.675415039062500000e-01
1.006953125000000000e+02 4.212280273437500000e+00 7.514038085937500000e-01
1.005787353515625000e+02 4.269226074218750000e+00 6.504516601562500000e-01
1.003110351562500000e+02 4.388244628906250000e+00 5.512695312500000000e-01
1.001901245117187500e+02 4.395935058593750000e+00 6.003417968750000000e-01
1.002932128906250000e+02 4.383728027343750000e+00 5.741577148437500000e-01
1.002708129882812500e+02 4.400207519531250000e+00 5.611572265625000000e-01
1.003062133789062500e+02 4.422180175781250000e+00 8.034057617187500000e-01
1.004476928710937500e+02 4.316589355468750000e+00 6.983032226562500000e-01
1.005703125000000000e+02 4.328002929687500000e+00 7.522583007812500000e-01
1.005228271484375000e+02 4.323669433593750000e+00 6.047973632812500000e-01
1.006588134765625000e+02 4.308471679687500000e+00 5.634155273437500000e-01
1.006345214843750000e+02 4.240295410156250000e+00 4.700927734375000000e-01
1.005000610351562500e+02 4.211120605468750000e+00 4.885864257812500000e-01
1.005123901367187500e+02 4.203247070312500000e+00 5.150146484375000000e-01
1.004024047851562500e+02 4.206970214843750000e+00 4.706420898437500000e-01
1.002234497070312500e+02 4.221801757812500000e+00 3.983154296875000000e-01
1.000709838867187500e+02 4.241210937500000000e+00 4.239501953125000000e-01
1.001721191406250000e+02 4.226196289062500000e+00 5.022583007812500000e-01
1.001937866210937500e+02 4.249389648437500000e+00 6.433715820312500000e-01
1.000055541992187500e+02 4.267700195312500000e+00 5.260009765625000000e-01
9.979962158203125000e+01 4.198974609375000000e+00 6.484375000000000000e-01
9.982061767578125000e+01 4.170410156250000000e+00 7.750244140625000000e-01
9.969958496093750000e+01 4.171936035156250000e+00 5.823364257812500000e-01
9.951428222656250000e+01 4.152160644531250000e+00 6.813964843750000000e-01
9.926428222656250000e+01 4.230163574218750000e+00 6.421508789062500000e-01
9.909289550781250000e+01 4.150817871093750000e+00 6.193847656250000000e-01
9.900268554687500000e+01 4.201538085937500000e+00 6.437377929687500000e-01
9.906732177734375000e+01 4.199584960937500000e+00 4.824829101562500000e-01
9.920959472656250000e+01 4.215087890625000000e+00 5.795288085937500000e-01
9.928436279296875000e+01 4.302612304687500000e+00 4.819335937500000000e-01
9.928491210937500000e+01 4.315490722656250000e+00 5.263671875000000000e-01
9.953558349609375000e+01 4.203430175781250000e+00 5.836181640625000000e-01
9.962237548828125000e+01 4.243469238281250000e+00 5.241088867187500000e-01
9.982867431640625000e+01 4.140563964843750000e+00 5.996093750000000000e-01
1.000594482421875000e+02 4.192749023437500000e+00 6.979980468750000000e-01
1.000184936523437500e+02 4.139221191406250000e+00 5.919189453125000000e-01
9.993621826171875000e+01 4.079895019531250000e+00 3.895874023437500000e-01
9.984570312500000000e+01 4.041564941406250000e+00 4.132080078125000000e-01
9.995086669921875000e+01 3.984130859375000000e+00 4.163818359375000000e-01
1.000448608398437500e+02 3.995849609375000000e+00 3.900146484375000000e-01
1.001501464843750000e+02 4.006164550781250000e+00 3.148803710937500000e-01
9.976525878906250000e+01 4.202514648437500000e+00 4.544067382812500000e-01
9.952343750000000000e+01 4.260437011718750000e+00 6.506958007812500000e-01
9.940332031250000000e+01 4.277954101562500000e+00 7.536010742187500000e-01
9.934906005859375000e+01 4.356872558593750000e+00 7.770996093750000000e-01
9.914343261718750000e+01 4.471923828125000000e+00 7.460327148437500000e-01
9.925317382812500000e+01 4.464477539062500000e+00 7.871093750000000000e-01
9.962359619140625000e+01 4.327026367187500000e+00 7.085571289062500000e-01
9.980285644531250000e+01 4.278320312500000000e+00 6.112670898437500000e-01
9.995117187500000000e+01 4.268554687500000000e+00 5.582885742187500000e-01
1.000743408203125000e+02 4.237121582031250000e+00 4.540405273437500000e-01
1.002451782226562500e+02 4.133361816406250000e+00 4.683227539062500000e-01
1.005563354492187500e+02 4.126403808593750000e+00 5.668334960937500000e-01
1.006178588867187500e+02 4.160827636718750000e+00 4.418334960937500000e-01
1.005457763671875000e+02 4.263427734375000000e+00 4.481811523437500000e-01
1.004899902343750000e+02 4.265991210937500000e+00 6.535034179687500000e-01
1.004840087890625000e+02 4.290100097656250000e+00 5.771484375000000000e-01
1.003809204101562500e+02 4.330566406250000000e+00 7.247314453125000000e-01
1.003197021484375000e+02 4.292480468750000000e+00 6.527709960937500000e-01
1.002268676757812500e+02 4.335937500000000000e+00 7.117309570312500000e-01
1.001672973632812500e+02 4.332641601562500000e+00 7.851562500000000000e-01
1.002961425781250000e+02 4.314758300781250000e+00 5.455932617187500000e-01
1.004902954101562500e+02 4.327453613281250000e+00 5.515747070312500000e-01
1.005795898437500000e+02 4.273315429687500000e+00 4.489135742187500000e-01
1.006967163085937500e+02 4.285156250000000000e+00 4.612426757812500000e-01
1.008138427734375000e+02 4.305541992187500000e+00 4.738159179687500000e-01
1.006939697265625000e+02 4.304260253906250000e+00 3.985595703125000000e-01
1.006936035156250000e+02 4.309509277343750000e+00 6.051635742187500000e-01
1.006625366210937500e+02 4.298889160156250000e+00 4.884643554687500000e-01
1.006229248046875000e+02 4.336303710937500000e+00 5.077514648437500000e-01
1.005557250976562500e+02 4.382141113281250000e+00 5.253906250000000000e-01
1.003359375000000000e+02 4.321472167968750000e+00 5.107421875000000000e-01
1.003544921875000000e+02 4.310363769531250000e+00 4.870605468750000000e-01
1.003166503906250000e+02 4.352294921875000000e+00 4.982299804687500000e-01
1.002675170898437500e+02 4.361755371093750000e+00 3.500976562500000000e-01
1.001822509765625000e+02 4.427856445312500000e+00 4.185791015625000000e-01
1.003968505859375000e+02 4.417419433593750000e+00 5.627441406250000000e-01
1.004024658203125000e+02 4.358276367187500000e+00 4.857177734375000000e-01
1.004718017578125000e+02 4.331420898437500000e+00 5.450439453125000000e-01
1.004002685546875000e+02 4.301757812500000000e+00 5.676269531250000000e-01
1.005175781250000000e+02 4.328430175781250000e+00 6.281127929687500000e-01
1.004536132812500000e+02 4.230041503906250000e+00 6.369628906250000000e-01
1.003947143554687500e+02 4.188232421875000000e+00 7.930297851562500000e-01
1.002031860351562500e+02 4.145141601562500000e+00 7.114868164062500000e-01
1.002246704101562500e+02 4.150024414062500000e+00 9.280395507812500000e-01
1.002542114257812500e+02 4.133178710937500000e+00 8.212890625000000000e-01
1.002101440429687500e+02 4.132141113281250000e+00 6.694946289062500000e-01
1.002257080078125000e+02 4.148437500000000000e+00 8.161010742187500000e-01
1.002070312500000000e+02 4.281555175781250000e+00 6.773681640625000000e-01
1.002633056640625000e+02 4.218261718750000000e+00 5.996704101562500000e-01
1.002661132812500000e+02 4.280517578125000000e+00 6.690673828125000000e-01
1.001137695312500000e+02 4.254882812500000000e+00 7.243652343750000000e-01
1.000502319335937500e+02 4.337646484375000000e+00 6.363525390625000000e-01
9.998248291015625000e+01 4.302551269531250000e+00 5.955200195312500000e-01
9.982354736328125000e+01 4.316772460937500000e+00 5.640258789062500000e-01
9.986730957031250000e+01 4.205017089843750000e+00 5.679321289062500000e-01
9.982305908203125000e+01 4.152832031250000000e+00 3.910522460937500000e-01
1.000063476562500000e+02 3.966918945312500000e+00 3.568725585937500000e-01
1.000068969726562500e+02 3.926086425781250000e+00 3.279418945312500000e-01
1.001420898437500000e+02 3.923400878906250000e+00 2.925415039062500000e-01
1.003105468750000000e+02 3.903137207031250000e+00 2.994995117187500000e-01
1.001380004882812500e+02 3.953308105468750000e+00 4.345092773437500000e-01
1.001021118164062500e+02 4.017456054687500000e+00 4.466552734375000000e-01
9.965649414062500000e+01 4.148742675781250000e+00 5.038452148437500000e-01
9.966851806640625000e+01 4.127685546875000000e+00 4.054565429687500000e-01
9.954193115234375000e+01 4.195373535156250000e+00 8.068237304687500000e-01
9.935168457031250000e+01 4.233093261718750000e+00 6.072998046875000000e-01
9.940527343750000000e+01 4.204284667968750000e+00 5.599975585937500000e-01
9.952685546875000000e+01 4.117431640625000000e+00 6.208496093750000000e-01
9.939483642578125000e+01 4.188049316406250000e+00 6.148071289062500000e-01
9.940515136718750000e+01 4.185302734375000000e+00 5.836181640625000000e-01
9.919104003906250000e+01 4.204956054687500000e+00 5.305786132812500000e-01
9.941149902343750000e+01 4.203613281250000000e+00 5.958251953125000000e-01
9.942883300781250000e+01 4.257080078125000000e+00 5.514526367187500000e-01
9.931341552734375000e+01 4.257324218750000000e+00 4.692382812500000000e-01
9.936895751953125000e+01 4.237548828125000000e+00 5.474853515625000000e-01
9.947161865234375000e+01 4.321838378906250000e+00 5.339965820312500000e-01
9.949121093750000000e+01 4.323974609375000000e+00 5.252075195312500000e-01
9.952886962890625000e+01 4.272155761718750000e+00 4.329833984375000000e-01
9.951666259765625000e+01 4.174194335937500000e+00 4.452514648437500000e-01
9.963513183593750000e+01 4.167114257812500000e+00 4.353637695312500000e-01
9.958020019531250000e+01 4.188110351562500000e+00 4.327392578125000000e-01
9.951916503906250000e+01 4.241455078125000000e+00 5.708618164062500000e-01
9.941302490234375000e+01 4.328308105468750000e+00 4.633789062500000000e-01
9.931488037109375000e+01 4.386901855468750000e+00 5.516967773437500000e-01
9.911926269531250000e+01 4.435424804687500000e+00 5.733032226562500000e-01
9.933343505859375000e+01 4.332580566406250000e+00 5.671997070312500000e-01
9.954040527343750000e+01 4.346313476562500000e+00 5.172729492187500000e-01
9.965087890625000000e+01 4.423706054687500000e+00 6.647338867187500000e-01
9.973388671875000000e+01 4.341857910156250000e+00 5.291748046875000000e-01
1.000161743164062500e+02 4.300720214843750000e+00 5.449829101562500000e-01
1.001398315429687500e+02 4.281799316406250000e+00 5.664062500000000000e-01
1.000982055664062500e+02 4.366394042968750000e+00 5.462036132812500000e-01
1.000675048828125000e+02 4.317993164062500000e+00 5.028076171875000000e-01
1.004093627929687500e+02 4.283447265625000000e+00 8.378906250000000000e-01
1.001898193359375000e+02 4.285766601562500000e+00 7.098388671875000000e-01
1.000900268554687500e+02 4.211425781250000000e+00 4.976196289062500000e-01
9.991162109375000000e+01 4.168334960937500000e+00 4.829101562500000000e-01
9.989227294921875000e+01 4.237976074218750000e+00 4.692993164062500000e-01
1.000422363281250000e+02 4.211914062500000000e+00 5.288085937500000000e-01
9.998846435546875000e+01 4.253356933593750000e+00 4.496459960937500000e-01
9.996398925781250000e+01 4.249694824218750000e+00 4.953613281250000000e-01
9.995037841796875000e+01 4.309143066406250000e+00 5.202636718750000000e-01
9.996020507812500000e+01 4.327819824218750000e+00 5.739746093750000000e-01
9.996246337890625000e+01 4.387329101562500000e+00 5.748291015625000000e-01
9.994073486328125000e+01 4.436523437500000000e+00 5.053710937500000000e-01
1.000819702148437500e+02 4.432617187500000000e+00 7.647094726562500000e-01
1.001361694335937500e+02 4.419494628906250000e+00 8.522338867187500000e-01
1.001256713867187500e+02 4.438720703125000000e+00 8.727416992187500000e-01
1.001188354492187500e+02 4.437561035156250000e+00 9.460449218750000000e-01
1.001065673828125000e+02 4.544128417968750000e+00 9.877319335937500000e-01
1.000845336914062500e+02 4.513854980468750000e+00 9.060058593750000000e-01
9.992535400390625000e+01 4.639343261718750000e+00 7.961425781250000000e-01
9.971209716796875000e+01 4.580261230468750000e+00 7.198486328125000000e-01
9.972888183593750000e+01 4.584716796875000000e+00 7.311401367187500000e-01
9.958221435546875000e+01 4.603759765625000000e+00 6.212158203125000000e-01
9.955639648437500000e+01 4.590576171875000000e+00 5.005493164062500000e-01
9.948937988281250000e+01 4.526428222656250000e+00 4.230957031250000000e-01
9.936468505859375000e+01 4.494079589843750000e+00 4.976196289062500000e-01
9.930407714843750000e+01 4.398010253906250000e+00 4.536743164062500000e-01
9.923468017578125000e+01 4.429931640625000000e+00 3.261718750000000000e-01
9.911724853515625000e+01 4.466247558593750000e+00 4.299316406250000000e-01
9.919805908203125000e+01 4.480041503906250000e+00 5.113525390625000000e-01
9.927752685546875000e+01 4.447875976562500000e+00 5.477294921875000000e-01
9.938061523437500000e+01 4.436157226562500000e+00 6.337280273437500000e-01
9.943963623046875000e+01 4.452087402343750000e+00 6.761474609375000000e-01
9.964642333984375000e+01 4.425109863281250000e+00 5.982666015625000000e-01
9.940563964843750000e+01 4.477233886718750000e+00 5.251464843750000000e-01
9.944683837890625000e+01 4.484313964843750000e+00 5.072021484375000000e-01
9.938146972656250000e+01 4.435791015625000000e+00 4.743041992187500000e-01
9.930249023437500000e+01 4.457397460937500000e+00 4.360351562500000000e-01
9.925506591796875000e+01 4.511474609375000000e+00 4.531250000000000000e-01
9.939215087890625000e+01 4.460021972656250000e+00 5.380249023437500000e-01
9.936425781250000000e+01 4.430786132812500000e+00 5.061035156250000000e-01
9.940277099609375000e+01 4.383605957031250000e+00 5.634155273437500000e-01
9.931341552734375000e+01 4.392395019531250000e+00 4.553222656250000000e-01
9.916131591796875000e+01 4.413085937500000000e+00 4.539184570312500000e-01
9.905596923828125000e+01 4.410217285156250000e+00 7.041625976562500000e-01
9.909564208984375000e+01 4.421081542968750000e+00 5.781250000000000000e-01
9.911950683593750000e+01 4.425109863281250000e+00 5.573120117187500000e-01
9.903186035156250000e+01 4.432617187500000000e+00 5.606079101562500000e-01
9.899108886718750000e+01 4.352416992187500000e+00 6.824340820312500000e-01
9.894915771484375000e+01 4.338134765625000000e+00 6.929321289062500000e-01
9.891876220703125000e+01 4.336486816406250000e+00 5.866088867187500000e-01
9.885345458984375000e+01 4.354797363281250000e+00 6.541137695312500000e-01
9.880346679687500000e+01 4.392211914062500000e+00 6.724243164062500000e-01
9.882556152343750000e+01 4.320678710937500000e+00 6.010742187500000000e-01
9.890301513671875000e+01 4.343139648437500000e+00 6.352539062500000000e-01
9.904895019531250000e+01 4.252563476562500000e+00 6.115112304687500000e-01
9.888732910156250000e+01 4.225280761718750000e+00 6.026000976562500000e-01
9.869989013671875000e+01 4.168762207031250000e+00 6.497802734375000000e-01
9.851794433593750000e+01 4.312988281250000000e+00 7.153320312500000000e-01
9.852429199218750000e+01 4.347229003906250000e+00 7.941894531250000000e-01
9.848303222656250000e+01 4.374572753906250000e+00 7.008666992187500000e-01
9.879266357421875000e+01 4.385559082031250000e+00 7.700805664062500000e-01
9.887799072265625000e+01 4.404357910156250000e+00 6.730957031250000000e-01
9.900457763671875000e+01 4.419616699218750000e+00 7.117309570312500000e-01
9.915582275390625000e+01 4.374694824218750000e+00 6.647338867187500000e-01
9.914062500000000000e+01 4.405273437500000000e+00 6.460571289062500000e-01
9.942120361328125000e+01 4.274291992187500000e+00 6.267089843750000000e-01
9.931195068359375000e+01 4.306640625000000000e+00 5.879516601562500000e-01
9.910430908203125000e+01 4.299438476562500000e+00 5.796508789062500000e-01
9.897259521484375000e+01 4.270141601562500000e+00 6.090698242187500000e-01
9.878417968750000000e+01 4.223266601562500000e+00 4.490966796875000000e-01
9.883984375000000000e+01 4.335937500000000000e+00 5.629272460937500000e-01
9.890325927734375000e+01 4.310668945312500000e+00 3.754882812500000000e-01
9.900665283203125000e+01 4.310852050781250000e+00 4.796752929687500000e-01
9.900750732421875000e+01 4.311035156250000000e+00 4.982910156250000000e-01
9.908764648437500000e+01 4.332519531250000000e+00 7.591552734375000000e-01
9.910894775390625000e+01 4.369873046875000000e+00 7.192382812500000000e-01
9.922454833984375000e+01 4.289855957031250000e+00 6.860961914062500000e-01
9.928137207031250000e+01 4.370178222656250000e+00 7.994995117187500000e-01
9.928649902343750000e+01 4.302551269531250000e+00 7.336425781250000000e-01
9.936938476562500000e+01 4.351562500000000000e+00 7.015991210937500000e-01
9.947656250000000000e+01 4.407165527343750000e+00 7.077026367187500000e-01
9.938562011718750000e+01 4.291931152343750000e+00 6.533203125000000000e-01
9.933966064453125000e+01 4.354064941406250000e+00 6.418457031250000000e-01
9.944189453125000000e+01 4.290649414062500000e+00 8.842163085937500000e-01
9.946832275390625000e+01 4.427978515625000000e+00 8.612670898437500000e-01
9.938824462890625000e+01 4.383850097656250000e+00 7.979125976562500000e-01
9.936895751953125000e+01 4.355895996093750000e+00 9.176025390625000000e-01
9.926342773437500000e+01 4.365356445312500000e+00 7.139282226562500000e-01
9.922351074218750000e+01 4.385498046875000000e+00 7.449951171875000000e-01
9.906732177734375000e+01 4.279113769531250000e+00 6.311035156250000000e-01
9.899633789062500000e+01 4.214660644531250000e+00 6.270141601562500000e-01
9.894659423828125000e+01 4.217712402343750000e+00 6.964721679687500000e-01
9.906134033203125000e+01 4.221862792968750000e+00 5.972900390625000000e-01
9.908294677734375000e+01 4.165222167968750000e+00 5.190429687500000000e-01
9.916424560546875000e+01 4.193786621093750000e+00 5.085449218750000000e-01
9.916180419921875000e+01 4.232116699218750000e+00 5.793457031250000000e-01
9.915240478515625000e+01 4.245117187500000000e+00 5.972290039062500000e-01
9.897729492187500000e+01 4.313964843750000000e+00 7.481689453125000000e-01
9.871862792968750000e+01 4.481323242187500000e+00 6.668701171875000000e-01
9.854571533203125000e+01 4.518005371093750000e+00 6.367187500000000000e-01
9.854656982421875000e+01 4.548217773437500000e+00 7.088012695312500000e-01
9.840338134765625000e+01 4.533386230468750000e+00 5.545654296875000000e-01
9.846948242187500000e+01 4.507202148437500000e+00 6.257934570312500000e-01
9.853442382812500000e+01 4.534423828125000000e+00 4.650878906250000000e-01
9.866729736328125000e+01 4.495849609375000000e+00 4.337158203125000000e-01
9.874291992187500000e+01 4.481079101562500000e+00 4.863281250000000000e-01
9.879791259765625000e+01 4.515075683593750000e+00 5.445556640625000000e-01
9.912200927734375000e+01 4.455932617187500000e+00 6.458740234375000000e-01
9.946270751953125000e+01 4.425048828125000000e+00 5.673828125000000000e-01
9.962042236328125000e+01 4.411437988281250000e+00 5.853271484375000000e-01
9.980725097656250000e+01 4.485900878906250000e+00 6.822509765625000000e-01
9.984808349609375000e+01 4.491638183593750000e+00 5.511474609375000000e-01
1.001697998046875000e+02 4.476989746093750000e+00 6.469116210937500000e-01
1.002236938476562500e+02 4.453613281250000000e+00 5.290527343750000000e-01
1.001784057617187500e+02 4.421386718750000000e+00 4.598999023437500000e-01
1.001828613281250000e+02 4.422485351562500000e+00 5.215454101562500000e-01
1.004400024414062500e+02 4.488830566406250000e+00 7.591552734375000000e-01
1.004801635742187500e+02 4.469909667968750000e+00 7.841796875000000000e-01
1.005665893554687500e+02 4.461059570312500000e+00 7.479248046875000000e-01
1.007375488281250000e+02 4.379394531250000000e+00 6.658935546875000000e-01
1.012575683593750000e+02 4.331787109375000000e+00 4.749755859375000000e-01
1.011845703125000000e+02 4.281738281250000000e+00 7.116088867187500000e-01
1.010270385742187500e+02 4.405761718750000000e+00 5.902709960937500000e-01
1.009553222656250000e+02 4.401916503906250000e+00 6.588745117187500000e-01
1.008029174804687500e+02 4.443237304687500000e+00 5.990600585937500000e-01
1.007287597656250000e+02 4.359313964843750000e+00 4.698486328125000000e-01
1.004968872070312500e+02 4.372680664062500000e+00 4.737548828125000000e-01
1.003628540039062500e+02 4.402221679687500000e+00 6.618041992187500000e-01
1.002424926757812500e+02 4.408447265625000000e+00 6.133422851562500000e-01
1.000231323242187500e+02 4.400085449218750000e+00 6.130371093750000000e-01
9.988580322265625000e+01 4.462402343750000000e+00 5.360717773437500000e-01
9.998236083984375000e+01 4.463317871093750000e+00 4.563598632812500000e-01
1.002335205078125000e+02 4.456604003906250000e+00 5.657348632812500000e-01
1.002528076171875000e+02 4.416320800781250000e+00 5.791625976562500000e-01
1.003292846679687500e+02 4.448669433593750000e+00 5.493774414062500000e-01
1.003077392578125000e+02 4.434997558593750000e+00 5.349121093750000000e-01
1.003281860351562500e+02 4.420410156250000000e+00 5.792846679687500000e-01
1.002012939453125000e+02 4.440307617187500000e+00 6.392211914062500000e-01
1.000347900390625000e+02 4.481018066406250000e+00 5.130004882812500000e-01
9.970458984375000000e+01 4.575622558593750000e+00 5.651855468750000000e-01
9.954736328125000000e+01 4.635742187500000000e+00 5.590209960937500000e-01
9.939361572265625000e+01 4.620178222656250000e+00 6.047973632812500000e-01
9.937530517578125000e+01 4.616088867187500000e+00 6.002197265625000000e-01
9.931634521484375000e+01 4.514709472656250000e+00 5.730590820312500000e-01
9.921368408203125000e+01 4.482421875000000000e+00 5.151977539062500000e-01
9.926464843750000000e+01 4.451904296875000000e+00 6.001586914062500000e-01
9.946911621093750000e+01 4.479309082031250000e+00 5.562133789062500000e-01
9.982800292968750000e+01 4.419433593750000000e+00 6.502075195312500000e-01
1.002636108398437500e+02 4.368835449218750000e+00 7.615356445312500000e-01
1.005608520507812500e+02 4.245605468750000000e+00 7.538452148437500000e-01
1.007007446289062500e+02 4.216003417968750000e+00 8.089599609375000000e-01
1.007636718750000000e+02 4.193054199218750000e+00 8.355102539062500000e-01
1.006061401367187500e+02 4.267700195312500000e+00 7.470703125000000000e-01
1.001873779296875000e+02 4.391052246093750000e+00 7.971191406250000000e-01
9.989996337890625000e+01 4.395935058593750000e+00 7.024536132812500000e-01
9.973046875000000000e+01 4.444580078125000000e+00 5.522460937500000000e-01
9.963195800781250000e+01 4.437438964843750000e+00 6.643676757812500000e-01
9.947393798828125000e+01 4.406616210937500000e+00 4.865722656250000000e-01
9.937310791015625000e+01 4.445312500000000000e+00 4.904174804687500000e-01
9.919183349609375000e+01 4.447509765625000000e+00 5.377807617187500000e-01
9.893756103515625000e+01 4.489440917968750000e+00 4.666748046875000000e-01
9.908551025390625000e+01 4.423339843750000000e+00 4.442749023437500000e-01
9.912268066406250000e+01 4.423217773437500000e+00 4.561157226562500000e-01
9.904333496093750000e+01 4.386718750000000000e+00 6.919555664062500000e-01
9.880096435546875000e+01 4.482299804687500000e+00 5.641479492187500000e-01
9.891296386718750000e+01 4.498596191406250000e+00 6.524047851562500000e-01
9.894427490234375000e+01 4.532897949218750000e+00 8.953857421875000000e-01
9.898095703125000000e+01 4.597045898437500000e+00 7.321777343750000000e-01
9.900854492187500000e+01 4.535949707031250000e+00 6.744384765625000000e-01
9.900537109375000000e+01 4.584350585937500000e+00 7.158203125000000000e-01
9.918328857421875000e+01 4.576843261718750000e+00 5.635375976562500000e-01
9.917883300781250000e+01 4.552795410156250000e+00 5.933227539062500000e-01
9.908435058593750000e+01 4.465698242187500000e+00 4.841918945312500000e-01
9.905676269531250000e+01 4.513061523437500000e+00 7.650756835937500000e-01
9.913531494140625000e+01 4.470336914062500000e+00 8.307495117187500000e-01
9.927264404296875000e+01 4.385498046875000000e+00 6.657104492187500000e-01
9.931799316406250000e+01 4.333557128906250000e+00 6.557006835937500000e-01
9.925036621093750000e+01 4.299926757812500000e+00 7.290039062500000000e-01
9.911328125000000000e+01 4.349975585937500000e+00 6.333007812500000000e-01
9.902581787109375000e+01 4.325439453125000000e+00 7.001953125000000000e-01
9.911621093750000000e+01 4.245239257812500000e+00 6.544799804687500000e-01
9.903588867187500000e+01 4.229309082031250000e+00 5.868530273437500000e-01
9.880902099609375000e+01 4.295043945312500000e+00 5.787353515625000000e-01
9.865710449218750000e+01 4.289367675781250000e+00 5.616455078125000000e-01
9.872070312500000000e+01 4.225524902343750000e+00 4.439697265625000000e-01
9.849597167968750000e+01 4.211425781250000000e+00 4.841918945312500000e-01
9.852783203125000000e+01 4.165832519531250000e+00 4.016113281250000000e-01
9.849511718750000000e+01 4.151855468750000000e+00 4.307861328125000000e-01
9.840972900390625000e+01 4.176086425781250000e+00 4.449462890625000000e-01
9.832757568359375000e+01 4.117736816406250000e+00 4.722290039062500000e-01
9.827099609375000000e+01 4.088134765625000000e+00 4.981079101562500000e-01
9.813482666015625000e+01 4.040405273437500000e+00 3.431396484375000000e-01
9.801702880859375000e+01 4.002319335937500000e+00 3.109741210937500000e-01
9.778356933593750000e+01 3.967224121093750000e+00 3.533325195312500000e-01
9.772088623046875000e+01 3.913146972656250000e+00 3.257446289062500000e-01
9.770422363281250000e+01 3.935363769531250000e+00 3.107299804687500000e-01
9.780487060546875000e+01 3.936401367187500000e+00 3.839111328125000000e-01
9.788415527343750000e+01 3.932556152343750000e+00 3.967285156250000000e-01
9.781207275390625000e+01 4.005615234375000000e+00 4.796752929687500000e-01
9.802490234375000000e+01 3.989501953125000000e+00 4.716796875000000000e-01
9.801599121093750000e+01 4.039062500000000000e+00 4.506225585937500000e-01
9.788049316406250000e+01 4.070861816406250000e+00 6.265258789062500000e-01
9.773291015625000000e+01 3.877319335937500000e+00 4.674072265625000000e-01
9.761047363281250000e+01 3.793395996093750000e+00 3.525390625000000000e-01
9.761773681640625000e+01 3.853576660156250000e+00 3.178100585937500000e-01
9.776776123046875000e+01 3.937866210937500000e+00 3.642578125000000000e-01
9.787249755859375000e+01 3.908935546875000000e+00 3.601074218750000000e-01
9.795190429687500000e+01 3.920043945312500000e+00 3.190307617187500000e-01
9.810791015625000000e+01 4.007690429687500000e+00 3.157958984375000000e-01
9.843682861328125000e+01 3.919799804687500000e+00 3.404541015625000000e-01
9.852166748046875000e+01 3.956848144531250000e+00 3.967895507812500000e-01
9.848181152343750000e+01 3.951477050781250000e+00 5.298461914062500000e-01
9.863238525390625000e+01 3.998413085937500000e+00 5.054931640625000000e-01
9.861901855468750000e+01 3.992309570312500000e+00 3.974609375000000000e-01
9.850500488281250000e+01 4.018188476562500000e+00 3.269653320312500000e-01
9.838128662109375000e+01 3.973999023437500000e+00 2.803344726562500000e-01
9.843634033203125000e+01 3.954528808593750000e+00 3.573608398437500000e-01
9.847100830078125000e+01 3.862792968750000000e+00 5.008544921875000000e-01
9.868035888671875000e+01 3.827026367187500000e+00 3.850708007812500000e-01
9.870092773437500000e+01 3.776428222656250000e+00 3.277587890625000000e-01
9.880230712890625000e+01 3.841125488281250000e+00 4.796752929687500000e-01
9.883599853515625000e+01 3.749572753906250000e+00 5.787963867187500000e-01
9.857849121093750000e+01 3.884582519531250000e+00 4.809570312500000000e-01
9.848858642578125000e+01 3.829345703125000000e+00 4.580688476562500000e-01
9.843853759765625000e+01 3.836669921875000000e+00 4.902343750000000000e-01
9.838244628906250000e+01 3.890808105468750000e+00 3.895874023437500000e-01
9.839068603515625000e+01 3.957275390625000000e+00 4.282226562500000000e-01
9.836608886718750000e+01 4.012695312500000000e+00 4.600219726562500000e-01
9.835211181640625000e+01 3.990600585937500000e+00 4.758911132812500000e-01
9.818969726562500000e+01 3.959594726562500000e+00 4.796752929687500000e-01
9.825750732421875000e+01 4.023071289062500000e+00 4.697265625000000000e-01
9.803057861328125000e+01 3.981750488281250000e+00 3.564453125000000000e-01
9.812725830078125000e+01 4.025207519531250000e+00 3.980102539062500000e-01
9.811260986328125000e+01 4.071777343750000000e+00 4.269409179687500000e-01
9.826617431640625000e+01 4.048950195312500000e+00 4.199829101562500000e-01
9.846771240234375000e+01 4.072448730468750000e+00 4.516601562500000000e-01
9.874322509765625000e+01 4.068786621093750000e+00 4.411621093750000000e-01
9.875238037109375000e+01 4.109985351562500000e+00 4.575805664062500000e-01
9.889636230468750000e+01 4.100219726562500000e+00 5.499877929687500000e-01
9.891534423828125000e+01 4.181762695312500000e+00 4.988403320312500000e-01
9.885882568359375000e+01 4.141357421875000000e+00 5.305175781250000000e-01
9.888696289062500000e+01 4.216125488281250000e+00 4.591064453125000000e-01
9.874664306640625000e+01 4.187622070312500000e+00 4.985351562500000000e-01
9.860406494140625000e+01 4.104187011718750000e+00 4.936523437500000000e-01
9.847393798828125000e+01 4.143920898437500000e+00 3.190307617187500000e-01
9.849249267578125000e+01 4.155517578125000000e+00 3.701171875000000000e-01
9.861596679687500000e+01 4.108093261718750000e+00 3.760375976562500000e-01
9.857354736328125000e+01 4.076660156250000000e+00 3.579711914062500000e-01
9.862377929687500000e+01 4.147644042968750000e+00 4.151000976562500000e-01
9.859973144531250000e+01 4.217224121093750000e+00 4.514770507812500000e-01
9.862152099609375000e+01 4.281677246093750000e+00 3.654785156250000000e-01
9.865454101562500000e+01 4.284484863281250000e+00 5.378417968750000000e-01
9.882153320312500000e+01 4.296875000000000000e+00 5.778808593750000000e-01
9.889300537109375000e+01 4.164123535156250000e+00 5.661621093750000000e-01
9.897381591796875000e+01 4.147216796875000000e+00 4.988403320312500000e-01
9.901031494140625000e+01 4.095947265625000000e+00 4.723510742187500000e-01
9.897473144531250000e+01 4.087097167968750000e+00 4.866333007812500000e-01
9.897705078125000000e+01 3.991455078125000000e+00 5.389404296875000000e-01
9.903399658203125000e+01 4.016662597656250000e+00 4.914550781250000000e-01
9.903283691406250000e+01 4.034545898437500000e+00 5.464477539062500000e-01
9.889782714843750000e+01 4.008300781250000000e+00 5.145263671875000000e-01
9.867517089843750000e+01 3.985839843750000000e+00 5.554199218750000000e-01
9.854168701171875000e+01 3.993286132812500000e+00 4.713745117187500000e-01
9.851025390625000000e+01 4.062011718750000000e+00 4.706420898437500000e-01
9.862933349609375000e+01 4.178405761718750000e+00 3.930053710937500000e-01
9.865484619140625000e+01 4.212280273437500000e+00 3.630371093750000000e-01
9.861877441406250000e+01 4.294677734375000000e+00 3.715209960937500000e-01
9.869873046875000000e+01 4.234985351562500000e+00 4.122924804687500000e-01
9.872119140625000000e+01 4.232666015625000000e+00 4.078369140625000000e-01
9.888305664062500000e+01 4.150756835937500000e+00 4.480590820312500000e-01
9.893634033203125000e+01 4.214477539062500000e+00 4.729003906250000000e-01
9.884948730468750000e+01 4.184082031250000000e+00 5.196533203125000000e-01
9.906158447265625000e+01 4.106323242187500000e+00 5.690307617187500000e-01
9.930053710937500000e+01 3.994506835937500000e+00 6.124267578125000000e-01
9.951678466796875000e+01 3.874145507812500000e+00 5.916748046875000000e-01
9.970263671875000000e+01 3.849121093750000000e+00 6.449584960937500000e-01
9.997668457031250000e+01 3.789794921875000000e+00 4.945678710937500000e-01
9.939428710937500000e+01 3.936340332031250000e+00 4.654541015625000000e-01
9.903875732421875000e+01 4.129272460937500000e+00 4.069824218750000000e-01
9.894927978515625000e+01 4.206420898437500000e+00 3.856811523437500000e-01
9.894360351562500000e+01 4.336791992187500000e+00 4.108886718750000000e-01
9.889196777343750000e+01 4.345764160156250000e+00 4.426879882812500000e-01
9.870709228515625000e+01 4.441528320312500000e+00 5.302124023437500000e-01
9.876391601562500000e+01 4.463684082031250000e+00 5.001831054687500000e-01
9.898828125000000000e+01 4.460632324218750000e+00 4.560546875000000000e-01
9.903863525390625000e+01 4.494262695312500000e+00 4.381103515625000000e-01
9.914813232421875000e+01 4.449279785156250000e+00 4.699707031250000000e-01
9.930194091796875000e+01 4.533081054687500000e+00 5.536499023437500000e-01
9.947698974609375000e+01 4.586486816406250000e+00 6.571655273437500000e-01
9.949261474609375000e+01 4.570007324218750000e+00 7.894897460937500000e-01
9.945916748046875000e+01 4.551025390625000000e+00 5.946655273437500000e-01
9.936883544921875000e+01 4.530944824218750000e+00 6.840820312500000000e-01
9.945831298828125000e+01 4.510070800781250000e+00 6.854248046875000000e-01
9.956726074218750000e+01 4.411560058593750000e+00 6.013183593750000000e-01
9.974133300781250000e+01 4.422302246093750000e+00 4.458007812500000000e-01
9.981616210937500000e+01 4.303344726562500000e+00 4.855346679687500000e-01
9.979345703125000000e+01 4.277282714843750000e+00 5.643310546875000000e-01
9.969824218750000000e+01 4.259887695312500000e+00 5.118408203125000000e-01
9.961468505859375000e+01 4.277343750000000000e+00 4.118041992187500000e-01
9.950518798828125000e+01 4.291809082031250000e+00 3.027954101562500000e-01
9.914031982421875000e+01 4.340087890625000000e+00 4.317626953125000000e-01
9.902789306640625000e+01 4.326843261718750000e+00 3.562622070312500000e-01
9.910852050781250000e+01 4.367248535156250000e+00 6.096191406250000000e-01
9.926715087890625000e+01 4.265502929687500000e+00 5.346069335937500000e-01
9.940020751953125000e+01 4.281311035156250000e+00 5.798339843750000000e-01
9.947491455078125000e+01 4.251159667968750000e+00 5.757446289062500000e-01
9.965734863281250000e+01 4.141601562500000000e+00 4.095458984375000000e-01
9.953234863281250000e+01 4.128295898437500000e+00 4.248657226562500000e-01
9.963183593750000000e+01 4.105957031250000000e+00 4.656372070312500000e-01
9.963482666015625000e+01 4.129028320312500000e+00 4.559326171875000000e-01
9.971783447265625000e+01 4.096801757812500000e+00 4.354858398437500000e-01
9.965362548828125000e+01 4.113647460937500000e+00 4.577026367187500000e-01
9.973394775390625000e+01 4.081970214843750000e+00 4.268188476562500000e-01
9.982940673828125000e+01 4.110168457031250000e+00 4.607543945312500000e-01
9.976861572265625000e+01 4.198852539062500000e+00 3.710937500000000000e-01
9.982415771484375000e+01 4.209289550781250000e+00 4.133911132812500000e-01
1.000189819335937500e+02 4.137512207031250000e+00 4.733886718750000000e-01
9.983911132812500000e+01 4.187500000000000000e+00 6.749267578125000000e-01
9.971710205078125000e+01 4.207275390625000000e+00 5.639648437500000000e-01
9.969238281250000000e+01 4.192687988281250000e+00 5.944213867187500000e-01
9.969403076171875000e+01 4.172790527343750000e+00 5.494995117187500000e-01
9.963946533203125000e+01 4.184631347656250000e+00 5.750732421875000000e-01
9.967321777343750000e+01 4.132690429687500000e+00 4.758911132812500000e-01
9.969110107421875000e+01 4.123840332031250000e+00 4.474487304687500000e-01
9.970666503906250000e+01 4.105224609375000000e+00 4.370117187500000000e-01
9.992498779296875000e+01 4.058959960937500000e+00 5.277709960937500000e-01
1.002412109375000000e+02 3.967651367187500000e+00 4.586181640625000000e-01
1.002406005859375000e+02 3.968688964843750000e+00 4.473266601562500000e-01
1.002250976562500000e+02 4.024536132812500000e+00 4.079589843750000000e-01
1.003163452148437500e+02 4.029235839843750000e+00 3.106079101562500000e-01
1.003408813476562500e+02 4.046813964843750000e+00 3.257446289062500000e-01
1.004074096679687500e+02 4.107849121093750000e+00 3.955688476562500000e-01
1.005216674804687500e+02 4.134155273437500000e+00 3.440551757812500000e-01
1.004245605468750000e+02 4.218566894531250000e+00 4.507446289062500000e-01
1.004288330078125000e+02 4.276855468750000000e+00 4.165649414062500000e-01
1.005945434570312500e+02 4.233947753906250000e+00 3.546752929687500000e-01
1.007354125976562500e+02 4.245666503906250000e+00 3.920288085937500000e-01
1.009589843750000000e+02 4.183532714843750000e+00 3.859863281250000000e-01
1.012880859375000000e+02 4.155883789062500000e+00 4.381713867187500000e-01
1.016259765625000000e+02 4.081726074218750000e+00 4.243774414062500000e-01
1.016594238281250000e+02 4.094177246093750000e+00 4.244384765625000000e-01
1.018709716796875000e+02 4.049987792968750000e+00 4.415283203125000000e-01
1.021690673828125000e+02 4.080993652343750000e+00 3.992309570312500000e-01
1.023876342773437500e+02 4.093078613281250000e+00 3.963012695312500000e-01
1.025032348632812500e+02 4.033935546875000000e+00 4.276123046875000000e-01
1.025756225585937500e+02 3.955993652343750000e+00 2.592773437500000000e-01
1.026763305664062500e+02 3.933837890625000000e+00 3.963012695312500000e-01
1.026275024414062500e+02 3.872741699218750000e+00 3.839111328125000000e-01
1.026414794921875000e+02 3.971374511718750000e+00 3.864746093750000000e-01
1.027676391601562500e+02 3.997924804687500000e+00 4.766235351562500000e-01
1.026228027343750000e+02 4.004943847656250000e+00 4.824218750000000000e-01
1.024513549804687500e+02 3.999877929687500000e+00 6.177368164062500000e-01
1.023760986328125000e+02 3.972595214843750000e+00 4.392700195312500000e-01
1.023881225585937500e+02 3.915283203125000000e+00 3.097534179687500000e-01
1.022230224609375000e+02 3.911926269531250000e+00 3.350830078125000000e-01
1.019133911132812500e+02 3.855102539062500000e+00 3.302001953125000000e-01
1.016538085937500000e+02 3.892456054687500000e+00 3.619995117187500000e-01
1.014617919921875000e+02 3.960144042968750000e+00 3.316040039062500000e-01
1.012396240234375000e+02 4.074340820312500000e+00 4.016723632812500000e-01
1.011608886718750000e+02 4.024047851562500000e+00 3.819580078125000000e-01
1.011364135742187500e+02 4.115600585937500000e+00 4.547119140625000000e-01
1.010467529296875000e+02 4.101196289062500000e+00 4.441528320312500000e-01
1.011675415039062500e+02 4.079101562500000000e+00 4.932861328125000000e-01
1.014162597656250000e+02 4.108642578125000000e+00 5.289306640625000000e-01
1.013240966796875000e+02 4.142700195312500000e+00 5.603637695312500000e-01
1.014396972656250000e+02 4.107788085937500000e+00 7.260131835937500000e-01
1.014423828125000000e+02 4.172546386718750000e+00 6.679687500000000000e-01
1.016786499023437500e+02 4.108886718750000000e+00 4.940795898437500000e-01
1.018922119140625000e+02 4.052795410156250000e+00 5.886840820312500000e-01
1.019808349609375000e+02 3.956970214843750000e+00 4.360351562500000000e-01
1.021243286132812500e+02 3.996582031250000000e+00 4.545898437500000000e-01
1.021237182617187500e+02 3.988098144531250000e+00 4.311523437500000000e-01
1.019368896484375000e+02 3.979797363281250000e+00 4.382934570312500000e-01
1.017703247070312500e+02 3.970581054687500000e+00 4.765625000000000000e-01
1.017139282226562500e+02 4.014038085937500000e+00 5.040283203125000000e-01
1.016049804687500000e+02 4.064880371093750000e+00 5.703735351562500000e-01
1.015364379882812500e+02 4.024353027343750000e+00 5.950927734375000000e-01
1.015134277343750000e+02 4.072753906250000000e+00 5.106811523437500000e-01
1.015018310546875000e+02 4.026977539062500000e+00 5.123291015625000000e-01
1.015242919921875000e+02 4.037231445312500000e+00 6.101074218750000000e-01
1.015151977539062500e+02 3.991760253906250000e+00 5.330810546875000000e-01
1.015181884765625000e+02 3.941833496093750000e+00 5.086669921875000000e-01
1.013198852539062500e+02 4.005249023437500000e+00 4.869995117187500000e-01
1.011335449218750000e+02 4.133911132812500000e+00 4.670410156250000000e-01
1.009766845703125000e+02 4.162231445312500000e+00 4.374389648437500000e-01
1.007453002929687500e+02 4.181823730468750000e+00 4.484252929687500000e-01
1.005387573242187500e+02 4.266418457031250000e+00 4.129638671875000000e-01
1.006163940429687500e+02 4.179443359375000000e+00 3.953247070312500000e-01
1.006860351562500000e+02 4.189147949218750000e+00 4.092407226562500000e-01
1.009406738281250000e+02 4.207153320312500000e+00 4.863891601562500000e-01
1.011001586914062500e+02 4.240844726562500000e+00 3.890380859375000000e-01
1.011657104492187500e+02 4.240783691406250000e+00 4.423828125000000000e-01
1.012332763671875000e+02 4.254089355468750000e+00 4.696044921875000000e-01
1.012018432617187500e+02 4.323791503906250000e+00 4.624633789062500000e-01
1.011664428710937500e+02 4.355285644531250000e+00 5.263061523437500000e-01
1.012136840820312500e+02 4.368957519531250000e+00 4.966430664062500000e-01
1.010660400390625000e+02 4.449523925781250000e+00 4.613647460937500000e-01
1.011329345703125000e+02 4.435913085937500000e+00 4.061889648437500000e-01
1.013378295898437500e+02 4.395263671875000000e+00 4.083251953125000000e-01
1.013525390625000000e+02 4.397644042968750000e+00 3.785400390625000000e-01
1.015601806640625000e+02 4.332275390625000000e+00 4.603271484375000000e-01
1.014678955078125000e+02 4.353393554687500000e+00 4.553833007812500000e-01
1.016455688476562500e+02 4.352355957031250000e+00 5.018310546875000000e-01
1.017881469726562500e+02 4.300415039062500000e+00 4.923095703125000000e-01
1.017424926757812500e+02 4.300659179687500000e+00 4.697265625000000000e-01
1.017603149414062500e+02 4.245666503906250000e+00 4.788208007812500000e-01
1.017630615234375000e+02 4.216308593750000000e+00 4.523315429687500000e-01
1.016276855468750000e+02 4.239685058593750000e+00 3.931274414062500000e-01
1.014954223632812500e+02 4.265380859375000000e+00 4.385986328125000000e-01
1.013430786132812500e+02 4.252990722656250000e+00 4.254760742187500000e-01
1.012387084960937500e+02 4.315551757812500000e+00 3.140869140625000000e-01
1.012365722656250000e+02 4.300476074218750000e+00 3.543701171875000000e-01
1.011677856445312500e+02 4.316711425781250000e+00 3.648681640625000000e-01
1.010170288085937500e+02 4.281188964843750000e+00 3.626098632812500000e-01
1.009136962890625000e+02 4.332031250000000000e+00 3.742065429687500000e-01
1.007799072265625000e+02 4.345397949218750000e+00 3.626098632812500000e-01
1.007837524414062500e+02 4.344482421875000000e+00 4.871215820312500000e-01
1.009968261718750000e+02 4.297302246093750000e+00 3.959350585937500000e-01
1.012467041015625000e+02 4.290649414062500000e+00 3.734741210937500000e-01
1.012853393554687500e+02 4.179870605468750000e+00 4.321899414062500000e-01
1.018011474609375000e+02 4.124145507812500000e+00 3.463134765625000000e-01
1.016885375976562500e+02 4.105468750000000000e+00 3.322143554687500000e-01
1.017067871093750000e+02 4.120300292968750000e+00 3.648681640625000000e-01
1.016253662109375000e+02 4.046936035156250000e+00 3.548583984375000000e-01
1.013982543945312500e+02 4.067932128906250000e+00 3.410644531250000000e-01
1.012183227539062500e+02 4.065124511718750000e+00 4.249877929687500000e-01
1.011618041992187500e+02 4.052185058593750000e+00 3.890991210937500000e-01
1.007977905273437500e+02 4.120666503906250000e+00 3.126831054687500000e-01
1.006971435546875000e+02 4.098205566406250000e+00 3.557128906250000000e-01
1.006713256835937500e+02 4.113159179687500000e+00 3.042602539062500000e-01
1.004525756835937500e+02 4.068054199218750000e+00 2.375488281250000000e-01
1.002315673828125000e+02 4.152526855468750000e+00 2.932739257812500000e-01
1.001149902343750000e+02 4.135375976562500000e+00 3.067016601562500000e-01
9.991027832031250000e+01 4.237609863281250000e+00 3.608398437500000000e-01
9.995874023437500000e+01 4.253662109375000000e+00 4.495849609375000000e-01
9.985986328125000000e+01 4.271484375000000000e+00 4.012451171875000000e-01
9.970599365234375000e+01 4.270263671875000000e+00 5.211791992187500000e-01
9.964550781250000000e+01 4.229187011718750000e+00 4.265136718750000000e-01
9.968878173828125000e+01 4.160095214843750000e+00 3.062133789062500000e-01
9.948004150390625000e+01 4.148315429687500000e+00 2.944946289062500000e-01
9.945861816406250000e+01 4.152343750000000000e+00 3.841552734375000000e-01
9.946588134765625000e+01 4.154052734375000000e+00 3.682861328125000000e-01
9.940502929687500000e+01 4.139892578125000000e+00 3.657836914062500000e-01
9.936456298828125000e+01 4.120544433593750000e+00 3.721313476562500000e-01
9.932922363281250000e+01 4.124267578125000000e+00 3.065795898437500000e-01
9.939312744140625000e+01 4.092102050781250000e+00 2.988281250000000000e-01
9.950415039062500000e+01 4.097778320312500000e+00 3.232421875000000000e-01
9.962768554687500000e+01 4.125488281250000000e+00 3.790283203125000000e-01
9.962786865234375000e+01 4.154602050781250000e+00 3.474731445312500000e-01
9.970568847656250000e+01 4.230529785156250000e+00 3.378906250000000000e-01
9.968652343750000000e+01 4.222290039062500000e+00 2.613525390625000000e-01
9.986279296875000000e+01 4.217956542968750000e+00 2.678833007812500000e-01
9.991748046875000000e+01 4.261901855468750000e+00 3.483886718750000000e-01
9.984063720703125000e+01 4.252197265625000000e+00 4.288940429687500000e-01
9.971832275390625000e+01 4.188476562500000000e+00 4.384765625000000000e-01
9.958929443359375000e+01 4.254333496093750000e+00 4.446411132812500000e-01
9.963104248046875000e+01 4.257263183593750000e+00 3.486938476562500000e-01
9.961157226562500000e+01 4.223754882812500000e+00 3.486328125000000000e-01
9.956176757812500000e+01 4.185852050781250000e+00 3.910522460937500000e-01
9.943737792968750000e+01 4.046264648437500000e+00 3.641357421875000000e-01
9.938385009765625000e+01 4.097900390625000000e+00 3.721923828125000000e-01
9.935675048828125000e+01 4.052368164062500000e+00 3.582153320312500000e-01
9.938287353515625000e+01 4.155578613281250000e+00 4.413452148437500000e-01
9.928564453125000000e+01 4.139892578125000000e+00 4.204101562500000000e-01
9.920507812500000000e+01 4.159484863281250000e+00 4.887084960937500000e-01
9.922222900390625000e+01 4.150939941406250000e+00 3.787231445312500000e-01
9.920910644531250000e+01 4.167663574218750000e+00 4.472656250000000000e-01
9.916857910156250000e+01 4.154174804687500000e+00 3.605957031250000000e-01
9.918542480468750000e+01 4.157104492187500000e+00 2.994995117187500000e-01
9.916284179687500000e+01 4.112731933593750000e+00 2.291870117187500000e-01
9.914013671875000000e+01 4.001708984375000000e+00 2.382202148437500000e-01
9.919573974609375000e+01 3.931091308593750000e+00 2.250366210937500000e-01
9.911749267578125000e+01 3.962524414062500000e+00 2.918090820312500000e-01
9.912854003906250000e+01 3.935546875000000000e+00 4.130859375000000000e-01
9.884552001953125000e+01 4.029785156250000000e+00 3.226318359375000000e-01
9.890441894531250000e+01 4.024780273437500000e+00 2.698364257812500000e-01
9.906463623046875000e+01 3.957885742187500000e+00 4.014282226562500000e-01
9.906256103515625000e+01 3.965637207031250000e+00 2.483520507812500000e-01
9.912414550781250000e+01 3.885437011718750000e+00 2.840576171875000000e-01
9.911102294921875000e+01 3.915527343750000000e+00 2.604370117187500000e-01
9.932086181640625000e+01 3.956787109375000000e+00 2.983398437500000000e-01
9.923162841796875000e+01 3.928100585937500000e+00 2.303466796875000000e-01
9.916070556640625000e+01 3.912780761718750000e+00 3.942260742187500000e-01
9.929730224609375000e+01 3.890808105468750000e+00 5.080566406250000000e-01
9.923199462890625000e+01 3.908020019531250000e+00 5.796508789062500000e-01
9.909057617187500000e+01 3.892944335937500000e+00 4.195556640625000000e-01
9.905895996093750000e+01 3.895812988281250000e+00 4.327392578125000000e-01
9.908947753906250000e+01 3.990112304687500000e+00 5.173339843750000000e-01
9.907226562500000000e+01 4.059814453125000000e+00 4.187622070312500000e-01
9.896313476562500000e+01 4.103515625000000000e+00 2.910156250000000000e-01
9.900256347656250000e+01 4.047424316406250000e+00 3.150024414062500000e-01
9.897406005859375000e+01 4.107055664062500000e+00 4.143676757812500000e-01
9.910235595703125000e+01 4.092895507812500000e+00 3.440551757812500000e-01
9.918823242187500000e+01 4.015014648437500000e+00 2.628784179687500000e-01
9.939941406250000000e+01 4.026062011718750000e+00 2.970581054687500000e-01
9.936358642578125000e+01 3.913635253906250000e+00 2.785034179687500000e-01
9.922680664062500000e+01 3.945800781250000000e+00 2.485351562500000000e-01
9.912133789062500000e+01 3.951232910156250000e+00 2.605590820312500000e-01
9.897973632812500000e+01 3.980651855468750000e+00 2.921752929687500000e-01
9.881567382812500000e+01 3.971130371093750000e+00 3.009033203125000000e-01
9.861114501953125000e+01 4.050170898437500000e+00 3.687744140625000000e-01
9.843518066406250000e+01 4.039062500000000000e+00 3.362426757812500000e-01
9.864459228515625000e+01 4.035156250000000000e+00 3.518676757812500000e-01
9.867041015625000000e+01 3.967407226562500000e+00 3.838500976562500000e-01
9.866528320312500000e+01 3.924865722656250000e+00 3.155517578125000000e-01
9.864343261718750000e+01 3.920593261718750000e+00 3.287353515625000000e-01
9.885314941406250000e+01 3.911682128906250000e+00 3.414916992187500000e-01
9.879504394531250000e+01 3.935791015625000000e+00 3.496704101562500000e-01
9.857104492187500000e+01 4.082153320312500000e+00 5.118408203125000000e-01
9.863604736328125000e+01 4.120422363281250000e+00 5.418701171875000000e-01
9.876525878906250000e+01 4.122436523437500000e+00 5.369262695312500000e-01
9.880462646484375000e+01 4.165222167968750000e+00 5.632934570312500000e-01
9.916961669921875000e+01 4.014465332031250000e+00 4.541625976562500000e-01
9.919873046875000000e+01 3.974731445312500000e+00 3.381347656250000000e-01
9.907415771484375000e+01 3.996215820312500000e+00 2.754516601562500000e-01
9.907385253906250000e+01 3.947937011718750000e+00 2.344970703125000000e-01
9.929089355468750000e+01 3.899475097656250000e+00 1.853027343750000000e-01
9.905187988281250000e+01 3.968200683593750000e+00 2.889404296875000000e-01
9.885302734375000000e+01 4.022766113281250000e+00 4.110717773437500000e-01
9.867944335937500000e+01 4.062011718750000000e+00 3.156738281250000000e-01
9.879040527343750000e+01 4.068908691406250000e+00 1.812744140625000000e-01
9.873077392578125000e+01 4.088378906250000000e+00 2.724609375000000000e-01
9.882440185546875000e+01 4.100769042968750000e+00 4.389648437500000000e-01
9.880322265625000000e+01 4.117187500000000000e+00 4.223632812500000000e-01
9.897949218750000000e+01 4.130249023437500000e+00 4.369506835937500000e-01
9.894012451171875000e+01 4.101257324218750000e+00 4.536743164062500000e-01
9.900183105468750000e+01 4.129333496093750000e+00 4.436645507812500000e-01
9.903240966796875000e+01 4.083007812500000000e+00 5.244140625000000000e-01
9.911614990234375000e+01 4.076477050781250000e+00 4.623413085937500000e-01
9.918829345703125000e+01 4.043579101562500000e+00 4.194946289062500000e-01
9.919952392578125000e+01 4.108947753906250000e+00 3.445434570312500000e-01
9.921661376953125000e+01 4.127258300781250000e+00 3.961791992187500000e-01
9.921154785156250000e+01 4.075744628906250000e+00 2.860717773437500000e-01
9.920013427734375000e+01 3.987731933593750000e+00 2.851562500000000000e-01
9.927923583984375000e+01 4.003662109375000000e+00 2.759399414062500000e-01
9.944616699218750000e+01 3.855407714843750000e+00 2.976684570312500000e-01
9.944714355468750000e+01 3.839111328125000000e+00 2.689208984375000000e-01
9.948205566406250000e+01 3.820617675781250000e+00 2.670898437500000000e-01
9.949841308593750000e+01 3.834838867187500000e+00 2.525024414062500000e-01
9.938195800781250000e+01 3.849975585937500000e+00 2.449951171875000000e-01
9.926470947265625000e+01 3.801086425781250000e+00 2.210083007812500000e-01
9.927630615234375000e+01 3.762695312500000000e+00 1.610717773437500000e-01
9.915777587890625000e+01 3.781738281250000000e+00 3.063354492187500000e-01
9.900854492187500000e+01 3.824707031250000000e+00 3.385620117187500000e-01
9.876220703125000000e+01 3.917846679687500000e+00 6.082763671875000000e-01
9.856195068359375000e+01 3.984619140625000000e+00 4.594726562500000000e-01
9.855377197265625000e+01 3.996704101562500000e+00 4.619750976562500000e-01
9.856304931640625000e+01 4.023620605468750000e+00 3.961181640625000000e-01
9.861798095703125000e+01 4.057861328125000000e+00 4.616699218750000000e-01
9.869055175781250000e+01 4.016967773437500000e+00 4.545898437500000000e-01
9.865545654296875000e+01 4.067871093750000000e+00 5.621948242187500000e-01
9.866284179687500000e+01 4.005554199218750000e+00 3.989257812500000000e-01
9.871697998046875000e+01 3.997070312500000000e+00 3.280029296875000000e-01
9.888439941406250000e+01 4.016418457031250000e+00 2.832641601562500000e-01
9.899456787109375000e+01 4.032470703125000000e+00 2.598266601562500000e-01
9.902960205078125000e+01 3.922973632812500000e+00 2.957153320312500000e-01
9.911834716796875000e+01 3.937683105468750000e+00 2.864990234375000000e-01
9.898461914062500000e+01 3.885437011718750000e+00 2.197265625000000000e-01
9.898352050781250000e+01 3.991699218750000000e+00 3.376464843750000000e-01
9.882165527343750000e+01 4.031494140625000000e+00 3.060913085937500000e-01
9.877288818359375000e+01 4.104003906250000000e+00 3.337402343750000000e-01
9.857305908203125000e+01 4.088684082031250000e+00 3.184814453125000000e-01
9.855401611328125000e+01 4.113525390625000000e+00 3.041381835937500000e-01
9.852471923828125000e+01 4.105529785156250000e+00 2.185668945312500000e-01
9.854382324218750000e+01 4.128967285156250000e+00 2.827758789062500000e-01
9.859039306640625000e+01 4.058288574218750000e+00 3.387451171875000000e-01
9.879223632812500000e+01 4.079833984375000000e+00 3.853149414062500000e-01
9.869006347656250000e+01 4.028686523437500000e+00 3.378295898437500000e-01
9.867620849609375000e+01 4.116027832031250000e+00 3.058471679687500000e-01
9.867279052734375000e+01 4.134643554687500000e+00 2.106933593750000000e-01
9.859722900390625000e+01 4.155456542968750000e+00 1.516723632812500000e-01
9.850146484375000000e+01 4.040954589843750000e+00 1.574707031250000000e-01
9.854821777343750000e+01 4.030578613281250000e+00 2.722167968750000000e-01
9.879418945312500000e+01 4.016967773437500000e+00 3.588867187500000000e-01
9.900610351562500000e+01 3.942687988281250000e+00 3.132324218750000000e-01
9.888745117187500000e+01 4.000610351562500000e+00 3.567504882812500000e-01
9.898382568359375000e+01 4.004394531250000000e+00 3.245239257812500000e-01
9.898107910156250000e+01 4.044738769531250000e+00 3.298339843750000000e-01
9.888494873046875000e+01 4.078796386718750000e+00 3.707885742187500000e-01
9.877850341796875000e+01 4.082885742187500000e+00 3.578491210937500000e-01
9.874334716796875000e+01 4.075073242187500000e+00 2.297973632812500000e-01
9.863800048828125000e+01 4.063049316406250000e+00 2.830810546875000000e-01
9.869378662109375000e+01 4.050964355468750000e+00 3.024291992187500000e-01
9.859716796875000000e+01 4.027404785156250000e+00 2.063598632812500000e-01
9.860931396484375000e+01 4.001281738281250000e+00 1.806030273437500000e-01
9.856365966796875000e+01 3.985717773437500000e+00 2.022094726562500000e-01
9.844396972656250000e+01 4.022827148437500000e+00 1.785888671875000000e-01
9.828259277343750000e+01 3.889099121093750000e+00 1.714477539062500000e-01
9.798223876953125000e+01 3.978393554687500000e+00 1.756591796875000000e-01
9.766564941406250000e+01 4.170959472656250000e+00 3.120117187500000000e-01
9.758099365234375000e+01 4.199829101562500000e+00 2.677612304687500000e-01
9.738995361328125000e+01 4.158813476562500000e+00 2.985229492187500000e-01
9.736126708984375000e+01 4.167419433593750000e+00 1.720581054687500000e-01
9.764215087890625000e+01 4.003967285156250000e+00 1.328735351562500000e-01
9.801855468750000000e+01 3.947937011718750000e+00 1.550903320312500000e-01
9.808837890625000000e+01 3.910766601562500000e+00 1.295776367187500000e-01
9.803442382812500000e+01 3.851745605468750000e+00 1.976318359375000000e-01
9.783691406250000000e+01 3.760620117187500000e+00 1.843872070312500000e-01
9.767028808593750000e+01 3.723754882812500000e+00 1.829223632812500000e-01
9.751208496093750000e+01 3.652587890625000000e+00 1.305541992187500000e-01
9.768395996093750000e+01 3.661621093750000000e+00 1.508178710937500000e-01
9.762322998046875000e+01 3.500793457031250000e+00 1.504516601562500000e-01
9.717187500000000000e+01 3.707702636718750000e+00 1.846923828125000000e-01
9.689666748046875000e+01 3.692016601562500000e+00 1.925659179687500000e-01
9.688531494140625000e+01 3.685180664062500000e+00 2.118530273437500000e-01
9.686547851562500000e+01 3.732910156250000000e+00 2.420654296875000000e-01
9.686553955078125000e+01 3.791259765625000000e+00 2.213745117187500000e-01
9.685333251953125000e+01 3.737487792968750000e+00 1.915283203125000000e-01
9.686120605468750000e+01 3.679321289062500000e+00 2.773437500000000000e-01
9.695379638671875000e+01 3.722534179687500000e+00 2.313232421875000000e-01
9.697760009765625000e+01 3.748779296875000000e+00 2.516479492187500000e-01
9.719934082031250000e+01 3.824157714843750000e+00 2.474975585937500000e-01
9.723950195312500000e+01 3.833923339843750000e+00 2.216796875000000000e-01
9.739550781250000000e+01 3.781616210937500000e+00 2.453002929687500000e-01
9.764227294921875000e+01 3.737243652343750000e+00 3.139038085937500000e-01
9.785864257812500000e+01 3.708862304687500000e+00 3.679809570312500000e-01
9.787646484375000000e+01 3.791870117187500000e+00 3.917236328125000000e-01
9.765252685546875000e+01 3.812194824218750000e+00 3.190307617187500000e-01
9.762774658203125000e+01 3.797424316406250000e+00 2.914428710937500000e-01
9.752984619140625000e+01 3.832214355468750000e+00 3.275756835937500000e-01
9.754681396484375000e+01 3.825927734375000000e+00 2.797851562500000000e-01
9.744036865234375000e+01 3.888549804687500000e+00 2.561035156250000000e-01
9.766894531250000000e+01 3.860229492187500000e+00 2.862548828125000000e-01
9.774462890625000000e+01 3.866638183593750000e+00 3.287963867187500000e-01
9.796563720703125000e+01 3.851379394531250000e+00 3.108520507812500000e-01
9.808923339843750000e+01 3.900329589843750000e+00 3.298339843750000000e-01
9.819268798828125000e+01 3.939514160156250000e+00 2.634887695312500000e-01
9.817773437500000000e+01 3.894470214843750000e+00 2.790527343750000000e-01
9.826831054687500000e+01 3.934875488281250000e+00 2.977905273437500000e-01
9.844250488281250000e+01 3.872619628906250000e+00 3.146972656250000000e-01
9.843048095703125000e+01 3.874084472656250000e+00 3.505859375000000000e-01
9.829010009765625000e+01 3.817443847656250000e+00 3.973999023437500000e-01
9.813360595703125000e+01 3.841369628906250000e+00 3.503417968750000000e-01
9.805041503906250000e+01 3.900024414062500000e+00 3.238525390625000000e-01
9.799761962890625000e+01 3.921569824218750000e+00 2.683715820312500000e-01
9.798840332031250000e+01 3.916625976562500000e+00 2.335205078125000000e-01
9.799786376953125000e+01 3.871520996093750000e+00 1.729736328125000000e-01
9.796728515625000000e+01 3.926635742187500000e+00 2.047729492187500000e-01
9.800073242187500000e+01 3.912414550781250000e+00 2.391967773437500000e-01
9.791662597656250000e+01 3.987060546875000000e+00 3.446044921875000000e-01
9.794451904296875000e+01 3.973327636718750000e+00 2.933349609375000000e-01
9.794390869140625000e+01 3.982666015625000000e+00 3.442993164062500000e-01
9.791912841796875000e+01 4.014343261718750000e+00 3.444824218750000000e-01
9.779327392578125000e+01 4.029907226562500000e+00 2.394409179687500000e-01
9.781518554687500000e+01 4.110595703125000000e+00 1.910400390625000000e-01
9.789947509765625000e+01 4.052429199218750000e+00 2.259521484375000000e-01
9.778631591796875000e+01 4.079772949218750000e+00 2.736206054687500000e-01
9.775146484375000000e+01 4.065002441406250000e+00 2.778930664062500000e-01
9.788452148437500000e+01 4.073669433593750000e+00 2.100219726562500000e-01
9.794378662109375000e+01 4.026916503906250000e+00 2.595825195312500000e-01
9.817211914062500000e+01 3.958435058593750000e+00 2.056274414062500000e-01
9.839306640625000000e+01 3.993103027343750000e+00 2.494506835937500000e-01
9.849981689453125000e+01 4.022521972656250000e+00 2.558593750000000000e-01
9.870361328125000000e+01 4.002258300781250000e+00 2.703857421875000000e-01
9.889270019531250000e+01 3.994140625000000000e+00 3.098144531250000000e-01
9.902844238281250000e+01 3.909912109375000000e+00 2.734375000000000000e-01
9.908007812500000000e+01 3.975463867187500000e+00 2.682495117187500000e-01
9.902362060546875000e+01 3.990173339843750000e+00 2.594604492187500000e-01
9.918255615234375000e+01 4.028991699218750000e+00 2.663574218750000000e-01
9.922381591796875000e+01 4.037414550781250000e+00 2.664794921875000000e-01
9.928942871093750000e+01 4.130249023437500000e+00 3.588256835937500000e-01
9.915356445312500000e+01 3.978210449218750000e+00 3.748779296875000000e-01
9.911120605468750000e+01 4.008850097656250000e+00 3.749389648437500000e-01
9.912713623046875000e+01 4.074401855468750000e+00 4.054565429687500000e-01
9.902368164062500000e+01 4.007934570312500000e+00 4.292602539062500000e-01
9.894604492187500000e+01 4.012878417968750000e+00 4.197998046875000000e-01
9.898254394531250000e+01 4.062866210937500000e+00 4.862060546875000000e-01
9.912780761718750000e+01 4.073486328125000000e+00 4.570922851562500000e-01
9.928503417968750000e+01 4.046813964843750000e+00 3.589477539062500000e-01
9.931213378906250000e+01 3.999816894531250000e+00 3.699340820312500000e-01
9.936602783203125000e+01 4.054748535156250000e+00 3.329467773437500000e-01
9.933081054687500000e+01 4.023925781250000000e+00 3.613891601562500000e-01
9.916125488281250000e+01 4.031982421875000000e+00 3.715209960937500000e-01
9.900622558593750000e+01 3.955078125000000000e+00 4.179077148437500000e-01
9.863977050781250000e+01 4.013488769531250000e+00 4.452514648437500000e-01
9.849731445312500000e+01 3.996643066406250000e+00 3.876342773437500000e-01
9.806256103515625000e+01 4.120544433593750000e+00 3.345947265625000000e-01
9.784649658203125000e+01 4.171997070312500000e+00 2.537841796875000000e-01
9.766583251953125000e+01 4.129394531250000000e+00 1.580810546875000000e-01
9.770690917968750000e+01 4.156860351562500000e+00 3.531494140625000000e-01
9.783270263671875000e+01 4.188720703125000000e+00 2.006225585937500000e-01
9.811236572265625000e+01 4.054443359375000000e+00 2.204589843750000000e-01
9.836431884765625000e+01 4.061523437500000000e+00 2.084960937500000000e-01
9.847479248046875000e+01 4.136108398437500000e+00 2.573242187500000000e-01
9.845233154296875000e+01 4.144653320312500000e+00 2.116088867187500000e-01
9.842755126953125000e+01 4.113159179687500000e+00 2.819824218750000000e-01
9.842987060546875000e+01 4.102050781250000000e+00 1.953125000000000000e-01
9.833703613281250000e+01 4.089538574218750000e+00 2.597045898437500000e-01
9.829486083984375000e+01 4.113769531250000000e+00 2.191772460937500000e-01
9.831097412109375000e+01 4.010681152343750000e+00 2.852172851562500000e-01
9.839373779296875000e+01 4.011718750000000000e+00 2.675170898437500000e-01
9.832531738281250000e+01 4.017944335937500000e+00 2.271118164062500000e-01
9.824816894531250000e+01 4.068420410156250000e+00 2.086791992187500000e-01
9.826086425781250000e+01 3.980712890625000000e+00 2.055053710937500000e-01
9.822851562500000000e+01 4.045959472656250000e+00 3.236083984375000000e-01
9.835333251953125000e+01 4.014709472656250000e+00 4.365844726562500000e-01
9.833673095703125000e+01 4.047973632812500000e+00 3.280029296875000000e-01
9.821618652343750000e+01 4.013366699218750000e+00 2.447509765625000000e-01
9.815283203125000000e+01 4.050476074218750000e+00 2.833862304687500000e-01
9.815594482421875000e+01 4.010925292968750000e+00 2.419433593750000000e-01
9.807379150390625000e+01 4.060974121093750000e+00 2.649536132812500000e-01
9.801379394531250000e+01 4.039001464843750000e+00 3.048095703125000000e-01
9.811535644531250000e+01 4.042419433593750000e+00 2.767944335937500000e-01
9.817266845703125000e+01 4.000122070312500000e+00 3.081665039062500000e-01
9.812921142578125000e+01 4.011413574218750000e+00 2.936401367187500000e-01
9.796508789062500000e+01 3.931274414062500000e+00 1.959228515625000000e-01
9.792205810546875000e+01 3.985717773437500000e+00 2.240600585937500000e-01
9.781701660156250000e+01 4.027954101562500000e+00 2.230224609375000000e-01
9.779510498046875000e+01 4.032409667968750000e+00 3.027954101562500000e-01
9.773016357421875000e+01 4.009887695312500000e+00 2.813720703125000000e-01
9.775988769531250000e+01 4.094909667968750000e+00 2.421875000000000000e-01
9.765240478515625000e+01 4.023071289062500000e+00 2.058105468750000000e-01
9.781524658203125000e+01 4.074218750000000000e+00 3.544311523437500000e-01
9.789196777343750000e+01 4.100891113281250000e+00 3.279418945312500000e-01
9.784954833984375000e+01 4.180603027343750000e+00 2.714233398437500000e-01
9.777923583984375000e+01 4.138061523437500000e+00 2.626953125000000000e-01
9.778784179687500000e+01 4.137390136718750000e+00 2.586669921875000000e-01
9.771972656250000000e+01 4.173461914062500000e+00 2.402343750000000000e-01
9.780706787109375000e+01 4.230041503906250000e+00 2.925415039062500000e-01
9.780181884765625000e+01 4.131103515625000000e+00 2.994995117187500000e-01
9.757891845703125000e+01 3.981506347656250000e+00 1.793212890625000000e-01
9.758221435546875000e+01 3.953735351562500000e+00 2.333984375000000000e-01
9.753912353515625000e+01 3.995544433593750000e+00 2.243041992187500000e-01
9.750726318359375000e+01 3.891784667968750000e+00 1.768188476562500000e-01
9.763183593750000000e+01 3.891479492187500000e+00 1.757202148437500000e-01
9.768145751953125000e+01 3.790771484375000000e+00 2.042236328125000000e-01
9.775421142578125000e+01 3.807800292968750000e+00 1.973266601562500000e-01
9.729290771484375000e+01 3.827270507812500000e+00 1.511230468750000000e-01
9.709466552734375000e+01 3.827453613281250000e+00 1.653442382812500000e-01
9.663305664062500000e+01 3.859985351562500000e+00 1.875610351562500000e-01
9.650140380859375000e+01 3.864379882812500000e+00 2.556762695312500000e-01
9.638690185546875000e+01 3.864257812500000000e+00 2.557983398437500000e-01
9.636071777343750000e+01 3.849182128906250000e+00 2.162475585937500000e-01
9.640820312500000000e+01 3.638000488281250000e+00 2.784423828125000000e-01
9.634216308593750000e+01 3.662170410156250000e+00 2.041625976562500000e-01
9.610314941406250000e+01 3.659362792968750000e+00 3.042602539062500000e-01
9.602160644531250000e+01 3.597961425781250000e+00 2.568359375000000000e-01
9.606738281250000000e+01 3.682373046875000000e+00 2.194824218750000000e-01
9.621679687500000000e+01 3.628356933593750000e+00 2.772216796875000000e-01
9.621008300781250000e+01 3.596008300781250000e+00 2.376708984375000000e-01
9.633898925781250000e+01 3.501525878906250000e+00 2.059326171875000000e-01
9.636730957031250000e+01 3.398010253906250000e+00 3.386230468750000000e-01
9.635516357421875000e+01 3.422546386718750000e+00 2.570800781250000000e-01
9.627398681640625000e+01 3.506286621093750000e+00 1.759643554687500000e-01
9.623474121093750000e+01 3.578186035156250000e+00 1.744995117187500000e-01
9.607537841796875000e+01 3.545654296875000000e+00 1.229858398437500000e-01
9.610339355468750000e+01 3.553771972656250000e+00 1.329956054687500000e-01
9.611181640625000000e+01 3.473083496093750000e+00 1.665039062500000000e-01
9.622094726562500000e+01 3.455200195312500000e+00 1.862792968750000000e-01
9.635217285156250000e+01 3.432312011718750000e+00 1.735229492187500000e-01
9.643243408203125000e+01 3.444702148437500000e+00 1.620483398437500000e-01
9.657135009765625000e+01 3.348205566406250000e+00 9.790039062500000000e-02
9.633367919921875000e+01 3.420593261718750000e+00 1.567382812500000000e-01
9.617681884765625000e+01 3.374145507812500000e+00 2.386474609375000000e-01
9.620605468750000000e+01 3.506591796875000000e+00 2.143554687500000000e-01
9.648510742187500000e+01 3.463256835937500000e+00 3.913574218750000000e-01
9.669549560546875000e+01 3.444396972656250000e+00 4.291381835937500000e-01
9.661010742187500000e+01 3.466918945312500000e+00 1.844482421875000000e-01
9.660522460937500000e+01 3.553833007812500000e+00 1.518554687500000000e-01
9.684686279296875000e+01 3.542785644531250000e+00 1.594848632812500000e-01
9.691717529296875000e+01 3.522399902343750000e+00 1.633300781250000000e-01
9.681347656250000000e+01 3.525024414062500000e+00 1.058959960937500000e-01
9.684228515625000000e+01 3.502929687500000000e+00 1.224975585937500000e-01
9.694256591796875000e+01 3.474975585937500000e+00 1.512451171875000000e-01
9.704608154296875000e+01 3.471130371093750000e+00 1.453857421875000000e-01
9.699084472656250000e+01 3.370910644531250000e+00 1.708984375000000000e-01
9.703668212890625000e+01 3.411437988281250000e+00 2.069702148437500000e-01
9.705017089843750000e+01 3.385192871093750000e+00 1.521606445312500000e-01
9.718566894531250000e+01 3.439880371093750000e+00 2.520751953125000000e-01
9.735009765625000000e+01 3.565551757812500000e+00 1.896362304687500000e-01
9.743334960937500000e+01 3.606323242187500000e+00 1.804809570312500000e-01
9.759826660156250000e+01 3.595520019531250000e+00 1.996459960937500000e-01
9.770697021484375000e+01 3.639953613281250000e+00 2.229614257812500000e-01
9.799761962890625000e+01 3.571472167968750000e+00 2.012939453125000000e-01
9.828277587890625000e+01 3.538757324218750000e+00 2.564697265625000000e-01
9.807794189453125000e+01 3.592285156250000000e+00 2.591552734375000000e-01
9.798413085937500000e+01 3.628479003906250000e+00 2.778930664062500000e-01
9.774682617187500000e+01 3.552612304687500000e+00 2.670898437500000000e-01
9.735949707031250000e+01 3.675842285156250000e+00 2.639160156250000000e-01
9.748803710937500000e+01 3.706176757812500000e+00 1.854248046875000000e-01
9.767462158203125000e+01 3.737243652343750000e+00 1.946411132812500000e-01
9.743139648437500000e+01 3.591430664062500000e+00 2.226562500000000000e-01
9.757165527343750000e+01 3.639587402343750000e+00 3.283081054687500000e-01
9.788696289062500000e+01 3.632080078125000000e+00 3.547973632812500000e-01
9.793267822265625000e+01 3.620788574218750000e+00 2.442626953125000000e-01
9.792938232421875000e+01 3.558593750000000000e+00 2.233886718750000000e-01
9.793945312500000000e+01 3.587402343750000000e+00 2.296142578125000000e-01
9.804614257812500000e+01 3.614501953125000000e+00 2.515258789062500000e-01
9.819934082031250000e+01 3.694152832031250000e+00 2.371826171875000000e-01
9.821777343750000000e+01 3.637084960937500000e+00 2.719726562500000000e-01
9.814465332031250000e+01 3.617919921875000000e+00 1.891479492187500000e-01
9.820690917968750000e+01 3.589660644531250000e+00 2.414550781250000000e-01
9.817993164062500000e+01 3.709472656250000000e+00 2.601928710937500000e-01
9.774371337890625000e+01 3.768432617187500000e+00 2.264404296875000000e-01
9.724407958984375000e+01 3.873291015625000000e+00 1.943969726562500000e-01
9.721972656250000000e+01 3.892272949218750000e+00 2.218017578125000000e-01
9.735131835937500000e+01 3.861816406250000000e+00 1.602783203125000000e-01
9.779992675781250000e+01 3.827514648437500000e+00 2.060546875000000000e-01
9.807519531250000000e+01 3.770996093750000000e+00 1.958007812500000000e-01
9.848229980468750000e+01 3.720275878906250000e+00 2.120971679687500000e-01
9.859631347656250000e+01 3.720764160156250000e+00 2.320556640625000000e-01
9.876995849609375000e+01 3.666992187500000000e+00 2.394409179687500000e-01
9.850018310546875000e+01 3.755310058593750000e+00 2.171020507812500000e-01
9.834167480468750000e+01 3.788024902343750000e+00 2.308349609375000000e-01
9.808825683593750000e+01 3.807312011718750000e+00 2.537841796875000000e-01
9.776635742187500000e+01 3.932739257812500000e+00 2.488403320312500000e-01
9.780059814453125000e+01 3.906311035156250000e+00 2.051391601562500000e-01
9.780944824218750000e+01 3.858886718750000000e+00 1.489868164062500000e-01
9.796600341796875000e+01 3.863952636718750000e+00 2.070312500000000000e-01
9.798040771484375000e+01 3.834716796875000000e+00 1.909179687500000000e-01
9.808233642578125000e+01 3.746398925781250000e+00 1.848144531250000000e-01
9.819110107421875000e+01 3.805358886718750000e+00 1.623535156250000000e-01
9.831127929687500000e+01 3.800170898437500000e+00 1.784667968750000000e-01
9.831109619140625000e+01 3.779602050781250000e+00 1.724243164062500000e-01
9.836889648437500000e+01 3.746093750000000000e+00 2.106323242187500000e-01
9.834655761718750000e+01 3.733215332031250000e+00 1.871948242187500000e-01
9.847821044921875000e+01 3.769897460937500000e+00 2.077636718750000000e-01
9.842315673828125000e+01 3.794311523437500000e+00 2.100219726562500000e-01
9.834326171875000000e+01 3.821594238281250000e+00 1.574707031250000000e-01
9.826452636718750000e+01 3.882568359375000000e+00 1.984863281250000000e-01
9.828045654296875000e+01 3.951660156250000000e+00 2.828369140625000000e-01
9.820062255859375000e+01 3.938537597656250000e+00 2.427978515625000000e-01
9.791778564453125000e+01 4.006652832031250000e+00 3.057861328125000000e-01
9.774932861328125000e+01 3.968872070312500000e+00 2.751464843750000000e-01
9.775427246093750000e+01 4.038574218750000000e+00 3.735961914062500000e-01
9.791802978515625000e+01 4.028930664062500000e+00 3.609008789062500000e-01
9.792126464843750000e+01 4.007995605468750000e+00 3.023071289062500000e-01
9.842620849609375000e+01 3.987731933593750000e+00 3.276367187500000000e-01
9.885449218750000000e+01 3.907653808593750000e+00 1.904907226562500000e-01
9.912792968750000000e+01 3.866333007812500000e+00 1.671142578125000000e-01
9.923931884765625000e+01 3.846984863281250000e+00 2.501831054687500000e-01
9.927410888671875000e+01 3.797119140625000000e+00 2.446899414062500000e-01
9.902282714843750000e+01 3.959228515625000000e+00 2.596435546875000000e-01
9.854296875000000000e+01 3.965759277343750000e+00 2.344360351562500000e-01
9.835919189453125000e+01 4.012756347656250000e+00 2.192382812500000000e-01
9.835437011718750000e+01 4.047058105468750000e+00 2.070312500000000000e-01
9.842700195312500000e+01 4.073486328125000000e+00 1.729736328125000000e-01
9.850506591796875000e+01 4.018737792968750000e+00 2.334594726562500000e-01
9.861370849609375000e+01 3.967224121093750000e+00 2.586669921875000000e-01
9.871667480468750000e+01 3.950805664062500000e+00 2.707519531250000000e-01
9.912152099609375000e+01 3.851135253906250000e+00 3.196411132812500000e-01
9.895117187500000000e+01 3.923828125000000000e+00 3.558959960937500000e-01
9.885021972656250000e+01 3.897216796875000000e+00 2.362670898437500000e-01
9.871423339843750000e+01 3.919250488281250000e+00 1.932983398437500000e-01
9.856182861328125000e+01 4.031494140625000000e+00 1.256103515625000000e-01
9.839892578125000000e+01 4.055725097656250000e+00 1.152954101562500000e-01
9.833264160156250000e+01 4.085266113281250000e+00 1.197509765625000000e-01
9.819036865234375000e+01 4.076354980468750000e+00 2.274169921875000000e-01
9.818225097656250000e+01 4.056518554687500000e+00 2.592163085937500000e-01
9.820404052734375000e+01 4.019531250000000000e+00 3.237304687500000000e-01
9.825543212890625000e+01 3.942382812500000000e+00 2.930908203125000000e-01
9.817187500000000000e+01 3.858825683593750000e+00 3.792114257812500000e-01
9.804473876953125000e+01 3.974914550781250000e+00 4.446411132812500000e-01
9.788458251953125000e+01 4.028930664062500000e+00 3.260498046875000000e-01
9.790228271484375000e+01 4.000976562500000000e+00 2.696533203125000000e-01
9.794482421875000000e+01 3.995788574218750000e+00 2.448730468750000000e-01
9.797088623046875000e+01 4.026733398437500000e+00 2.922363281250000000e-01
9.803735351562500000e+01 3.871398925781250000e+00 2.608032226562500000e-01
9.794122314453125000e+01 3.880249023437500000e+00 2.293090820312500000e-01
9.795770263671875000e+01 3.837829589843750000e+00 2.679443359375000000e-01
9.804553222656250000e+01 3.886840820312500000e+00 2.901611328125000000e-01
9.791864013671875000e+01 3.965332031250000000e+00 2.982788085937500000e-01
9.749359130859375000e+01 4.030639648437500000e+00 3.480834960937500000e-01
9.735070800781250000e+01 4.030334472656250000e+00 3.010253906250000000e-01
9.712487792968750000e+01 4.150390625000000000e+00 2.443237304687500000e-01
9.703442382812500000e+01 4.173767089843750000e+00 2.587280273437500000e-01
9.701165771484375000e+01 4.213195800781250000e+00 3.828125000000000000e-01
9.748388671875000000e+01 4.156005859375000000e+00 2.619628906250000000e-01
9.776318359375000000e+01 4.178649902343750000e+00 2.838134765625000000e-01
9.775512695312500000e+01 4.115417480468750000e+00 1.998291015625000000e-01
9.785461425781250000e+01 4.078735351562500000e+00 1.679687500000000000e-01
9.790295410156250000e+01 4.086120605468750000e+00 2.366333007812500000e-01
9.778582763671875000e+01 4.166137695312500000e+00 3.115234375000000000e-01
9.777575683593750000e+01 4.155395507812500000e+00 3.002929687500000000e-01
9.771496582031250000e+01 4.127624511718750000e+00 3.241577148437500000e-01
9.768054199218750000e+01 4.118103027343750000e+00 2.310180664062500000e-01
9.770385742187500000e+01 4.162292480468750000e+00 2.017211914062500000e-01
9.770507812500000000e+01 4.154663085937500000e+00 2.281494140625000000e-01
9.772863769531250000e+01 4.113891601562500000e+00 3.365478515625000000e-01
9.770971679687500000e+01 4.101806640625000000e+00 2.451171875000000000e-01
9.770892333984375000e+01 4.111083984375000000e+00 2.410888671875000000e-01
9.779858398437500000e+01 3.998779296875000000e+00 2.753295898437500000e-01
9.755950927734375000e+01 3.969970703125000000e+00 2.844848632812500000e-01
9.732836914062500000e+01 4.121887207031250000e+00 2.062988281250000000e-01
9.723303222656250000e+01 4.181518554687500000e+00 2.379150390625000000e-01
9.721697998046875000e+01 4.131958007812500000e+00 2.379150390625000000e-01
9.711499023437500000e+01 4.096252441406250000e+00 2.128295898437500000e-01
9.745397949218750000e+01 4.071838378906250000e+00 1.845703125000000000e-01
9.774975585937500000e+01 4.068237304687500000e+00 2.647094726562500000e-01
9.795349121093750000e+01 3.966491699218750000e+00 2.634277343750000000e-01
9.765246582031250000e+01 3.970458984375000000e+00 3.449707031250000000e-01
9.744464111328125000e+01 3.893127441406250000e+00 2.966918945312500000e-01
9.757598876953125000e+01 3.822875976562500000e+00 3.141479492187500000e-01
9.737500000000000000e+01 3.847595214843750000e+00 3.255615234375000000e-01
9.732537841796875000e+01 3.790161132812500000e+00 3.175659179687500000e-01
9.724969482421875000e+01 3.849914550781250000e+00 2.305297851562500000e-01
9.734387207031250000e+01 3.817565917968750000e+00 3.568115234375000000e-01
9.732794189453125000e+01 3.808227539062500000e+00 3.013305664062500000e-01
9.725231933593750000e+01 3.697631835937500000e+00 3.860473632812500000e-01
9.721905517578125000e+01 3.640502929687500000e+00 2.394409179687500000e-01
9.700421142578125000e+01 3.575256347656250000e+00 3.079833984375000000e-01
9.673956298828125000e+01 3.611938476562500000e+00 3.677368164062500000e-01
9.644500732421875000e+01 3.579223632812500000e+00 3.240966796875000000e-01
9.638903808593750000e+01 3.597412109375000000e+00 3.020019531250000000e-01
9.616802978515625000e+01 3.616088867187500000e+00 1.967773437500000000e-01
9.612249755859375000e+01 3.552856445312500000e+00 1.639404296875000000e-01
9.622668457031250000e+01 3.574340820312500000e+00 1.801757812500000000e-01
9.621270751953125000e+01 3.503234863281250000e+00 1.906738281250000000e-01
9.615728759765625000e+01 3.542968750000000000e+00 1.791992187500000000e-01
9.631982421875000000e+01 3.544433593750000000e+00 2.005615234375000000e-01
9.639880371093750000e+01 3.519592285156250000e+00 1.508178710937500000e-01
9.644018554687500000e+01 3.535461425781250000e+00 2.870483398437500000e-01
9.646447753906250000e+01 3.567626953125000000e+00 2.396240234375000000e-01
9.654089355468750000e+01 3.632568359375000000e+00 1.841430664062500000e-01
9.651287841796875000e+01 3.697509765625000000e+00 2.102050781250000000e-01
9.639678955078125000e+01 3.608947753906250000e+00 1.875610351562500000e-01
9.631994628906250000e+01 3.576416015625000000e+00 2.118530273437500000e-01
9.631420898437500000e+01 3.587951660156250000e+00 1.734619140625000000e-01
9.636145019531250000e+01 3.541870117187500000e+00 1.506347656250000000e-01
9.642767333984375000e+01 3.508300781250000000e+00 1.752929687500000000e-01
9.654522705078125000e+01 3.491760253906250000e+00 1.481933593750000000e-01
9.671875000000000000e+01 3.465881347656250000e+00 1.989135742187500000e-01
9.665142822265625000e+01 3.556518554687500000e+00 1.983032226562500000e-01
9.652703857421875000e+01 3.534423828125000000e+00 1.929321289062500000e-01
9.633306884765625000e+01 3.625183105468750000e+00 1.762084960937500000e-01
9.636767578125000000e+01 3.673339843750000000e+00 2.093505859375000000e-01
9.637805175781250000e+01 3.698181152343750000e+00 2.581787109375000000e-01
9.656823730468750000e+01 3.609130859375000000e+00 2.402954101562500000e-01
9.672723388671875000e+01 3.583496093750000000e+00 2.171630859375000000e-01
9.676373291015625000e+01 3.570373535156250000e+00 2.226562500000000000e-01
9.705017089843750000e+01 3.493957519531250000e+00 1.848754882812500000e-01
9.723907470703125000e+01 3.465515136718750000e+00 1.964721679687500000e-01
9.724212646484375000e+01 3.403869628906250000e+00 1.843872070312500000e-01
9.711950683593750000e+01 3.446777343750000000e+00 2.050170898437500000e-01
9.697332763671875000e+01 3.383728027343750000e+00 2.280883789062500000e-01
9.667309570312500000e+01 3.440490722656250000e+00 1.954345703125000000e-01
9.656427001953125000e+01 3.391723632812500000e+00 1.528930664062500000e-01
9.652557373046875000e+01 3.486389160156250000e+00 1.979370117187500000e-01
9.643457031250000000e+01 3.528869628906250000e+00 1.710205078125000000e-01
9.628344726562500000e+01 3.540710449218750000e+00 1.672363281250000000e-01
9.628216552734375000e+01 3.511047363281250000e+00 1.367797851562500000e-01
9.624206542968750000e+01 3.525939941406250000e+00 1.499633789062500000e-01
9.625848388671875000e+01 3.557861328125000000e+00 1.894531250000000000e-01
9.630224609375000000e+01 3.572448730468750000e+00 2.537841796875000000e-01
9.634436035156250000e+01 3.633666992187500000e+00 2.332153320312500000e-01
9.641156005859375000e+01 3.643615722656250000e+00 2.139892578125000000e-01
9.634234619140625000e+01 3.623229980468750000e+00 1.984252929687500000e-01
9.643627929687500000e+01 3.709533691406250000e+00 2.408447265625000000e-01
9.651141357421875000e+01 3.700012207031250000e+00 2.068481445312500000e-01
9.656555175781250000e+01 3.656738281250000000e+00 2.285766601562500000e-01
9.652911376953125000e+01 3.681884765625000000e+00 2.228393554687500000e-01
9.647326660156250000e+01 3.710083007812500000e+00 1.761474609375000000e-01
9.657550048828125000e+01 3.770324707031250000e+00 2.631225585937500000e-01
9.680767822265625000e+01 3.818786621093750000e+00 2.263793945312500000e-01
9.680145263671875000e+01 3.773010253906250000e+00 2.252197265625000000e-01
9.669409179687500000e+01 3.773193359375000000e+00 2.410278320312500000e-01
9.674560546875000000e+01 3.750244140625000000e+00 2.845458984375000000e-01
9.688177490234375000e+01 3.807434082031250000e+00 2.537231445312500000e-01
9.698394775390625000e+01 3.794799804687500000e+00 2.969360351562500000e-01
9.705895996093750000e+01 3.761352539062500000e+00 3.175659179687500000e-01
9.771728515625000000e+01 3.789367675781250000e+00 2.969360351562500000e-01
9.769555664062500000e+01 3.809509277343750000e+00 2.983398437500000000e-01
9.773498535156250000e+01 3.796020507812500000e+00 2.985229492187500000e-01
9.771337890625000000e+01 3.672851562500000000e+00 3.695068359375000000e-01
9.774609375000000000e+01 3.660705566406250000e+00 2.969970703125000000e-01
9.772149658203125000e+01 3.631225585937500000e+00 3.043212890625000000e-01
9.780804443359375000e+01 3.669067382812500000e+00 3.434448242187500000e-01
9.767211914062500000e+01 3.724121093750000000e+00 3.280639648437500000e-01
9.762768554687500000e+01 3.850341796875000000e+00 2.684326171875000000e-01
9.764727783203125000e+01 3.838073730468750000e+00 2.905883789062500000e-01
9.764691162109375000e+01 3.913452148437500000e+00 2.415771484375000000e-01
9.763092041015625000e+01 3.873535156250000000e+00 2.102661132812500000e-01
9.761291503906250000e+01 3.933959960937500000e+00 2.332153320312500000e-01
9.750958251953125000e+01 3.988769531250000000e+00 2.396850585937500000e-01
9.743927001953125000e+01 3.900268554687500000e+00 2.426147460937500000e-01
9.737567138671875000e+01 4.019775390625000000e+00 2.825927734375000000e-01
9.738500976562500000e+01 4.005798339843750000e+00 3.000488281250000000e-01
9.764715576171875000e+01 4.000671386718750000e+00 2.274780273437500000e-01
9.779467773437500000e+01 3.937194824218750000e+00 1.882934570312500000e-01
9.783935546875000000e+01 3.908325195312500000e+00 1.858520507812500000e-01
9.770336914062500000e+01 3.877990722656250000e+00 1.685180664062500000e-01
9.744696044921875000e+01 3.912719726562500000e+00 1.572875976562500000e-01
9.738952636718750000e+01 4.042358398437500000e+00 2.313232421875000000e-01
9.734014892578125000e+01 4.093444824218750000e+00 2.306518554687500000e-01
9.727929687500000000e+01 4.076538085937500000e+00 2.163696289062500000e-01
9.735021972656250000e+01 4.127624511718750000e+00 2.434692382812500000e-01
9.769470214843750000e+01 4.196960449218750000e+00 3.125610351562500000e-01
9.790222167968750000e+01 4.258850097656250000e+00 2.855834960937500000e-01
9.821020507812500000e+01 4.054870605468750000e+00 1.986694335937500000e-01
9.832812500000000000e+01 4.051147460937500000e+00 2.122192382812500000e-01
9.850811767578125000e+01 3.995422363281250000e+00 2.100219726562500000e-01
9.862145996093750000e+01 3.966552734375000000e+00 1.981201171875000000e-01
9.847131347656250000e+01 4.000244140625000000e+00 2.093505859375000000e-01
9.846307373046875000e+01 3.940673828125000000e+00 2.351074218750000000e-01
9.862811279296875000e+01 4.010498046875000000e+00 2.250976562500000000e-01
9.891070556640625000e+01 4.040039062500000000e+00 2.498168945312500000e-01
9.882556152343750000e+01 4.039184570312500000e+00 2.719726562500000000e-01
9.880584716796875000e+01 4.015563964843750000e+00 3.794555664062500000e-01
9.876049804687500000e+01 4.025939941406250000e+00 3.489379882812500000e-01
9.870819091796875000e+01 4.068054199218750000e+00 3.598022460937500000e-01
9.862780761718750000e+01 4.078430175781250000e+00 3.262329101562500000e-01
9.852105712890625000e+01 4.103027343750000000e+00 3.753662109375000000e-01
9.842504882812500000e+01 4.121704101562500000e+00 2.621459960937500000e-01
9.834759521484375000e+01 4.175598144531250000e+00 2.859497070312500000e-01
9.839813232421875000e+01 4.134460449218750000e+00 2.819213867187500000e-01
9.832019042968750000e+01 4.046752929687500000e+00 2.324218750000000000e-01
9.816882324218750000e+01 4.088195800781250000e+00 2.803344726562500000e-01
9.820751953125000000e+01 4.002258300781250000e+00 2.802734375000000000e-01
9.835211181640625000e+01 3.997619628906250000e+00 3.229980468750000000e-01
9.837005615234375000e+01 4.001220703125000000e+00 3.351440429687500000e-01
9.826892089843750000e+01 4.036254882812500000e+00 2.950439453125000000e-01
9.823962402343750000e+01 3.971008300781250000e+00 3.027343750000000000e-01
9.821356201171875000e+01 3.980590820312500000e+00 2.617187500000000000e-01
9.832666015625000000e+01 3.942626953125000000e+00 2.734375000000000000e-01
9.867675781250000000e+01 3.973632812500000000e+00 3.051757812500000000e-01
9.887768554687500000e+01 3.964904785156250000e+00 3.729248046875000000e-01
9.878179931640625000e+01 4.038085937500000000e+00 3.657226562500000000e-01
9.875878906250000000e+01 4.000915527343750000e+00 2.989501953125000000e-01
