1.323663330078125000e+02 1.395551757812500000e+02 1.120878295898437500e+02
1.332929687500000000e+02 1.405570068359375000e+02 1.129575805664062500e+02
1.333344726562500000e+02 1.406147460937500000e+02 1.130242919921875000e+02
1.337561645507812500e+02 1.411195678710937500e+02 1.134839477539062500e+02
1.337866210937500000e+02 1.411934204101562500e+02 1.135404052734375000e+02
1.332376098632812500e+02 1.416386718750000000e+02 1.134122314453125000e+02
1.329244384765625000e+02 1.421669921875000000e+02 1.133421020507812500e+02
1.329768676757812500e+02 1.425922851562500000e+02 1.131881103515625000e+02
1.326605834960937500e+02 1.425441284179687500e+02 1.129666748046875000e+02
1.322566528320312500e+02 1.428508911132812500e+02 1.131721191406250000e+02
1.320862426757812500e+02 1.427326660156250000e+02 1.132263793945312500e+02
1.322434692382812500e+02 1.430084838867187500e+02 1.134746704101562500e+02
1.320851440429687500e+02 1.429502563476562500e+02 1.133294067382812500e+02
1.324724121093750000e+02 1.431611328125000000e+02 1.135932617187500000e+02
1.324575195312500000e+02 1.430109863281250000e+02 1.134948120117187500e+02
1.326054687500000000e+02 1.431295166015625000e+02 1.137561645507812500e+02
1.327268066406250000e+02 1.433493041992187500e+02 1.137862548828125000e+02
1.329500122070312500e+02 1.432782592773437500e+02 1.140255737304687500e+02
1.326505737304687500e+02 1.431490478515625000e+02 1.135974121093750000e+02
1.324882202148437500e+02 1.432343139648437500e+02 1.132267456054687500e+02
1.323145751953125000e+02 1.431158447265625000e+02 1.130064086914062500e+02
1.324605712890625000e+02 1.431964111328125000e+02 1.130427246093750000e+02
1.324328002929687500e+02 1.430271606445312500e+02 1.128672485351562500e+02
1.322967529296875000e+02 1.429621582031250000e+02 1.129298706054687500e+02
1.322248535156250000e+02 1.427570800781250000e+02 1.128439331054687500e+02
1.323431396484375000e+02 1.430350952148437500e+02 1.131030883789062500e+02
1.321383666992187500e+02 1.429472656250000000e+02 1.129121093750000000e+02
1.322076416015625000e+02 1.428480224609375000e+02 1.129445190429687500e+02
1.321197509765625000e+02 1.428266601562500000e+02 1.125570678710937500e+02
1.323776855468750000e+02 1.429777221679687500e+02 1.127437744140625000e+02
1.322331542968750000e+02 1.427783813476562500e+02 1.125860595703125000e+02
1.325303955078125000e+02 1.430137329101562500e+02 1.126943359375000000e+02
1.327154541015625000e+02 1.431257324218750000e+02 1.128376464843750000e+02
1.327713012695312500e+02 1.431765136718750000e+02 1.129985351562500000e+02
1.325476074218750000e+02 1.430014038085937500e+02 1.127611694335937500e+02
1.323333740234375000e+02 1.429128417968750000e+02 1.125847778320312500e+02
1.323798828125000000e+02 1.428874511718750000e+02 1.125940551757812500e+02
1.321964721679687500e+02 1.427992553710937500e+02 1.123826904296875000e+02
1.320235595703125000e+02 1.426617431640625000e+02 1.123222045898437500e+02
1.319368896484375000e+02 1.427218017578125000e+02 1.124577026367187500e+02
1.319683227539062500e+02 1.426322631835937500e+02 1.125537719726562500e+02
1.322207031250000000e+02 1.426432495117187500e+02 1.126990356445312500e+02
1.321970825195312500e+02 1.425153198242187500e+02 1.125133056640625000e+02
1.320254516601562500e+02 1.425382690429687500e+02 1.124298095703125000e+02
1.320740966796875000e+02 1.426268920898437500e+02 1.125059204101562500e+02
1.319825439453125000e+02 1.426185913085937500e+02 1.124464111328125000e+02
1.318754882812500000e+02 1.424829101562500000e+02 1.122725830078125000e+02
1.320644531250000000e+02 1.425375976562500000e+02 1.124076538085937500e+02
1.323856811523437500e+02 1.426224975585937500e+02 1.125588989257812500e+02
1.329517211914062500e+02 1.427241210937500000e+02 1.124744262695312500e+02
1.331025390625000000e+02 1.426665649414062500e+02 1.125818481445312500e+02
1.331746826171875000e+02 1.426857299804687500e+02 1.126228637695312500e+02
1.332917480468750000e+02 1.427833862304687500e+02 1.127314453125000000e+02
1.332866821289062500e+02 1.427065429687500000e+02 1.128548583984375000e+02
1.331567993164062500e+02 1.427949218750000000e+02 1.128601074218750000e+02
1.330402221679687500e+02 1.426932983398437500e+02 1.126097412109375000e+02
1.328149414062500000e+02 1.425472412109375000e+02 1.125308837890625000e+02
1.328497924804687500e+02 1.425228881835937500e+02 1.126534423828125000e+02
1.333203125000000000e+02 1.425892944335937500e+02 1.129484252929687500e+02
1.337998657226562500e+02 1.426842041015625000e+02 1.132278442382812500e+02
1.337840576171875000e+02 1.421910400390625000e+02 1.133760986328125000e+02
1.338585815429687500e+02 1.422675170898437500e+02 1.134561157226562500e+02
1.338905029296875000e+02 1.423015747070312500e+02 1.134392700195312500e+02
1.334337158203125000e+02 1.423596801757812500e+02 1.127789916992187500e+02
1.329672851562500000e+02 1.424625854492187500e+02 1.125418090820312500e+02
1.327528686523437500e+02 1.426558227539062500e+02 1.123002929687500000e+02
1.325834350585937500e+02 1.428691406250000000e+02 1.121387939453125000e+02
1.323869018554687500e+02 1.428556518554687500e+02 1.122124023437500000e+02
1.325584106445312500e+02 1.430505981445312500e+02 1.122709350585937500e+02
1.325939941406250000e+02 1.430850219726562500e+02 1.122910766601562500e+02
1.327869873046875000e+02 1.429811401367187500e+02 1.125225830078125000e+02
1.326863403320312500e+02 1.428078613281250000e+02 1.125182495117187500e+02
1.326890258789062500e+02 1.426983642578125000e+02 1.124459228515625000e+02
1.327449951171875000e+02 1.425032348632812500e+02 1.122933349609375000e+02
1.329288330078125000e+02 1.424063720703125000e+02 1.122918701171875000e+02
1.329414672851562500e+02 1.424414062500000000e+02 1.123422241210937500e+02
1.332461547851562500e+02 1.423153686523437500e+02 1.123717651367187500e+02
1.332227172851562500e+02 1.422854614257812500e+02 1.122769775390625000e+02
1.328034667968750000e+02 1.421411132812500000e+02 1.118270263671875000e+02
1.324074096679687500e+02 1.422119750976562500e+02 1.112929687500000000e+02
1.321069946289062500e+02 1.422181396484375000e+02 1.108496704101562500e+02
1.320482177734375000e+02 1.424540405273437500e+02 1.109185180664062500e+02
1.321140747070312500e+02 1.425295410156250000e+02 1.109849243164062500e+02
1.321425781250000000e+02 1.424760131835937500e+02 1.110423583984375000e+02
1.323150024414062500e+02 1.425103759765625000e+02 1.112453002929687500e+02
1.323151855468750000e+02 1.422599487304687500e+02 1.112238769531250000e+02
1.324288330078125000e+02 1.424182128906250000e+02 1.115108032226562500e+02
1.323745117187500000e+02 1.423049926757812500e+02 1.114638061523437500e+02
1.325020141601562500e+02 1.423228759765625000e+02 1.118495483398437500e+02
1.326283569335937500e+02 1.421980590820312500e+02 1.118974609375000000e+02
1.330759277343750000e+02 1.423219604492187500e+02 1.121895141601562500e+02
1.329857788085937500e+02 1.422210693359375000e+02 1.120680541992187500e+02
1.330247802734375000e+02 1.420307617187500000e+02 1.120845336914062500e+02
1.328980102539062500e+02 1.419949951171875000e+02 1.118228149414062500e+02
1.329556274414062500e+02 1.421028442382812500e+02 1.116964111328125000e+02
1.329645996093750000e+02 1.421129150390625000e+02 1.115884399414062500e+02
1.330311889648437500e+02 1.422738037109375000e+02 1.115793457031250000e+02
1.329240112304687500e+02 1.421845703125000000e+02 1.114525756835937500e+02
1.333275146484375000e+02 1.423391113281250000e+02 1.118452758789062500e+02
1.333516235351562500e+02 1.422265014648437500e+02 1.118061523437500000e+02
1.334194946289062500e+02 1.421824951171875000e+02 1.118217163085937500e+02
1.333643798828125000e+02 1.421245117187500000e+02 1.117268676757812500e+02
1.333256835937500000e+02 1.421213378906250000e+02 1.115587768554687500e+02
1.333236083984375000e+02 1.421636962890625000e+02 1.120045776367187500e+02
1.334771728515625000e+02 1.423329467773437500e+02 1.124662475585937500e+02
1.333246459960937500e+02 1.421520385742187500e+02 1.126074218750000000e+02
1.333098144531250000e+02 1.422767944335937500e+02 1.128447265625000000e+02
1.330470581054687500e+02 1.421387939453125000e+02 1.127865600585937500e+02
1.331804199218750000e+02 1.423175659179687500e+02 1.128890380859375000e+02
1.329634399414062500e+02 1.422288208007812500e+02 1.128640747070312500e+02
1.329744873046875000e+02 1.423041992187500000e+02 1.128737792968750000e+02
1.328948364257812500e+02 1.422822875976562500e+02 1.128889160156250000e+02
1.331577758789062500e+02 1.425547485351562500e+02 1.131564331054687500e+02
1.331566162109375000e+02 1.425552368164062500e+02 1.129794921875000000e+02
1.332139892578125000e+02 1.428328857421875000e+02 1.129054565429687500e+02
1.329461669921875000e+02 1.428090209960937500e+02 1.128149414062500000e+02
1.329720458984375000e+02 1.428469848632812500e+02 1.128967895507812500e+02
1.329281616210937500e+02 1.427804565429687500e+02 1.126851196289062500e+02
1.337317504882812500e+02 1.432794799804687500e+02 1.125918579101562500e+02
1.341292724609375000e+02 1.433799438476562500e+02 1.124839477539062500e+02
1.345994262695312500e+02 1.435694580078125000e+02 1.123264160156250000e+02
1.345203857421875000e+02 1.433956909179687500e+02 1.121054687500000000e+02
1.343751220703125000e+02 1.433233032226562500e+02 1.119513549804687500e+02
1.345856933593750000e+02 1.434289550781250000e+02 1.123835449218750000e+02
1.349568481445312500e+02 1.435863647460937500e+02 1.129254150390625000e+02
1.347723999023437500e+02 1.433458251953125000e+02 1.129747924804687500e+02
1.347308349609375000e+02 1.432993774414062500e+02 1.129577026367187500e+02
1.346536254882812500e+02 1.431563110351562500e+02 1.129308471679687500e+02
1.349708862304687500e+02 1.433703613281250000e+02 1.133883666992187500e+02
1.349594116210937500e+02 1.432944946289062500e+02 1.135498046875000000e+02
1.349024047851562500e+02 1.431692504882812500e+02 1.135674438476562500e+02
1.347795410156250000e+02 1.429122314453125000e+02 1.135489501953125000e+02
1.350103759765625000e+02 1.431562500000000000e+02 1.137753295898437500e+02
1.346550292968750000e+02 1.431163330078125000e+02 1.134208374023437500e+02
1.346710205078125000e+02 1.433338623046875000e+02 1.134140625000000000e+02
1.344184570312500000e+02 1.433342285156250000e+02 1.132926025390625000e+02
1.344585571289062500e+02 1.436004638671875000e+02 1.134683227539062500e+02
1.343505859375000000e+02 1.435347900390625000e+02 1.133856201171875000e+02
1.342614135742187500e+02 1.438442993164062500e+02 1.129863891601562500e+02
1.339183959960937500e+02 1.438996582031250000e+02 1.124594726562500000e+02
1.338330078125000000e+02 1.440644531250000000e+02 1.122895507812500000e+02
1.337526855468750000e+02 1.440234375000000000e+02 1.121846923828125000e+02
1.338132324218750000e+02 1.440247802734375000e+02 1.122199707031250000e+02
1.337557983398437500e+02 1.440595092773437500e+02 1.127827758789062500e+02
1.337306518554687500e+02 1.439595947265625000e+02 1.129833374023437500e+02
1.335777587890625000e+02 1.437601318359375000e+02 1.131659545898437500e+02
1.337120361328125000e+02 1.438781127929687500e+02 1.136348876953125000e+02
1.338300781250000000e+02 1.438639526367187500e+02 1.137984619140625000e+02
1.338900756835937500e+02 1.437781982421875000e+02 1.136765747070312500e+02
1.336562500000000000e+02 1.436028442382812500e+02 1.133469238281250000e+02
1.336842041015625000e+02 1.436524047851562500e+02 1.132866210937500000e+02
1.335926513671875000e+02 1.435378417968750000e+02 1.133098754882812500e+02
1.337089843750000000e+02 1.438007202148437500e+02 1.134194946289062500e+02
1.336545410156250000e+02 1.435413818359375000e+02 1.134523925781250000e+02
1.338837280273437500e+02 1.436401977539062500e+02 1.137718505859375000e+02
1.341239013671875000e+02 1.437609863281250000e+02 1.139129028320312500e+02
1.341466674804687500e+02 1.437690429687500000e+02 1.139703979492187500e+02
1.340380249023437500e+02 1.436684570312500000e+02 1.139562377929687500e+02
1.343446655273437500e+02 1.436291503906250000e+02 1.136650390625000000e+02
1.344140014648437500e+02 1.438245849609375000e+02 1.134297485351562500e+02
1.344605102539062500e+02 1.437855834960937500e+02 1.133250122070312500e+02
1.344387817382812500e+02 1.437037963867187500e+02 1.129724731445312500e+02
1.344146118164062500e+02 1.437692871093750000e+02 1.127145385742187500e+02
1.343010864257812500e+02 1.435436401367187500e+02 1.131407470703125000e+02
1.344063110351562500e+02 1.436181030273437500e+02 1.136787109375000000e+02
1.345886840820312500e+02 1.436879272460937500e+02 1.140392456054687500e+02
1.346774902343750000e+02 1.438469238281250000e+02 1.141532592773437500e+02
1.347072143554687500e+02 1.438123168945312500e+02 1.141938476562500000e+02
1.345277709960937500e+02 1.436929931640625000e+02 1.140587768554687500e+02
1.342953491210937500e+02 1.437343750000000000e+02 1.139970092773437500e+02
1.341484985351562500e+02 1.438651123046875000e+02 1.139578247070312500e+02
1.342005004882812500e+02 1.440552978515625000e+02 1.139027099609375000e+02
1.343089599609375000e+02 1.440460815429687500e+02 1.138261108398437500e+02
1.344412231445312500e+02 1.441571655273437500e+02 1.134834594726562500e+02
1.348082885742187500e+02 1.444018554687500000e+02 1.134286499023437500e+02
1.346236572265625000e+02 1.441987915039062500e+02 1.131641235351562500e+02
1.345560913085937500e+02 1.440709838867187500e+02 1.130883789062500000e+02
1.346611938476562500e+02 1.440299072265625000e+02 1.130364379882812500e+02
1.344573364257812500e+02 1.439135742187500000e+02 1.132019042968750000e+02
1.343193359375000000e+02 1.438327026367187500e+02 1.136079711914062500e+02
1.340748291015625000e+02 1.438145141601562500e+02 1.137542114257812500e+02
1.341402587890625000e+02 1.438131103515625000e+02 1.139063110351562500e+02
1.340675659179687500e+02 1.437011108398437500e+02 1.137136840820312500e+02
1.336663208007812500e+02 1.432836914062500000e+02 1.130071411132812500e+02
1.336007690429687500e+02 1.430424194335937500e+02 1.125092773437500000e+02
1.337572631835937500e+02 1.431146240234375000e+02 1.125089111328125000e+02
1.339149780273437500e+02 1.431534423828125000e+02 1.124588623046875000e+02
1.340623168945312500e+02 1.433041381835937500e+02 1.124245605468750000e+02
1.340480957031250000e+02 1.432927856445312500e+02 1.124279174804687500e+02
1.340492553710937500e+02 1.433410034179687500e+02 1.125181274414062500e+02
1.340888671875000000e+02 1.437068481445312500e+02 1.127957763671875000e+02
1.342012939453125000e+02 1.438519897460937500e+02 1.130125732421875000e+02
1.341915283203125000e+02 1.438280029296875000e+02 1.129812011718750000e+02
1.344488525390625000e+02 1.438897705078125000e+02 1.127572631835937500e+02
1.345484008789062500e+02 1.439749145507812500e+02 1.125890502929687500e+02
1.348039550781250000e+02 1.441823730468750000e+02 1.127644042968750000e+02
1.347754516601562500e+02 1.441322631835937500e+02 1.125762329101562500e+02
1.347407226562500000e+02 1.440326538085937500e+02 1.125023803710937500e+02
1.347537841796875000e+02 1.438081665039062500e+02 1.127086181640625000e+02
1.349272460937500000e+02 1.438298339843750000e+02 1.131223144531250000e+02
1.346887207031250000e+02 1.438273925781250000e+02 1.133702392578125000e+02
1.345444946289062500e+02 1.436525268554687500e+02 1.133269042968750000e+02
1.345238647460937500e+02 1.436077270507812500e+02 1.133106689453125000e+02
1.349074096679687500e+02 1.436854858398437500e+02 1.134136352539062500e+02
1.348703613281250000e+02 1.434462280273437500e+02 1.131992797851562500e+02
1.349097290039062500e+02 1.433117675781250000e+02 1.132968139648437500e+02
1.348706054687500000e+02 1.431940917968750000e+02 1.131997070312500000e+02
1.350353393554687500e+02 1.432616577148437500e+02 1.133142700195312500e+02
1.346445312500000000e+02 1.432088623046875000e+02 1.132819213867187500e+02
1.342813110351562500e+02 1.430199584960937500e+02 1.133110351562500000e+02
1.339766235351562500e+02 1.428794555664062500e+02 1.131254882812500000e+02
1.337274780273437500e+02 1.428410034179687500e+02 1.132028808593750000e+02
1.336397094726562500e+02 1.430513916015625000e+02 1.133051757812500000e+02
1.337439575195312500e+02 1.431031494140625000e+02 1.127484741210937500e+02
1.337029418945312500e+02 1.430411987304687500e+02 1.122442626953125000e+02
1.338391723632812500e+02 1.431050415039062500e+02 1.119928588867187500e+02
1.340048828125000000e+02 1.432810058593750000e+02 1.118880004882812500e+02
1.340639038085937500e+02 1.434863281250000000e+02 1.119442749023437500e+02
1.341594848632812500e+02 1.434340209960937500e+02 1.120013427734375000e+02
1.341455078125000000e+02 1.431386108398437500e+02 1.119108276367187500e+02
1.343321533203125000e+02 1.429824829101562500e+02 1.121133422851562500e+02
1.344342651367187500e+02 1.430480346679687500e+02 1.121170043945312500e+02
1.344084472656250000e+02 1.429896850585937500e+02 1.121207885742187500e+02
1.340990600585937500e+02 1.431797485351562500e+02 1.120570678710937500e+02
1.337541503906250000e+02 1.430680541992187500e+02 1.116828002929687500e+02
1.339107055664062500e+02 1.432547607421875000e+02 1.118496704101562500e+02
1.338093261718750000e+02 1.430816040039062500e+02 1.116941528320312500e+02
1.338395996093750000e+02 1.430764160156250000e+02 1.117558593750000000e+02
1.338204345703125000e+02 1.430221557617187500e+02 1.115095214843750000e+02
1.341525268554687500e+02 1.431898193359375000e+02 1.116495971679687500e+02
1.340513305664062500e+02 1.431652221679687500e+02 1.115088500976562500e+02
1.339776611328125000e+02 1.430451660156250000e+02 1.112784423828125000e+02
1.338007202148437500e+02 1.428772583007812500e+02 1.110678710937500000e+02
1.341274414062500000e+02 1.430504150390625000e+02 1.114273681640625000e+02
1.342585449218750000e+02 1.431830444335937500e+02 1.115398559570312500e+02
1.343621215820312500e+02 1.432937011718750000e+02 1.116788330078125000e+02
1.343048095703125000e+02 1.432098388671875000e+02 1.116218261718750000e+02
1.345220336914062500e+02 1.433077392578125000e+02 1.117664794921875000e+02
1.345608520507812500e+02 1.432522583007812500e+02 1.119827270507812500e+02
1.345600585937500000e+02 1.431994018554687500e+02 1.122187500000000000e+02
1.347143554687500000e+02 1.431069946289062500e+02 1.125903320312500000e+02
1.348734741210937500e+02 1.433898925781250000e+02 1.128305664062500000e+02
1.349298706054687500e+02 1.433153686523437500e+02 1.129525756835937500e+02
1.346581420898437500e+02 1.433836059570312500e+02 1.127750244140625000e+02
1.345345458984375000e+02 1.435723876953125000e+02 1.130233154296875000e+02
1.342600708007812500e+02 1.436102905273437500e+02 1.128586425781250000e+02
1.341110229492187500e+02 1.437345581054687500e+02 1.128970336914062500e+02
1.339837646484375000e+02 1.438958129882812500e+02 1.129714965820312500e+02
1.340372924804687500e+02 1.438468627929687500e+02 1.128928833007812500e+02
1.342657470703125000e+02 1.438579711914062500e+02 1.128181152343750000e+02
1.342236328125000000e+02 1.437084350585937500e+02 1.126344604492187500e+02
1.343777465820312500e+02 1.438555297851562500e+02 1.126587524414062500e+02
1.343417358398437500e+02 1.437608032226562500e+02 1.126088256835937500e+02
1.343297119140625000e+02 1.438751831054687500e+02 1.128327636718750000e+02
1.342094116210937500e+02 1.438396606445312500e+02 1.127796630859375000e+02
1.341000366210937500e+02 1.438285522460937500e+02 1.126406250000000000e+02
1.340685424804687500e+02 1.437819213867187500e+02 1.125810546875000000e+02
1.342096557617187500e+02 1.438524780273437500e+02 1.126772460937500000e+02
1.343732910156250000e+02 1.439841308593750000e+02 1.126757202148437500e+02
1.344832153320312500e+02 1.441653442382812500e+02 1.129152832031250000e+02
1.343230590820312500e+02 1.439706420898437500e+02 1.127442016601562500e+02
1.343370361328125000e+02 1.438855590820312500e+02 1.126931762695312500e+02
1.342489624023437500e+02 1.439174194335937500e+02 1.126771240234375000e+02
1.346011352539062500e+02 1.439843750000000000e+02 1.133909912109375000e+02
1.347841796875000000e+02 1.439144897460937500e+02 1.135532226562500000e+02
1.349563598632812500e+02 1.438665771484375000e+02 1.141052246093750000e+02
1.348016967773437500e+02 1.435685424804687500e+02 1.140220947265625000e+02
1.348915405273437500e+02 1.436114501953125000e+02 1.141390991210937500e+02
1.344003906250000000e+02 1.435905761718750000e+02 1.132767333984375000e+02
1.340074462890625000e+02 1.438286132812500000e+02 1.128421020507812500e+02
1.337390747070312500e+02 1.437709350585937500e+02 1.124097900390625000e+02
1.336016235351562500e+02 1.438731689453125000e+02 1.123166503906250000e+02
1.333979492187500000e+02 1.437562255859375000e+02 1.120552978515625000e+02
1.335929565429687500e+02 1.439426269531250000e+02 1.123721923828125000e+02
1.337239990234375000e+02 1.438785400390625000e+02 1.125857543945312500e+02
1.339244384765625000e+02 1.439710083007812500e+02 1.128021850585937500e+02
1.338876953125000000e+02 1.437924804687500000e+02 1.127053222656250000e+02
1.341713256835937500e+02 1.439492187500000000e+02 1.129727783203125000e+02
1.342193603515625000e+02 1.438826293945312500e+02 1.129803466796875000e+02
1.346419067382812500e+02 1.441000366210937500e+02 1.132352294921875000e+02
1.347921142578125000e+02 1.440631713867187500e+02 1.132059936523437500e+02
1.348794555664062500e+02 1.439648437500000000e+02 1.131826782226562500e+02
1.347354125976562500e+02 1.438819580078125000e+02 1.130817260742187500e+02
1.346521606445312500e+02 1.438715209960937500e+02 1.133171386718750000e+02
1.344670410156250000e+02 1.437631835937500000e+02 1.135338134765625000e+02
1.342247314453125000e+02 1.438092041015625000e+02 1.137144165039062500e+02
1.342130126953125000e+02 1.438779296875000000e+02 1.139254150390625000e+02
1.343384399414062500e+02 1.439084472656250000e+02 1.141586914062500000e+02
1.343302001953125000e+02 1.439797363281250000e+02 1.134193725585937500e+02
1.344461669921875000e+02 1.438698730468750000e+02 1.130587768554687500e+02
1.343013305664062500e+02 1.436047973632812500e+02 1.124992065429687500e+02
1.345300903320312500e+02 1.436935424804687500e+02 1.125372924804687500e+02
1.345097045898437500e+02 1.436397705078125000e+02 1.123110961914062500e+02
1.343704833984375000e+02 1.435253295898437500e+02 1.124088745117187500e+02
1.341209106445312500e+02 1.433909912109375000e+02 1.124096069335937500e+02
1.342799682617187500e+02 1.436586914062500000e+02 1.126890258789062500e+02
1.342611694335937500e+02 1.436411743164062500e+02 1.129102783203125000e+02
1.341746826171875000e+02 1.435596923828125000e+02 1.128287963867187500e+02
1.342947998046875000e+02 1.434223022460937500e+02 1.128562622070312500e+02
1.347597045898437500e+02 1.435029296875000000e+02 1.130557250976562500e+02
1.351135253906250000e+02 1.430491943359375000e+02 1.135160522460937500e+02
1.352855834960937500e+02 1.431729125976562500e+02 1.136705932617187500e+02
1.352312622070312500e+02 1.430188598632812500e+02 1.135273437500000000e+02
1.349920654296875000e+02 1.430936889648437500e+02 1.132362670898437500e+02
1.347708740234375000e+02 1.431807861328125000e+02 1.128067016601562500e+02
1.346241455078125000e+02 1.434226074218750000e+02 1.127230834960937500e+02
1.345911254882812500e+02 1.435247192382812500e+02 1.127723999023437500e+02
1.344309692382812500e+02 1.435794677734375000e+02 1.127598266601562500e+02
1.347777099609375000e+02 1.436788330078125000e+02 1.129543457031250000e+02
1.349212036132812500e+02 1.437755126953125000e+02 1.130554809570312500e+02
1.349288330078125000e+02 1.437017211914062500e+02 1.130052490234375000e+02
1.349597778320312500e+02 1.436500854492187500e+02 1.130968627929687500e+02
1.350239868164062500e+02 1.437634277343750000e+02 1.131153564453125000e+02
1.352525024414062500e+02 1.440489501953125000e+02 1.131162109375000000e+02
1.350574951171875000e+02 1.438867187500000000e+02 1.128553466796875000e+02
1.350999145507812500e+02 1.440082397460937500e+02 1.129186401367187500e+02
1.349441528320312500e+02 1.439848632812500000e+02 1.128533325195312500e+02
1.349261474609375000e+02 1.440748901367187500e+02 1.128765869140625000e+02
1.348549194335937500e+02 1.439837646484375000e+02 1.131542968750000000e+02
1.348551025390625000e+02 1.438352050781250000e+02 1.136196289062500000e+02
1.349048461914062500e+02 1.437059326171875000e+02 1.138149414062500000e+02
1.352904052734375000e+02 1.439747314453125000e+02 1.144124145507812500e+02
1.352206420898437500e+02 1.439177246093750000e+02 1.144447021484375000e+02
1.350022583007812500e+02 1.438371582031250000e+02 1.141468505859375000e+02
1.347352905273437500e+02 1.438460083007812500e+02 1.136488647460937500e+02
1.348190917968750000e+02 1.439105224609375000e+02 1.136070556640625000e+02
1.345433959960937500e+02 1.439083862304687500e+02 1.133863525390625000e+02
1.344476318359375000e+02 1.439330444335937500e+02 1.133385620117187500e+02
1.343521728515625000e+02 1.436518554687500000e+02 1.130636596679687500e+02
1.344990234375000000e+02 1.436782226562500000e+02 1.126369628906250000e+02
1.345046386718750000e+02 1.436660766601562500e+02 1.124808349609375000e+02
1.347605590820312500e+02 1.439728393554687500e+02 1.126842041015625000e+02
1.348767089843750000e+02 1.441061401367187500e+02 1.127517700195312500e+02
1.348901977539062500e+02 1.440975952148437500e+02 1.130794067382812500e+02
1.347691040039062500e+02 1.439212036132812500e+02 1.131938476562500000e+02
1.347851562500000000e+02 1.439968261718750000e+02 1.133125000000000000e+02
1.347172241210937500e+02 1.437952880859375000e+02 1.133412475585937500e+02
1.348969726562500000e+02 1.439197387695312500e+02 1.135081787109375000e+02
1.348513793945312500e+02 1.437557983398437500e+02 1.131004028320312500e+02
1.349150390625000000e+02 1.437759399414062500e+02 1.129299316406250000e+02
1.349713745117187500e+02 1.437468872070312500e+02 1.125690917968750000e+02
1.350717773437500000e+02 1.437765502929687500e+02 1.125180664062500000e+02
1.351823730468750000e+02 1.438558349609375000e+02 1.125444335937500000e+02
1.354109497070312500e+02 1.440935668945312500e+02 1.127881469726562500e+02
1.352557373046875000e+02 1.440289916992187500e+02 1.127282714843750000e+02
1.351387939453125000e+02 1.440349121093750000e+02 1.127491455078125000e+02
1.353292236328125000e+02 1.442451171875000000e+02 1.130196533203125000e+02
1.354252319335937500e+02 1.444103393554687500e+02 1.131735839843750000e+02
1.357284545898437500e+02 1.445419311523437500e+02 1.135487670898437500e+02
1.359423828125000000e+02 1.448115844726562500e+02 1.140018310546875000e+02
1.358143920898437500e+02 1.445674438476562500e+02 1.141726074218750000e+02
1.356251831054687500e+02 1.444213867187500000e+02 1.141646728515625000e+02
1.356824951171875000e+02 1.445299072265625000e+02 1.141557617187500000e+02
1.359239501953125000e+02 1.445922851562500000e+02 1.143479614257812500e+02
1.358474121093750000e+02 1.445343017578125000e+02 1.143020629882812500e+02
1.358729248046875000e+02 1.444241333007812500e+02 1.145247802734375000e+02
1.358361816406250000e+02 1.442697143554687500e+02 1.145234985351562500e+02
1.359964599609375000e+02 1.443659667968750000e+02 1.146813354492187500e+02
1.351093750000000000e+02 1.443791503906250000e+02 1.141309814453125000e+02
1.344135742187500000e+02 1.445224609375000000e+02 1.135983276367187500e+02
1.334876708984375000e+02 1.445402832031250000e+02 1.132963867187500000e+02
1.334282226562500000e+02 1.445496215820312500e+02 1.132323608398437500e+02
1.334549560546875000e+02 1.444932250976562500e+02 1.132557373046875000e+02
1.336727905273437500e+02 1.443598632812500000e+02 1.135377807617187500e+02
1.344738159179687500e+02 1.441384887695312500e+02 1.139499511718750000e+02
1.346572265625000000e+02 1.440364379882812500e+02 1.142938232421875000e+02
1.348341674804687500e+02 1.440299072265625000e+02 1.144442749023437500e+02
1.348665771484375000e+02 1.440126342773437500e+02 1.144462280273437500e+02
1.351430053710937500e+02 1.441477661132812500e+02 1.146987915039062500e+02
1.353632812500000000e+02 1.441785278320312500e+02 1.148627319335937500e+02
1.354653320312500000e+02 1.441766967773437500e+02 1.147881469726562500e+02
1.354631958007812500e+02 1.441004028320312500e+02 1.146821899414062500e+02
1.354524536132812500e+02 1.440936279296875000e+02 1.146488037109375000e+02
1.353730468750000000e+02 1.442164306640625000e+02 1.141016845703125000e+02
1.353797607421875000e+02 1.443939819335937500e+02 1.137597045898437500e+02
1.353876342773437500e+02 1.443992309570312500e+02 1.134722900390625000e+02
1.355040893554687500e+02 1.445083007812500000e+02 1.134199829101562500e+02
1.354156494140625000e+02 1.444406127929687500e+02 1.133200683593750000e+02
1.354926757812500000e+02 1.446607666015625000e+02 1.136677246093750000e+02
1.354077148437500000e+02 1.446182861328125000e+02 1.139579467773437500e+02
1.353624877929687500e+02 1.445728149414062500e+02 1.140998535156250000e+02
1.354074707031250000e+02 1.445104980468750000e+02 1.142584838867187500e+02
1.353666381835937500e+02 1.445454101562500000e+02 1.143395385742187500e+02
1.352781372070312500e+02 1.446360473632812500e+02 1.145579223632812500e+02
1.353845825195312500e+02 1.450126953125000000e+02 1.146591796875000000e+02
1.355651855468750000e+02 1.452764892578125000e+02 1.147546386718750000e+02
1.355745849609375000e+02 1.452939453125000000e+02 1.148234863281250000e+02
1.353107299804687500e+02 1.451684570312500000e+02 1.145995483398437500e+02
1.353245849609375000e+02 1.452293701171875000e+02 1.143958740234375000e+02
1.352467651367187500e+02 1.451270751953125000e+02 1.142482910156250000e+02
1.353620605468750000e+02 1.451165161132812500e+02 1.140345458984375000e+02
1.352830810546875000e+02 1.451558227539062500e+02 1.139235229492187500e+02
1.352821655273437500e+02 1.451637573242187500e+02 1.138446655273437500e+02
1.354828491210937500e+02 1.451823730468750000e+02 1.145924072265625000e+02
1.356408691406250000e+02 1.452590942382812500e+02 1.152487792968750000e+02
1.356126098632812500e+02 1.451605834960937500e+02 1.153851318359375000e+02
1.354991455078125000e+02 1.450776977539062500e+02 1.153195800781250000e+02
1.354003295898437500e+02 1.450190429687500000e+02 1.154103393554687500e+02
1.355357666015625000e+02 1.450843505859375000e+02 1.151301879882812500e+02
1.356154785156250000e+02 1.448320922851562500e+02 1.148056640625000000e+02
1.351882934570312500e+02 1.444683227539062500e+02 1.143082275390625000e+02
1.346902465820312500e+02 1.440646362304687500e+02 1.136563110351562500e+02
1.347530517578125000e+02 1.439402465820312500e+02 1.135981445312500000e+02
1.347520751953125000e+02 1.440272216796875000e+02 1.131619262695312500e+02
1.349773559570312500e+02 1.443265380859375000e+02 1.131796264648437500e+02
1.348242797851562500e+02 1.443335571289062500e+02 1.130261840820312500e+02
1.346808471679687500e+02 1.442244873046875000e+02 1.128237915039062500e+02
1.345440673828125000e+02 1.440374755859375000e+02 1.127807617187500000e+02
1.343485717773437500e+02 1.440816650390625000e+02 1.129556884765625000e+02
1.343339843750000000e+02 1.439985351562500000e+02 1.132018432617187500e+02
1.340573730468750000e+02 1.441266479492187500e+02 1.133129882812500000e+02
1.336825561523437500e+02 1.441211547851562500e+02 1.133011474609375000e+02
1.334217529296875000e+02 1.441417236328125000e+02 1.132753295898437500e+02
1.335394287109375000e+02 1.441134033203125000e+02 1.133209838867187500e+02
1.336022338867187500e+02 1.441992187500000000e+02 1.133042602539062500e+02
1.336422729492187500e+02 1.442323608398437500e+02 1.133869628906250000e+02
1.338768920898437500e+02 1.444353637695312500e+02 1.135888061523437500e+02
1.338689575195312500e+02 1.444370727539062500e+02 1.135003051757812500e+02
1.348208618164062500e+02 1.442897338867187500e+02 1.138728027343750000e+02
1.351857910156250000e+02 1.442321777343750000e+02 1.139442138671875000e+02
1.355938110351562500e+02 1.441037597656250000e+02 1.142530517578125000e+02
1.356013793945312500e+02 1.441470947265625000e+02 1.141566162109375000e+02
1.357531738281250000e+02 1.442836303710937500e+02 1.143610839843750000e+02
1.354819335937500000e+02 1.442435913085937500e+02 1.140819702148437500e+02
1.349605712890625000e+02 1.443154907226562500e+02 1.136516113281250000e+02
1.345313720703125000e+02 1.443553466796875000e+02 1.133931274414062500e+02
1.346242065429687500e+02 1.446145019531250000e+02 1.136035766601562500e+02
1.343622436523437500e+02 1.445392456054687500e+02 1.134867553710937500e+02
1.348276367187500000e+02 1.444979248046875000e+02 1.136082763671875000e+02
1.351268920898437500e+02 1.445926513671875000e+02 1.138211669921875000e+02
1.352775268554687500e+02 1.446815795898437500e+02 1.140074462890625000e+02
1.352034912109375000e+02 1.445211791992187500e+02 1.138905639648437500e+02
1.354113769531250000e+02 1.444741821289062500e+02 1.141110839843750000e+02
1.353049316406250000e+02 1.445411376953125000e+02 1.135223999023437500e+02
1.352180786132812500e+02 1.446094360351562500e+02 1.129433593750000000e+02
1.352274780273437500e+02 1.446876831054687500e+02 1.125342407226562500e+02
1.350816040039062500e+02 1.447114257812500000e+02 1.123510131835937500e+02
1.351458129882812500e+02 1.446224365234375000e+02 1.121846313476562500e+02
1.351791992187500000e+02 1.446629028320312500e+02 1.132923583984375000e+02
1.343801269531250000e+02 1.446343383789062500e+02 1.136713867187500000e+02
1.341765136718750000e+02 1.445831909179687500e+02 1.141201171875000000e+02
1.341293334960937500e+02 1.445643920898437500e+02 1.144379272460937500e+02
1.340894165039062500e+02 1.444169921875000000e+02 1.144472656250000000e+02
1.341151733398437500e+02 1.444284057617187500e+02 1.145946044921875000e+02
1.341882324218750000e+02 1.446026000976562500e+02 1.147413330078125000e+02
1.340636596679687500e+02 1.444241943359375000e+02 1.146349487304687500e+02
1.339492187500000000e+02 1.442797851562500000e+02 1.144351196289062500e+02
1.340068969726562500e+02 1.442792968750000000e+02 1.144087524414062500e+02
1.340738525390625000e+02 1.444584960937500000e+02 1.143070068359375000e+02
1.341163330078125000e+02 1.443054809570312500e+02 1.140611572265625000e+02
1.345011596679687500e+02 1.443070678710937500e+02 1.141301269531250000e+02
1.342464599609375000e+02 1.442319946289062500e+02 1.139909667968750000e+02
1.342376708984375000e+02 1.443906860351562500e+02 1.141061401367187500e+02
1.339946289062500000e+02 1.442155761718750000e+02 1.137620239257812500e+02
1.338652343750000000e+02 1.443238525390625000e+02 1.134161376953125000e+02
1.336577148437500000e+02 1.441051635742187500e+02 1.131394653320312500e+02
1.340611572265625000e+02 1.443811035156250000e+02 1.133571166992187500e+02
1.340058593750000000e+02 1.444294433593750000e+02 1.133065795898437500e+02
1.341752929687500000e+02 1.441724853515625000e+02 1.135993041992187500e+02
1.341539306640625000e+02 1.438129882812500000e+02 1.134145507812500000e+02
1.340374755859375000e+02 1.436035156250000000e+02 1.132431640625000000e+02
1.341195068359375000e+02 1.435270385742187500e+02 1.131268310546875000e+02
1.344630737304687500e+02 1.435783691406250000e+02 1.133273315429687500e+02
1.341819458007812500e+02 1.435767211914062500e+02 1.137863159179687500e+02
1.340545043945312500e+02 1.435823364257812500e+02 1.139074707031250000e+02
1.337723999023437500e+02 1.435061035156250000e+02 1.138093261718750000e+02
1.337705688476562500e+02 1.436390991210937500e+02 1.140794067382812500e+02
1.335786132812500000e+02 1.435467529296875000e+02 1.140418090820312500e+02
1.337604370117187500e+02 1.434528198242187500e+02 1.134958496093750000e+02
1.338897094726562500e+02 1.436257934570312500e+02 1.135437011718750000e+02
1.341459350585937500e+02 1.438662109375000000e+02 1.134304809570312500e+02
1.342346801757812500e+02 1.438536987304687500e+02 1.132250976562500000e+02
1.341922607421875000e+02 1.438657836914062500e+02 1.129754638671875000e+02
1.341355590820312500e+02 1.437131958007812500e+02 1.127946777343750000e+02
1.343418579101562500e+02 1.439591064453125000e+02 1.127678833007812500e+02
1.343391723632812500e+02 1.438016967773437500e+02 1.127025756835937500e+02
1.343619995117187500e+02 1.438583984375000000e+02 1.125451660156250000e+02
1.342396850585937500e+02 1.437937622070312500e+02 1.125065917968750000e+02
1.346492309570312500e+02 1.440178833007812500e+02 1.128544921875000000e+02
1.345739135742187500e+02 1.438388061523437500e+02 1.127686157226562500e+02
1.348636474609375000e+02 1.438269653320312500e+02 1.131775512695312500e+02
1.348336791992187500e+02 1.437927246093750000e+02 1.130928955078125000e+02
1.350800781250000000e+02 1.439772338867187500e+02 1.131690063476562500e+02
1.349564819335937500e+02 1.439330444335937500e+02 1.131573486328125000e+02
1.350008544921875000e+02 1.439468383789062500e+02 1.132895507812500000e+02
1.351846923828125000e+02 1.439585571289062500e+02 1.134821166992187500e+02
1.353696289062500000e+02 1.441755371093750000e+02 1.136195068359375000e+02
1.352210693359375000e+02 1.440327758789062500e+02 1.135364990234375000e+02
1.352619018554687500e+02 1.441275634765625000e+02 1.135252685546875000e+02
1.351203002929687500e+02 1.441313476562500000e+02 1.133132934570312500e+02
1.350817871093750000e+02 1.441551513671875000e+02 1.133414916992187500e+02
1.349340209960937500e+02 1.440520019531250000e+02 1.131209716796875000e+02
1.349661254882812500e+02 1.440026855468750000e+02 1.131474609375000000e+02
1.347984008789062500e+02 1.437466430664062500e+02 1.132671508789062500e+02
1.350977783203125000e+02 1.439002685546875000e+02 1.140218505859375000e+02
1.351427001953125000e+02 1.437013549804687500e+02 1.141697387695312500e+02
1.354088134765625000e+02 1.438599243164062500e+02 1.143519897460937500e+02
1.353862915039062500e+02 1.437690429687500000e+02 1.143265991210937500e+02
1.348450927734375000e+02 1.438271484375000000e+02 1.141817016601562500e+02
1.343164062500000000e+02 1.437565307617187500e+02 1.140124511718750000e+02
1.342081298828125000e+02 1.440246582031250000e+02 1.141491699218750000e+02
1.339005126953125000e+02 1.439503784179687500e+02 1.140356445312500000e+02
1.336451416015625000e+02 1.440134277343750000e+02 1.139819335937500000e+02
1.335573730468750000e+02 1.438752441406250000e+02 1.135827026367187500e+02
1.337163696289062500e+02 1.439487304687500000e+02 1.136970825195312500e+02
1.335385131835937500e+02 1.440905151367187500e+02 1.135980834960937500e+02
1.336184082031250000e+02 1.441044311523437500e+02 1.136271972656250000e+02
1.334468994140625000e+02 1.439942626953125000e+02 1.135615844726562500e+02
1.338354492187500000e+02 1.441768188476562500e+02 1.132458496093750000e+02
1.340534057617187500e+02 1.440105590820312500e+02 1.130101318359375000e+02
1.343198242187500000e+02 1.440619506835937500e+02 1.129659423828125000e+02
1.341867675781250000e+02 1.439548339843750000e+02 1.126027832031250000e+02
1.342654418945312500e+02 1.439194946289062500e+02 1.125042114257812500e+02
1.342985229492187500e+02 1.438623657226562500e+02 1.126754150390625000e+02
1.344913330078125000e+02 1.439360351562500000e+02 1.129981689453125000e+02
1.341940307617187500e+02 1.438281860351562500e+02 1.128896484375000000e+02
1.342709960937500000e+02 1.439132080078125000e+02 1.129558715820312500e+02
1.342260742187500000e+02 1.437244262695312500e+02 1.128823852539062500e+02
1.346477050781250000e+02 1.439742431640625000e+02 1.131673583984375000e+02
1.346456298828125000e+02 1.439547119140625000e+02 1.130074462890625000e+02
1.348692016601562500e+02 1.441774291992187500e+02 1.131944580078125000e+02
1.347957763671875000e+02 1.440386352539062500e+02 1.131293334960937500e+02
1.349745483398437500e+02 1.442017822265625000e+02 1.133057250976562500e+02
1.346385498046875000e+02 1.441478881835937500e+02 1.132429809570312500e+02
1.343099975585937500e+02 1.443394165039062500e+02 1.133792114257812500e+02
1.339458007812500000e+02 1.442557373046875000e+02 1.131870117187500000e+02
1.338441162109375000e+02 1.443159179687500000e+02 1.132056884765625000e+02
1.337398071289062500e+02 1.441390380859375000e+02 1.130650634765625000e+02
1.342163085937500000e+02 1.441826782226562500e+02 1.135112304687500000e+02
1.344739990234375000e+02 1.437705688476562500e+02 1.137286376953125000e+02
1.348840942382812500e+02 1.439255981445312500e+02 1.141203002929687500e+02
1.348395996093750000e+02 1.436184692382812500e+02 1.140438232421875000e+02
1.351092529296875000e+02 1.437935180664062500e+02 1.142390747070312500e+02
1.348380126953125000e+02 1.436135864257812500e+02 1.141895141601562500e+02
1.345214233398437500e+02 1.435663452148437500e+02 1.140619506835937500e+02
1.341913452148437500e+02 1.435746459960937500e+02 1.141183471679687500e+02
1.342965087890625000e+02 1.437638549804687500e+02 1.142886352539062500e+02
1.343195190429687500e+02 1.437086791992187500e+02 1.142830200195312500e+02
1.347644653320312500e+02 1.437858276367187500e+02 1.145295410156250000e+02
1.347606811523437500e+02 1.437245483398437500e+02 1.144851074218750000e+02
1.348701171875000000e+02 1.437325439453125000e+02 1.146358642578125000e+02
1.348985595703125000e+02 1.436315307617187500e+02 1.146155395507812500e+02
1.351429443359375000e+02 1.438085937500000000e+02 1.147588500976562500e+02
1.349100952148437500e+02 1.438657226562500000e+02 1.139116210937500000e+02
1.349759521484375000e+02 1.438617553710937500e+02 1.137021484375000000e+02
1.347840576171875000e+02 1.437463378906250000e+02 1.132313842773437500e+02
1.347117919921875000e+02 1.437933349609375000e+02 1.131104125976562500e+02
1.346655273437500000e+02 1.437493896484375000e+02 1.130325317382812500e+02
1.348042602539062500e+02 1.440209350585937500e+02 1.134097900390625000e+02
1.345881347656250000e+02 1.438942871093750000e+02 1.134506225585937500e+02
1.343665771484375000e+02 1.438264770507812500e+02 1.134852294921875000e+02
1.341365356445312500e+02 1.437463989257812500e+02 1.134373779296875000e+02
1.343187255859375000e+02 1.438651733398437500e+02 1.135014648437500000e+02
1.342795410156250000e+02 1.438485107421875000e+02 1.136093139648437500e+02
1.342748413085937500e+02 1.441702270507812500e+02 1.136680297851562500e+02
1.341920776367187500e+02 1.440438232421875000e+02 1.136359863281250000e+02
1.342210083007812500e+02 1.440784301757812500e+02 1.136506958007812500e+02
1.341265869140625000e+02 1.439120483398437500e+02 1.136021118164062500e+02
1.347552490234375000e+02 1.442178955078125000e+02 1.136428222656250000e+02
1.349027709960937500e+02 1.441065673828125000e+02 1.132875366210937500e+02
1.349196166992187500e+02 1.441176757812500000e+02 1.130465087890625000e+02
1.349979858398437500e+02 1.439600219726562500e+02 1.130029296875000000e+02
1.350687866210937500e+02 1.439249267578125000e+02 1.130036010742187500e+02
1.350863037109375000e+02 1.439539794921875000e+02 1.130882568359375000e+02
1.351335449218750000e+02 1.439549560546875000e+02 1.132313842773437500e+02
1.351045532226562500e+02 1.440312500000000000e+02 1.133808593750000000e+02
1.351456298828125000e+02 1.440662841796875000e+02 1.132736816406250000e+02
1.350847167968750000e+02 1.439199829101562500e+02 1.132780761718750000e+02
1.350138549804687500e+02 1.439204101562500000e+02 1.130093383789062500e+02
1.350610961914062500e+02 1.439785156250000000e+02 1.130281982421875000e+02
1.349931640625000000e+02 1.439250488281250000e+02 1.128107299804687500e+02
1.349940795898437500e+02 1.439555053710937500e+02 1.127859497070312500e+02
1.351704101562500000e+02 1.440745849609375000e+02 1.127588500976562500e+02
1.351962280273437500e+02 1.440523071289062500e+02 1.136095581054687500e+02
1.352202148437500000e+02 1.439979858398437500e+02 1.140292358398437500e+02
1.352015991210937500e+02 1.440305786132812500e+02 1.143557128906250000e+02
1.349572753906250000e+02 1.439826660156250000e+02 1.143005981445312500e+02
1.348421020507812500e+02 1.438895263671875000e+02 1.143296508789062500e+02
1.348707275390625000e+02 1.439110717773437500e+02 1.140665283203125000e+02
1.347353515625000000e+02 1.437235107421875000e+02 1.136090087890625000e+02
1.348402709960937500e+02 1.438361816406250000e+02 1.135455932617187500e+02
1.347894897460937500e+02 1.438228759765625000e+02 1.134102783203125000e+02
1.348460083007812500e+02 1.439490966796875000e+02 1.132089233398437500e+02
1.349528808593750000e+02 1.440026855468750000e+02 1.133128662109375000e+02
1.351154174804687500e+02 1.440837402343750000e+02 1.136846313476562500e+02
1.348291015625000000e+02 1.437406616210937500e+02 1.136036987304687500e+02
1.349182128906250000e+02 1.436803588867187500e+02 1.137811279296875000e+02
1.346692504882812500e+02 1.434627075195312500e+02 1.137077636718750000e+02
1.343737792968750000e+02 1.436162109375000000e+02 1.134026489257812500e+02
1.341390991210937500e+02 1.434669799804687500e+02 1.132640991210937500e+02
1.342188110351562500e+02 1.437774658203125000e+02 1.134193725585937500e+02
1.341987304687500000e+02 1.438356323242187500e+02 1.134881591796875000e+02
1.341616210937500000e+02 1.440385131835937500e+02 1.136311035156250000e+02
1.344549560546875000e+02 1.437337646484375000e+02 1.133972778320312500e+02
1.345210571289062500e+02 1.436779785156250000e+02 1.130537719726562500e+02
1.346840820312500000e+02 1.435262451171875000e+02 1.129240722656250000e+02
1.346994628906250000e+02 1.436031494140625000e+02 1.129789428710937500e+02
1.347245483398437500e+02 1.435372924804687500e+02 1.129071044921875000e+02
1.347769775390625000e+02 1.436195068359375000e+02 1.128520507812500000e+02
1.346387329101562500e+02 1.435997314453125000e+02 1.126550903320312500e+02
1.345101928710937500e+02 1.438019409179687500e+02 1.128936767578125000e+02
1.343984375000000000e+02 1.437507934570312500e+02 1.126680908203125000e+02
1.344271850585937500e+02 1.437434082031250000e+02 1.127503662109375000e+02
1.344075317382812500e+02 1.437276611328125000e+02 1.125590820312500000e+02
1.343325805664062500e+02 1.436293945312500000e+02 1.123898315429687500e+02
1.342793579101562500e+02 1.435562133789062500e+02 1.123585815429687500e+02
1.344145507812500000e+02 1.436854858398437500e+02 1.123865966796875000e+02
1.343146362304687500e+02 1.435690307617187500e+02 1.122609863281250000e+02
1.345477294921875000e+02 1.436285400390625000e+02 1.129057006835937500e+02
1.347727661132812500e+02 1.435787963867187500e+02 1.135628662109375000e+02
1.347541503906250000e+02 1.436019287109375000e+02 1.138717651367187500e+02
1.346769409179687500e+02 1.434546508789062500e+02 1.138489379882812500e+02
1.347360839843750000e+02 1.436361083984375000e+02 1.138750000000000000e+02
1.348571777343750000e+02 1.436243286132812500e+02 1.138125000000000000e+02
1.347457885742187500e+02 1.436337890625000000e+02 1.135823364257812500e+02
1.347019653320312500e+02 1.435746459960937500e+02 1.134681396484375000e+02
1.346389770507812500e+02 1.436140747070312500e+02 1.131090698242187500e+02
1.345700073242187500e+02 1.435360717773437500e+02 1.130887451171875000e+02
1.346745605468750000e+02 1.435524902343750000e+02 1.135364379882812500e+02
1.344620971679687500e+02 1.436801757812500000e+02 1.139283447265625000e+02
1.342814941406250000e+02 1.437071533203125000e+02 1.141234130859375000e+02
1.339327392578125000e+02 1.435681152343750000e+02 1.140687255859375000e+02
1.337977905273437500e+02 1.435798950195312500e+02 1.143021240234375000e+02
1.344910278320312500e+02 1.434022216796875000e+02 1.139085083007812500e+02
1.348052978515625000e+02 1.435764770507812500e+02 1.136666259765625000e+02
1.348106079101562500e+02 1.435856323242187500e+02 1.134198608398437500e+02
1.349526367187500000e+02 1.437302856445312500e+02 1.131229858398437500e+02
1.348504028320312500e+02 1.435155639648437500e+02 1.127696533203125000e+02
1.347545166015625000e+02 1.433682250976562500e+02 1.130937500000000000e+02
1.346599121093750000e+02 1.432504272460937500e+02 1.131312866210937500e+02
1.346788330078125000e+02 1.433241577148437500e+02 1.131351928710937500e+02
1.346701660156250000e+02 1.434236450195312500e+02 1.130743408203125000e+02
1.345389404296875000e+02 1.432340698242187500e+02 1.129659423828125000e+02
1.343966064453125000e+02 1.431986694335937500e+02 1.124028930664062500e+02
1.345434570312500000e+02 1.433141479492187500e+02 1.120899658203125000e+02
1.345647583007812500e+02 1.434168701171875000e+02 1.120123901367187500e+02
1.345428466796875000e+02 1.434270629882812500e+02 1.119523315429687500e+02
1.343477172851562500e+02 1.432620849609375000e+02 1.116578979492187500e+02
1.343041381835937500e+02 1.432014770507812500e+02 1.116169433593750000e+02
1.343959350585937500e+02 1.432545166015625000e+02 1.117434082031250000e+02
1.342938232421875000e+02 1.431126708984375000e+02 1.117731323242187500e+02
1.344468994140625000e+02 1.431741333007812500e+02 1.119994506835937500e+02
1.345258789062500000e+02 1.432404785156250000e+02 1.121203613281250000e+02
1.344559936523437500e+02 1.430939331054687500e+02 1.126140136718750000e+02
1.341351928710937500e+02 1.431776733398437500e+02 1.129627685546875000e+02
1.340406494140625000e+02 1.431290283203125000e+02 1.134542846679687500e+02
1.341718750000000000e+02 1.432274169921875000e+02 1.136253051757812500e+02
1.341551513671875000e+02 1.431946411132812500e+02 1.136798706054687500e+02
1.339741210937500000e+02 1.432139892578125000e+02 1.135277099609375000e+02
1.337600097656250000e+02 1.431364746093750000e+02 1.130662231445312500e+02
1.337940673828125000e+02 1.431451416015625000e+02 1.128979492187500000e+02
1.335584106445312500e+02 1.430074462890625000e+02 1.128494262695312500e+02
1.336304931640625000e+02 1.430955200195312500e+02 1.128895874023437500e+02
1.335848999023437500e+02 1.431034545898437500e+02 1.130091552734375000e+02
1.333953857421875000e+02 1.432351684570312500e+02 1.130676879882812500e+02
1.332333374023437500e+02 1.433099365234375000e+02 1.131417846679687500e+02
1.331441650390625000e+02 1.433287353515625000e+02 1.132183227539062500e+02
1.332742309570312500e+02 1.433668212890625000e+02 1.133598022460937500e+02
1.336483154296875000e+02 1.434552001953125000e+02 1.133609619140625000e+02
1.337011108398437500e+02 1.434629516601562500e+02 1.129973144531250000e+02
1.338588256835937500e+02 1.435476074218750000e+02 1.128386230468750000e+02
1.338829956054687500e+02 1.436680297851562500e+02 1.129941406250000000e+02
1.338218383789062500e+02 1.436674804687500000e+02 1.129011840820312500e+02
1.342319335937500000e+02 1.436570434570312500e+02 1.129820556640625000e+02
1.345230102539062500e+02 1.437388916015625000e+02 1.131698608398437500e+02
1.344433593750000000e+02 1.435623168945312500e+02 1.130929565429687500e+02
1.345609130859375000e+02 1.434050903320312500e+02 1.131843261718750000e+02
1.344183959960937500e+02 1.434672241210937500e+02 1.130440673828125000e+02
1.343648071289062500e+02 1.434344482421875000e+02 1.130236816406250000e+02
1.339982299804687500e+02 1.434952392578125000e+02 1.129053955078125000e+02
1.338710327148437500e+02 1.434718627929687500e+02 1.127440185546875000e+02
1.338487548828125000e+02 1.435133056640625000e+02 1.128795166015625000e+02
1.336117553710937500e+02 1.436621704101562500e+02 1.128831787109375000e+02
1.339163818359375000e+02 1.434544677734375000e+02 1.125035400390625000e+02
1.340105590820312500e+02 1.432439575195312500e+02 1.122451782226562500e+02
1.340273437500000000e+02 1.432492675781250000e+02 1.121250610351562500e+02
1.343842773437500000e+02 1.433360595703125000e+02 1.122948608398437500e+02
1.343228149414062500e+02 1.432809448242187500e+02 1.121338500976562500e+02
1.341011962890625000e+02 1.431473999023437500e+02 1.122040405273437500e+02
1.340156250000000000e+02 1.432098388671875000e+02 1.127279052734375000e+02
1.339886474609375000e+02 1.433339233398437500e+02 1.129296264648437500e+02
1.340207519531250000e+02 1.432872924804687500e+02 1.129859619140625000e+02
1.338760375976562500e+02 1.431654052734375000e+02 1.129272460937500000e+02
1.335622558593750000e+02 1.429241943359375000e+02 1.130742797851562500e+02
1.331959838867187500e+02 1.430593872070312500e+02 1.133664550781250000e+02
1.331729125976562500e+02 1.432095336914062500e+02 1.136196899414062500e+02
1.329804077148437500e+02 1.431677856445312500e+02 1.137270507812500000e+02
1.330823974609375000e+02 1.432603759765625000e+02 1.137272338867187500e+02
1.330684204101562500e+02 1.433558959960937500e+02 1.133029785156250000e+02
1.330002441406250000e+02 1.433479003906250000e+02 1.131349487304687500e+02
1.331082763671875000e+02 1.432982788085937500e+02 1.130817871093750000e+02
1.330429077148437500e+02 1.434171142578125000e+02 1.129764404296875000e+02
1.332608032226562500e+02 1.435101928710937500e+02 1.131103515625000000e+02
1.335229492187500000e+02 1.434978637695312500e+02 1.122553710937500000e+02
1.339062500000000000e+02 1.435160522460937500e+02 1.118225097656250000e+02
1.340846557617187500e+02 1.437015380859375000e+02 1.117018432617187500e+02
1.341400146484375000e+02 1.436108398437500000e+02 1.114016113281250000e+02
1.342420654296875000e+02 1.436743164062500000e+02 1.113839721679687500e+02
1.338280029296875000e+02 1.436459350585937500e+02 1.114828491210937500e+02
1.333845214843750000e+02 1.437420654296875000e+02 1.119343261718750000e+02
1.331508789062500000e+02 1.438307495117187500e+02 1.120274047851562500e+02
1.329635009765625000e+02 1.438018188476562500e+02 1.120853271484375000e+02
1.328400878906250000e+02 1.437712402343750000e+02 1.121856079101562500e+02
1.335414428710937500e+02 1.435931396484375000e+02 1.125366821289062500e+02
1.341913452148437500e+02 1.434174804687500000e+02 1.125993652343750000e+02
1.344425048828125000e+02 1.435814819335937500e+02 1.128282470703125000e+02
1.344277954101562500e+02 1.434731445312500000e+02 1.128600463867187500e+02
1.345805664062500000e+02 1.434079589843750000e+02 1.129297485351562500e+02
1.343457031250000000e+02 1.433632812500000000e+02 1.125007324218750000e+02
1.340858764648437500e+02 1.433342285156250000e+02 1.120667114257812500e+02
1.340014648437500000e+02 1.434067382812500000e+02 1.119407958984375000e+02
1.339971313476562500e+02 1.434251098632812500e+02 1.119236450195312500e+02
1.338169555664062500e+02 1.434508666992187500e+02 1.118987426757812500e+02
1.340576782226562500e+02 1.434617309570312500e+02 1.123861083984375000e+02
1.343123168945312500e+02 1.434299926757812500e+02 1.128147583007812500e+02
1.343421020507812500e+02 1.433957519531250000e+02 1.130540771484375000e+02
1.343033447265625000e+02 1.432502441406250000e+02 1.130372314453125000e+02
1.343720703125000000e+02 1.431168212890625000e+02 1.132374267578125000e+02
1.341104125976562500e+02 1.429632568359375000e+02 1.131266479492187500e+02
1.341820068359375000e+02 1.431989746093750000e+02 1.135077514648437500e+02
1.340472412109375000e+02 1.430522460937500000e+02 1.136010131835937500e+02
1.341379394531250000e+02 1.430874023437500000e+02 1.134992065429687500e+02
1.340733032226562500e+02 1.430757446289062500e+02 1.134605712890625000e+02
1.338796997070312500e+02 1.429915161132812500e+02 1.128443603515625000e+02
1.338104248046875000e+02 1.431262817382812500e+02 1.124038085937500000e+02
1.339451904296875000e+02 1.431201171875000000e+02 1.121647949218750000e+02
1.338363647460937500e+02 1.430285034179687500e+02 1.121014404296875000e+02
1.338897094726562500e+02 1.430134887695312500e+02 1.120624389648437500e+02
1.335022583007812500e+02 1.428996582031250000e+02 1.122658081054687500e+02
1.332678833007812500e+02 1.430414428710937500e+02 1.127181396484375000e+02
1.329132080078125000e+02 1.431629028320312500e+02 1.129438476562500000e+02
1.327569580078125000e+02 1.431921386718750000e+02 1.135258178710937500e+02
1.326629638671875000e+02 1.430747680664062500e+02 1.134396972656250000e+02
1.328372802734375000e+02 1.429142456054687500e+02 1.128843994140625000e+02
1.333948364257812500e+02 1.429192504882812500e+02 1.127530517578125000e+02
1.334377441406250000e+02 1.428996582031250000e+02 1.125092773437500000e+02
1.333668212890625000e+02 1.427255859375000000e+02 1.122722778320312500e+02
1.334458007812500000e+02 1.428128662109375000e+02 1.120407714843750000e+02
1.334618530273437500e+02 1.427299804687500000e+02 1.121126098632812500e+02
1.337041015625000000e+02 1.427410888671875000e+02 1.123059692382812500e+02
1.336563110351562500e+02 1.426380004882812500e+02 1.123995971679687500e+02
1.337528076171875000e+02 1.426757812500000000e+02 1.123724975585937500e+02
1.336582641601562500e+02 1.425979003906250000e+02 1.123986206054687500e+02
1.337080688476562500e+02 1.426333007812500000e+02 1.123348999023437500e+02
1.337492065429687500e+02 1.427271118164062500e+02 1.123464965820312500e+02
1.337451782226562500e+02 1.427352905273437500e+02 1.121968383789062500e+02
1.339060668945312500e+02 1.429041748046875000e+02 1.123025512695312500e+02
1.339350585937500000e+02 1.429194335937500000e+02 1.123169555664062500e+02
1.339098510742187500e+02 1.428286743164062500e+02 1.124727172851562500e+02
1.340073852539062500e+02 1.429600830078125000e+02 1.125814819335937500e+02
1.340011596679687500e+02 1.429782714843750000e+02 1.126015014648437500e+02
1.341246337890625000e+02 1.430056762695312500e+02 1.127360839843750000e+02
1.340394897460937500e+02 1.429874877929687500e+02 1.126978759765625000e+02
1.343821411132812500e+02 1.433340454101562500e+02 1.125961303710937500e+02
1.341662597656250000e+02 1.431301879882812500e+02 1.120307617187500000e+02
1.343557739257812500e+02 1.431759643554687500e+02 1.117626342773437500e+02
1.343267211914062500e+02 1.431293945312500000e+02 1.117145996093750000e+02
1.343228149414062500e+02 1.431628417968750000e+02 1.114940185546875000e+02
1.344484252929687500e+02 1.432870483398437500e+02 1.120046386718750000e+02
1.342584228515625000e+02 1.432133789062500000e+02 1.121186523437500000e+02
1.341825561523437500e+02 1.431226196289062500e+02 1.120510864257812500e+02
1.342566528320312500e+02 1.431154785156250000e+02 1.123937988281250000e+02
1.341801147460937500e+02 1.431299438476562500e+02 1.125516967773437500e+02
1.345361938476562500e+02 1.433088989257812500e+02 1.125669555664062500e+02
1.347626342773437500e+02 1.433314819335937500e+02 1.126688232421875000e+02
1.349336547851562500e+02 1.434798583984375000e+02 1.129202880859375000e+02
1.350490722656250000e+02 1.433246459960937500e+02 1.128926391601562500e+02
1.350769653320312500e+02 1.432105102539062500e+02 1.126941528320312500e+02
1.348781127929687500e+02 1.431261596679687500e+02 1.128398437500000000e+02
1.348489379882812500e+02 1.432400512695312500e+02 1.129833984375000000e+02
1.347291259765625000e+02 1.430423583984375000e+02 1.131452636718750000e+02
1.349175415039062500e+02 1.431500244140625000e+02 1.133535156250000000e+02
1.346771240234375000e+02 1.430835571289062500e+02 1.131958618164062500e+02
1.347177734375000000e+02 1.430908813476562500e+02 1.133853149414062500e+02
1.348124389648437500e+02 1.430820922851562500e+02 1.136612548828125000e+02
1.349934692382812500e+02 1.432924194335937500e+02 1.137672119140625000e+02
1.349107055664062500e+02 1.431465454101562500e+02 1.138988647460937500e+02
1.348870239257812500e+02 1.430398559570312500e+02 1.137512817382812500e+02
1.349907836914062500e+02 1.431519165039062500e+02 1.136014404296875000e+02
1.349081420898437500e+02 1.431815185546875000e+02 1.130887451171875000e+02
1.350348510742187500e+02 1.432736206054687500e+02 1.129608154296875000e+02
1.350636596679687500e+02 1.433140258789062500e+02 1.128250122070312500e+02
1.351093139648437500e+02 1.433191528320312500e+02 1.128252563476562500e+02
1.350790405273437500e+02 1.435093383789062500e+02 1.130527343750000000e+02
1.351153564453125000e+02 1.434152221679687500e+02 1.132988281250000000e+02
1.352423706054687500e+02 1.435629272460937500e+02 1.135208740234375000e+02
1.350368652343750000e+02 1.433855590820312500e+02 1.134929809570312500e+02
1.348963012695312500e+02 1.432022094726562500e+02 1.133576049804687500e+02
1.348336791992187500e+02 1.431727294921875000e+02 1.136507568359375000e+02
1.348876342773437500e+02 1.433867797851562500e+02 1.140214233398437500e+02
1.346956787109375000e+02 1.432463989257812500e+02 1.142637329101562500e+02
1.345719604492187500e+02 1.433079223632812500e+02 1.142566528320312500e+02
1.344512329101562500e+02 1.432277221679687500e+02 1.141674194335937500e+02
1.343869018554687500e+02 1.433667602539062500e+02 1.135000000000000000e+02
1.343207397460937500e+02 1.434666748046875000e+02 1.127554321289062500e+02
1.343759155273437500e+02 1.434478759765625000e+02 1.126835327148437500e+02
1.344133300781250000e+02 1.435829467773437500e+02 1.125554809570312500e+02
1.344887695312500000e+02 1.437693481445312500e+02 1.125282592773437500e+02
1.346636352539062500e+02 1.439020996093750000e+02 1.127791137695312500e+02
1.346476440429687500e+02 1.438243408203125000e+02 1.131140747070312500e+02
1.345938110351562500e+02 1.436411743164062500e+02 1.132116699218750000e+02
1.345968017578125000e+02 1.435839233398437500e+02 1.134394531250000000e+02
1.347735595703125000e+02 1.437960815429687500e+02 1.135464477539062500e+02
1.349843139648437500e+02 1.439166259765625000e+02 1.139913940429687500e+02
1.347666015625000000e+02 1.435953369140625000e+02 1.138561401367187500e+02
1.346058959960937500e+02 1.434268188476562500e+02 1.138246459960937500e+02
1.345272827148437500e+02 1.433736572265625000e+02 1.138383178710937500e+02
1.347321166992187500e+02 1.435966796875000000e+02 1.139771118164062500e+02
1.349506835937500000e+02 1.436358032226562500e+02 1.140291748046875000e+02
1.350010986328125000e+02 1.436976318359375000e+02 1.139710693359375000e+02
1.349835205078125000e+02 1.436139526367187500e+02 1.138653564453125000e+02
1.350052490234375000e+02 1.435490112304687500e+02 1.139055175781250000e+02
1.350386352539062500e+02 1.435367431640625000e+02 1.137843627929687500e+02
1.349823608398437500e+02 1.434625854492187500e+02 1.135798950195312500e+02
1.349001464843750000e+02 1.434521484375000000e+02 1.135587158203125000e+02
1.348001708984375000e+02 1.434520263671875000e+02 1.135193481445312500e+02
1.345919189453125000e+02 1.433487548828125000e+02 1.134433593750000000e+02
1.348484497070312500e+02 1.435953979492187500e+02 1.137380371093750000e+02
1.350002441406250000e+02 1.438378906250000000e+02 1.138916625976562500e+02
1.346832885742187500e+02 1.437904052734375000e+02 1.136218261718750000e+02
1.345728759765625000e+02 1.437465209960937500e+02 1.136311645507812500e+02
1.344512329101562500e+02 1.436792602539062500e+02 1.135212402343750000e+02
1.344266967773437500e+02 1.436284790039062500e+02 1.136614379882812500e+02
1.347709350585937500e+02 1.436951904296875000e+02 1.138770141601562500e+02
1.349229736328125000e+02 1.435653686523437500e+02 1.137968750000000000e+02
1.352363281250000000e+02 1.437463378906250000e+02 1.140395507812500000e+02
1.350819702148437500e+02 1.435496826171875000e+02 1.138840942382812500e+02
1.351262207031250000e+02 1.435972900390625000e+02 1.139577636718750000e+02
1.350242309570312500e+02 1.435498046875000000e+02 1.139478759765625000e+02
1.351386718750000000e+02 1.437273559570312500e+02 1.140646362304687500e+02
1.348740844726562500e+02 1.436116333007812500e+02 1.138084716796875000e+02
1.348664550781250000e+02 1.436566162109375000e+02 1.138768310546875000e+02
1.347659912109375000e+02 1.435526123046875000e+02 1.136936035156250000e+02
1.349121093750000000e+02 1.436600952148437500e+02 1.137178955078125000e+02
1.349812011718750000e+02 1.436915283203125000e+02 1.135744628906250000e+02
1.351070556640625000e+02 1.438451538085937500e+02 1.135780029296875000e+02
1.349796142578125000e+02 1.437877197265625000e+02 1.133345336914062500e+02
1.349091186523437500e+02 1.437640991210937500e+02 1.131655883789062500e+02
1.348851928710937500e+02 1.435692138671875000e+02 1.132183227539062500e+02
1.351079711914062500e+02 1.436812133789062500e+02 1.135711059570312500e+02
1.350194091796875000e+02 1.433808593750000000e+02 1.136226196289062500e+02
1.351072998046875000e+02 1.436369628906250000e+02 1.136260375976562500e+02
1.350641479492187500e+02 1.435774536132812500e+02 1.136695556640625000e+02
1.348992309570312500e+02 1.436875000000000000e+02 1.126782226562500000e+02
1.348738403320312500e+02 1.436200561523437500e+02 1.125441894531250000e+02
1.348914184570312500e+02 1.437767333984375000e+02 1.123145141601562500e+02
1.346683959960937500e+02 1.436431274414062500e+02 1.119896240234375000e+02
1.347164306640625000e+02 1.436561889648437500e+02 1.121178588867187500e+02
1.346110839843750000e+02 1.434840087890625000e+02 1.128417968750000000e+02
1.347712402343750000e+02 1.435022583007812500e+02 1.135743408203125000e+02
1.347249145507812500e+02 1.434269409179687500e+02 1.136837768554687500e+02
1.346932983398437500e+02 1.434993286132812500e+02 1.138649902343750000e+02
1.345933837890625000e+02 1.435483398437500000e+02 1.139930419921875000e+02
1.350102539062500000e+02 1.436138916015625000e+02 1.137804565429687500e+02
1.351165771484375000e+02 1.436768188476562500e+02 1.136607666015625000e+02
1.352997436523437500e+02 1.436680297851562500e+02 1.133788452148437500e+02
1.352743530273437500e+02 1.435012207031250000e+02 1.132015991210937500e+02
1.353970947265625000e+02 1.433993530273437500e+02 1.130834960937500000e+02
1.350122680664062500e+02 1.434256591796875000e+02 1.131351928710937500e+02
1.348646850585937500e+02 1.433302001953125000e+02 1.133031005859375000e+02
1.347953491210937500e+02 1.433459472656250000e+02 1.134279174804687500e+02
1.349313964843750000e+02 1.435108032226562500e+02 1.136641235351562500e+02
1.347609863281250000e+02 1.434470825195312500e+02 1.135355224609375000e+02
1.348334350585937500e+02 1.434426269531250000e+02 1.136554565429687500e+02
1.347555541992187500e+02 1.433931274414062500e+02 1.134701538085937500e+02
1.348998413085937500e+02 1.435971679687500000e+02 1.137117309570312500e+02
1.348027954101562500e+02 1.434652709960937500e+02 1.135055541992187500e+02
1.347229614257812500e+02 1.433982543945312500e+02 1.134550781250000000e+02
1.346921386718750000e+02 1.433750000000000000e+02 1.135045776367187500e+02
1.347362670898437500e+02 1.434528198242187500e+02 1.135523681640625000e+02
1.348115844726562500e+02 1.435138549804687500e+02 1.135414428710937500e+02
1.347816772460937500e+02 1.434761352539062500e+02 1.135425415039062500e+02
1.346170654296875000e+02 1.433670654296875000e+02 1.133048095703125000e+02
1.345139160156250000e+02 1.432896728515625000e+02 1.134080810546875000e+02
1.344745483398437500e+02 1.431817626953125000e+02 1.132659912109375000e+02
1.341307983398437500e+02 1.429723510742187500e+02 1.131026000976562500e+02
1.340111694335937500e+02 1.429763183593750000e+02 1.131591796875000000e+02
1.342229614257812500e+02 1.431767578125000000e+02 1.131553344726562500e+02
1.342306518554687500e+02 1.431528930664062500e+02 1.128406982421875000e+02
1.342929077148437500e+02 1.432326660156250000e+02 1.128781738281250000e+02
1.341218261718750000e+02 1.430555419921875000e+02 1.127189941406250000e+02
1.339874267578125000e+02 1.429776611328125000e+02 1.125014648437500000e+02
1.338538818359375000e+02 1.429617309570312500e+02 1.122835693359375000e+02
1.339857788085937500e+02 1.431422729492187500e+02 1.120283813476562500e+02
1.339030151367187500e+02 1.430065917968750000e+02 1.116480102539062500e+02
1.341848144531250000e+02 1.432134399414062500e+02 1.116705322265625000e+02
1.341575927734375000e+02 1.431493530273437500e+02 1.114706420898437500e+02
1.342128906250000000e+02 1.431430664062500000e+02 1.113643188476562500e+02
1.344470825195312500e+02 1.430217895507812500e+02 1.123150024414062500e+02
1.346362915039062500e+02 1.430012207031250000e+02 1.130460815429687500e+02
1.346016235351562500e+02 1.429230346679687500e+02 1.133604736328125000e+02
1.347191162109375000e+02 1.429133911132812500e+02 1.136669311523437500e+02
1.347465209960937500e+02 1.428819580078125000e+02 1.138897094726562500e+02
1.346867065429687500e+02 1.427983398437500000e+02 1.135081176757812500e+02
1.345380249023437500e+02 1.427212524414062500e+02 1.132512207031250000e+02
1.345617065429687500e+02 1.427711181640625000e+02 1.129900512695312500e+02
1.346754760742187500e+02 1.426742553710937500e+02 1.130902099609375000e+02
1.348110351562500000e+02 1.429270019531250000e+02 1.132496337890625000e+02
1.346652221679687500e+02 1.429609375000000000e+02 1.131883544921875000e+02
1.347999267578125000e+02 1.431853637695312500e+02 1.131289672851562500e+02
1.345189819335937500e+02 1.433492431640625000e+02 1.127416381835937500e+02
1.345635986328125000e+02 1.433622436523437500e+02 1.126792602539062500e+02
1.345585327148437500e+02 1.434500732421875000e+02 1.127877197265625000e+02
1.346887207031250000e+02 1.436281738281250000e+02 1.128557128906250000e+02
1.345751953125000000e+02 1.434737548828125000e+02 1.127064819335937500e+02
1.345982055664062500e+02 1.435149536132812500e+02 1.126594238281250000e+02
1.345357666015625000e+02 1.434516601562500000e+02 1.125838623046875000e+02
1.347727050781250000e+02 1.437097778320312500e+02 1.128565063476562500e+02
1.347808227539062500e+02 1.435725097656250000e+02 1.126127929687500000e+02
1.349165649414062500e+02 1.435947265625000000e+02 1.126295776367187500e+02
1.352102661132812500e+02 1.431870727539062500e+02 1.123109741210937500e+02
1.349447631835937500e+02 1.431638183593750000e+02 1.121555786132812500e+02
1.349860839843750000e+02 1.430881347656250000e+02 1.118746948242187500e+02
1.346942749023437500e+02 1.435170898437500000e+02 1.121595458984375000e+02
1.344208984375000000e+02 1.434895629882812500e+02 1.122805175781250000e+02
1.344395751953125000e+02 1.435697631835937500e+02 1.126224365234375000e+02
1.343047485351562500e+02 1.435642089843750000e+02 1.128431396484375000e+02
1.343640136718750000e+02 1.435689697265625000e+02 1.128660888671875000e+02
1.345167236328125000e+02 1.436218872070312500e+02 1.128748779296875000e+02
1.349958496093750000e+02 1.437164916992187500e+02 1.131052246093750000e+02
1.349938354492187500e+02 1.435662841796875000e+02 1.128938598632812500e+02
1.352991943359375000e+02 1.436796264648437500e+02 1.130322265625000000e+02
1.355026245117187500e+02 1.436203613281250000e+02 1.130358276367187500e+02
1.354308471679687500e+02 1.437788085937500000e+02 1.130090942382812500e+02
1.353460693359375000e+02 1.436741333007812500e+02 1.129600830078125000e+02
1.354304199218750000e+02 1.438563842773437500e+02 1.131119995117187500e+02
1.353731689453125000e+02 1.439893188476562500e+02 1.132213745117187500e+02
1.353810424804687500e+02 1.440513916015625000e+02 1.131151733398437500e+02
1.350111083984375000e+02 1.436949462890625000e+02 1.133314208984375000e+02
1.347324829101562500e+02 1.436063232421875000e+02 1.135729980468750000e+02
1.342695312500000000e+02 1.435089721679687500e+02 1.135725097656250000e+02
1.342233886718750000e+02 1.436958618164062500e+02 1.137364501953125000e+02
1.341418457031250000e+02 1.435966796875000000e+02 1.136688842773437500e+02
1.337909545898437500e+02 1.435743408203125000e+02 1.135522460937500000e+02
1.338124389648437500e+02 1.436906127929687500e+02 1.136530151367187500e+02
1.334895019531250000e+02 1.437418212890625000e+02 1.135949707031250000e+02
1.335634765625000000e+02 1.440076904296875000e+02 1.138846435546875000e+02
1.336807250976562500e+02 1.442567138671875000e+02 1.140441284179687500e+02
1.340063476562500000e+02 1.442750244140625000e+02 1.143362426757812500e+02
1.340629272460937500e+02 1.442621459960937500e+02 1.142708129882812500e+02
1.340706787109375000e+02 1.441116333007812500e+02 1.142156982421875000e+02
1.341668090820312500e+02 1.441607055664062500e+02 1.142598876953125000e+02
1.342963867187500000e+02 1.444008178710937500e+02 1.143499145507812500e+02
1.349925537109375000e+02 1.445424194335937500e+02 1.140133056640625000e+02
1.351064453125000000e+02 1.444338989257812500e+02 1.134229125976562500e+02
1.350542602539062500e+02 1.444541625976562500e+02 1.129035644531250000e+02
1.349813842773437500e+02 1.443380737304687500e+02 1.126514282226562500e+02
1.350899047851562500e+02 1.443444824218750000e+02 1.127688598632812500e+02
1.351369018554687500e+02 1.441963500976562500e+02 1.133488769531250000e+02
1.352167358398437500e+02 1.441043090820312500e+02 1.136289672851562500e+02
1.353155517578125000e+02 1.442084350585937500e+02 1.141431884765625000e+02
1.354023437500000000e+02 1.443032226562500000e+02 1.142973022460937500e+02
1.352385864257812500e+02 1.440059204101562500e+02 1.141114501953125000e+02
1.349946289062500000e+02 1.438195190429687500e+02 1.140750732421875000e+02
1.348666992187500000e+02 1.437793579101562500e+02 1.137814941406250000e+02
1.348449707031250000e+02 1.440360717773437500e+02 1.139074096679687500e+02
1.347595825195312500e+02 1.440299072265625000e+02 1.137100830078125000e+02
1.348206176757812500e+02 1.442327880859375000e+02 1.138132934570312500e+02
1.350990600585937500e+02 1.441546630859375000e+02 1.145273437500000000e+02
1.350089111328125000e+02 1.440220947265625000e+02 1.145829467773437500e+02
1.348692626953125000e+02 1.438958129882812500e+02 1.151720581054687500e+02
1.348033447265625000e+02 1.438453979492187500e+02 1.151463012695312500e+02
1.348142089843750000e+02 1.439679565429687500e+02 1.152056884765625000e+02
1.348901367187500000e+02 1.439404296875000000e+02 1.148651123046875000e+02
1.348732910156250000e+02 1.438886718750000000e+02 1.144556274414062500e+02
1.349699707031250000e+02 1.439252929687500000e+02 1.144351806640625000e+02
1.349238281250000000e+02 1.439503173828125000e+02 1.142764282226562500e+02
1.350220336914062500e+02 1.440009765625000000e+02 1.142911987304687500e+02
1.350035400390625000e+02 1.439690551757812500e+02 1.143027954101562500e+02
1.350694580078125000e+02 1.440674438476562500e+02 1.143293457031250000e+02
1.351028442382812500e+02 1.440873413085937500e+02 1.143408813476562500e+02
1.348969116210937500e+02 1.439314575195312500e+02 1.140996704101562500e+02
1.350541381835937500e+02 1.440397949218750000e+02 1.141651611328125000e+02
1.348314208984375000e+02 1.441015625000000000e+02 1.138320312500000000e+02
1.347388305664062500e+02 1.444851074218750000e+02 1.135463256835937500e+02
1.346517333984375000e+02 1.444130859375000000e+02 1.133916625976562500e+02
1.345514526367187500e+02 1.444162597656250000e+02 1.131184692382812500e+02
1.344484252929687500e+02 1.444870605468750000e+02 1.131672363281250000e+02
1.347623901367187500e+02 1.443698120117187500e+02 1.136723022460937500e+02
1.350401000976562500e+02 1.443855590820312500e+02 1.137569580078125000e+02
1.350515747070312500e+02 1.443023071289062500e+02 1.137233276367187500e+02
1.349510498046875000e+02 1.441501464843750000e+02 1.137167968750000000e+02
1.348225097656250000e+02 1.440214843750000000e+02 1.134838256835937500e+02
1.348528442382812500e+02 1.441521606445312500e+02 1.132028198242187500e+02
1.347617187500000000e+02 1.441759643554687500e+02 1.130555419921875000e+02
1.347429199218750000e+02 1.441979980468750000e+02 1.128867797851562500e+02
1.346417236328125000e+02 1.440464477539062500e+02 1.127947387695312500e+02
1.347542114257812500e+02 1.442036132812500000e+02 1.129234619140625000e+02
1.347678833007812500e+02 1.439376831054687500e+02 1.130566406250000000e+02
1.349606323242187500e+02 1.439902343750000000e+02 1.135405883789062500e+02
1.347753906250000000e+02 1.436038208007812500e+02 1.137647094726562500e+02
1.349639282226562500e+02 1.437442626953125000e+02 1.139938354492187500e+02
1.350516967773437500e+02 1.438351440429687500e+02 1.138886108398437500e+02
1.349583129882812500e+02 1.437689208984375000e+02 1.139114990234375000e+02
1.346819458007812500e+02 1.436204833984375000e+02 1.138992309570312500e+02
1.347806396484375000e+02 1.438145141601562500e+02 1.142750244140625000e+02
1.347046508789062500e+02 1.438316650390625000e+02 1.143437500000000000e+02
1.348283081054687500e+02 1.439163818359375000e+02 1.143616333007812500e+02
1.345545654296875000e+02 1.437502441406250000e+02 1.140521850585937500e+02
1.344411621093750000e+02 1.436463623046875000e+02 1.136475830078125000e+02
1.343828125000000000e+02 1.436411743164062500e+02 1.132963256835937500e+02
1.346061401367187500e+02 1.438438720703125000e+02 1.134044189453125000e+02
1.346439819335937500e+02 1.438988037109375000e+02 1.134489746093750000e+02
1.345619506835937500e+02 1.438058471679687500e+02 1.134233398437500000e+02
1.345121459960937500e+02 1.437316894531250000e+02 1.134160156250000000e+02
1.347407836914062500e+02 1.437738037109375000e+02 1.134885864257812500e+02
1.348063964843750000e+02 1.438385620117187500e+02 1.135209350585937500e+02
1.349082641601562500e+02 1.438848876953125000e+02 1.136292724609375000e+02
1.348773193359375000e+02 1.439398803710937500e+02 1.133763427734375000e+02
1.349696044921875000e+02 1.440736694335937500e+02 1.130807495117187500e+02
1.348828125000000000e+02 1.440788574218750000e+02 1.128776855468750000e+02
1.349718017578125000e+02 1.442471313476562500e+02 1.127904052734375000e+02
1.347946166992187500e+02 1.442136230468750000e+02 1.125034179687500000e+02
1.343833618164062500e+02 1.442317504882812500e+02 1.124099121093750000e+02
1.339552001953125000e+02 1.440758056640625000e+02 1.122957153320312500e+02
1.336762695312500000e+02 1.441146240234375000e+02 1.122998657226562500e+02
1.334487915039062500e+02 1.441570434570312500e+02 1.123135986328125000e+02
1.334500732421875000e+02 1.443134155273437500e+02 1.124207153320312500e+02
1.338425903320312500e+02 1.441792602539062500e+02 1.122039184570312500e+02
1.345812988281250000e+02 1.441096801757812500e+02 1.121748046875000000e+02
1.346785888671875000e+02 1.439730224609375000e+02 1.115917358398437500e+02
1.348867187500000000e+02 1.440526733398437500e+02 1.117108154296875000e+02
1.347433471679687500e+02 1.439185180664062500e+02 1.115218505859375000e+02
1.348878173828125000e+02 1.439486083984375000e+02 1.125980834960937500e+02
1.347155151367187500e+02 1.437829589843750000e+02 1.132975463867187500e+02
1.345783081054687500e+02 1.434860229492187500e+02 1.135927734375000000e+02
1.345847167968750000e+02 1.435271606445312500e+02 1.138320922851562500e+02
1.346798706054687500e+02 1.436845703125000000e+02 1.140244750976562500e+02
1.346433715820312500e+02 1.435908813476562500e+02 1.138846435546875000e+02
1.347357788085937500e+02 1.436782836914062500e+02 1.138047485351562500e+02
1.348525390625000000e+02 1.437943115234375000e+02 1.137106323242187500e+02
1.349682006835937500e+02 1.438876342773437500e+02 1.136921997070312500e+02
1.348532104492187500e+02 1.436790771484375000e+02 1.135225830078125000e+02
1.347660522460937500e+02 1.437225952148437500e+02 1.131354370117187500e+02
1.346321411132812500e+02 1.436292724609375000e+02 1.126936645507812500e+02
1.346986694335937500e+02 1.437761840820312500e+02 1.125344848632812500e+02
1.347308349609375000e+02 1.436918334960937500e+02 1.126024169921875000e+02
1.348681640625000000e+02 1.438585815429687500e+02 1.126613159179687500e+02
1.349242553710937500e+02 1.436166992187500000e+02 1.134461669921875000e+02
1.350805053710937500e+02 1.436858520507812500e+02 1.141225585937500000e+02
1.349468383789062500e+02 1.435746459960937500e+02 1.143056640625000000e+02
1.350950317382812500e+02 1.437528076171875000e+02 1.145714721679687500e+02
1.349878540039062500e+02 1.437296142578125000e+02 1.147048339843750000e+02
1.351038208007812500e+02 1.439139404296875000e+02 1.144319458007812500e+02
1.350651245117187500e+02 1.439356689453125000e+02 1.139769287109375000e+02
1.350706176757812500e+02 1.440847167968750000e+02 1.137966918945312500e+02
1.350210571289062500e+02 1.439044799804687500e+02 1.136103515625000000e+02
1.351433105468750000e+02 1.440938110351562500e+02 1.138098144531250000e+02
1.350267333984375000e+02 1.442255859375000000e+02 1.134584960937500000e+02
1.350733642578125000e+02 1.443619995117187500e+02 1.133809204101562500e+02
1.348670654296875000e+02 1.441403198242187500e+02 1.132036132812500000e+02
1.348180541992187500e+02 1.441696777343750000e+02 1.130603027343750000e+02
1.349549560546875000e+02 1.442393798828125000e+02 1.132105712890625000e+02
1.348712768554687500e+02 1.444124755859375000e+02 1.131638183593750000e+02
1.347783813476562500e+02 1.444119873046875000e+02 1.130227661132812500e+02
1.346634521484375000e+02 1.445159301757812500e+02 1.131666870117187500e+02
1.344268188476562500e+02 1.446475219726562500e+02 1.130601806640625000e+02
1.345432739257812500e+02 1.448310546875000000e+02 1.132758178710937500e+02
1.350762329101562500e+02 1.446527099609375000e+02 1.134766235351562500e+02
1.350919799804687500e+02 1.448861083984375000e+02 1.136951293945312500e+02
1.350491333007812500e+02 1.447157592773437500e+02 1.136557006835937500e+02
1.351416015625000000e+02 1.447199707031250000e+02 1.139202880859375000e+02
1.351306762695312500e+02 1.447656250000000000e+02 1.140216674804687500e+02
1.352346191406250000e+02 1.448695068359375000e+02 1.143972167968750000e+02
1.349497680664062500e+02 1.447602539062500000e+02 1.142919311523437500e+02
1.347213745117187500e+02 1.447817382812500000e+02 1.146104125976562500e+02
1.348265991210937500e+02 1.446244506835937500e+02 1.146040649414062500e+02
1.350307617187500000e+02 1.449362792968750000e+02 1.147861328125000000e+02
1.347001342773437500e+02 1.449493408203125000e+02 1.144542846679687500e+02
1.348837280273437500e+02 1.449979858398437500e+02 1.145466918945312500e+02
1.347561645507812500e+02 1.447744140625000000e+02 1.143840942382812500e+02
1.347124633789062500e+02 1.449113769531250000e+02 1.144096069335937500e+02
1.346004028320312500e+02 1.447054443359375000e+02 1.141843261718750000e+02
1.341517333984375000e+02 1.446553955078125000e+02 1.144222412109375000e+02
1.337917480468750000e+02 1.445646972656250000e+02 1.146157226562500000e+02
1.336892700195312500e+02 1.446260986328125000e+02 1.147731933593750000e+02
1.335471191406250000e+02 1.444615478515625000e+02 1.147158203125000000e+02
1.335314331054687500e+02 1.444675903320312500e+02 1.148261108398437500e+02
1.336757812500000000e+02 1.445726318359375000e+02 1.147350463867187500e+02
1.337415771484375000e+02 1.446987915039062500e+02 1.146303100585937500e+02
1.335004272460937500e+02 1.443767700195312500e+02 1.142481689453125000e+02
1.335384521484375000e+02 1.442928466796875000e+02 1.141386718750000000e+02
1.335787963867187500e+02 1.444572143554687500e+02 1.142717895507812500e+02
1.341830444335937500e+02 1.446361083984375000e+02 1.146474609375000000e+02
1.340477294921875000e+02 1.444452514648437500e+02 1.146755981445312500e+02
1.343445434570312500e+02 1.444230346679687500e+02 1.146690063476562500e+02
1.343339843750000000e+02 1.443848266601562500e+02 1.148030395507812500e+02
1.345071411132812500e+02 1.444825439453125000e+02 1.150420532226562500e+02
1.341977539062500000e+02 1.443504638671875000e+02 1.146230468750000000e+02
1.340447998046875000e+02 1.442106323242187500e+02 1.140931396484375000e+02
1.338361816406250000e+02 1.441190795898437500e+02 1.138200683593750000e+02
1.337730102539062500e+02 1.441109008789062500e+02 1.136964111328125000e+02
1.340151367187500000e+02 1.442120361328125000e+02 1.138488769531250000e+02
1.344964599609375000e+02 1.442017822265625000e+02 1.145676269531250000e+02
1.345643310546875000e+02 1.439124145507812500e+02 1.149978637695312500e+02
1.345560302734375000e+02 1.437938842773437500e+02 1.155277709960937500e+02
1.347629394531250000e+02 1.436729125976562500e+02 1.157323608398437500e+02
1.349376831054687500e+02 1.435975952148437500e+02 1.155661621093750000e+02
1.345018310546875000e+02 1.434971923828125000e+02 1.146379394531250000e+02
1.343639526367187500e+02 1.436005249023437500e+02 1.141152343750000000e+02
1.343015747070312500e+02 1.437719726562500000e+02 1.139785766601562500e+02
1.344019775390625000e+02 1.438755493164062500e+02 1.141296386718750000e+02
1.344235839843750000e+02 1.438475952148437500e+02 1.139191894531250000e+02
1.342135620117187500e+02 1.440783691406250000e+02 1.141462402343750000e+02
1.339849853515625000e+02 1.439412841796875000e+02 1.141816406250000000e+02
1.339890136718750000e+02 1.440183715820312500e+02 1.142723999023437500e+02
1.337825317382812500e+02 1.438180541992187500e+02 1.141165161132812500e+02
1.337575683593750000e+02 1.438247680664062500e+02 1.140260620117187500e+02
1.341431274414062500e+02 1.437540283203125000e+02 1.140963745117187500e+02
1.344028320312500000e+02 1.437817993164062500e+02 1.142497558593750000e+02
1.345220947265625000e+02 1.436651611328125000e+02 1.144005737304687500e+02
1.347336425781250000e+02 1.437440795898437500e+02 1.145319213867187500e+02
1.349649047851562500e+02 1.438027954101562500e+02 1.146649169921875000e+02
1.345277099609375000e+02 1.438433227539062500e+02 1.144879760742187500e+02
1.342620239257812500e+02 1.437760620117187500e+02 1.143952636718750000e+02
1.341848754882812500e+02 1.439400634765625000e+02 1.142790527343750000e+02
1.341989135742187500e+02 1.440892944335937500e+02 1.143475341796875000e+02
1.340906982421875000e+02 1.442427368164062500e+02 1.142986450195312500e+02
1.339470214843750000e+02 1.440823364257812500e+02 1.138632202148437500e+02
1.338597412109375000e+02 1.442449340820312500e+02 1.137166748046875000e+02
1.338031005859375000e+02 1.441585083007812500e+02 1.136199951171875000e+02
1.340724487304687500e+02 1.445540161132812500e+02 1.138218994140625000e+02
1.340388793945312500e+02 1.443936157226562500e+02 1.138041381835937500e+02
1.340374145507812500e+02 1.444602661132812500e+02 1.140751342773437500e+02
1.338811035156250000e+02 1.441110839843750000e+02 1.140276489257812500e+02
1.338120727539062500e+02 1.440874023437500000e+02 1.138843994140625000e+02
1.336831665039062500e+02 1.441762084960937500e+02 1.142677612304687500e+02
1.339577026367187500e+02 1.443173217773437500e+02 1.145398559570312500e+02
1.336072387695312500e+02 1.442138671875000000e+02 1.143723754882812500e+02
1.333983764648437500e+02 1.441558837890625000e+02 1.142454223632812500e+02
1.332054443359375000e+02 1.441318969726562500e+02 1.141687011718750000e+02
1.334465942382812500e+02 1.443170776367187500e+02 1.144274902343750000e+02
1.332890014648437500e+02 1.442324829101562500e+02 1.143073120117187500e+02
1.335162353515625000e+02 1.440617065429687500e+02 1.141860351562500000e+02
1.336157226562500000e+02 1.439641113281250000e+02 1.140919799804687500e+02
1.341290283203125000e+02 1.441002807617187500e+02 1.143088989257812500e+02
1.343806152343750000e+02 1.440311889648437500e+02 1.142669677734375000e+02
1.343654174804687500e+02 1.440277709960937500e+02 1.141762695312500000e+02
1.341973876953125000e+02 1.440482177734375000e+02 1.144288330078125000e+02
1.342354736328125000e+02 1.440731201171875000e+02 1.145014648437500000e+02
1.336788330078125000e+02 1.439884033203125000e+02 1.146309814453125000e+02
1.338517456054687500e+02 1.441879272460937500e+02 1.147277832031250000e+02
1.337501831054687500e+02 1.440744018554687500e+02 1.146417236328125000e+02
1.343803100585937500e+02 1.439987792968750000e+02 1.146317749023437500e+02
1.345325317382812500e+02 1.437008056640625000e+02 1.145848388671875000e+02
1.346439208984375000e+02 1.437426757812500000e+02 1.147946166992187500e+02
1.346318359375000000e+02 1.436635742187500000e+02 1.146691894531250000e+02
1.348597412109375000e+02 1.438468627929687500e+02 1.148332519531250000e+02
1.348388061523437500e+02 1.437267456054687500e+02 1.145792236328125000e+02
1.348044433593750000e+02 1.438396606445312500e+02 1.144536743164062500e+02
1.346424560546875000e+02 1.437751464843750000e+02 1.141845092773437500e+02
1.346160278320312500e+02 1.438366699218750000e+02 1.142951049804687500e+02
1.345986328125000000e+02 1.436697387695312500e+02 1.141323852539062500e+02
1.346096191406250000e+02 1.438080444335937500e+02 1.142631225585937500e+02
1.344635009765625000e+02 1.437587890625000000e+02 1.142575073242187500e+02
1.343900146484375000e+02 1.440065917968750000e+02 1.144737548828125000e+02
1.341810302734375000e+02 1.439442749023437500e+02 1.142750854492187500e+02
1.342967529296875000e+02 1.439973144531250000e+02 1.143385009765625000e+02
1.344136962890625000e+02 1.437442626953125000e+02 1.140796508789062500e+02
1.344685668945312500e+02 1.436773071289062500e+02 1.139487915039062500e+02
1.347683715820312500e+02 1.437616577148437500e+02 1.139735717773437500e+02
1.349982910156250000e+02 1.439910888671875000e+02 1.140009155273437500e+02
1.349107055664062500e+02 1.438430786132812500e+02 1.139645385742187500e+02
1.349116821289062500e+02 1.439389038085937500e+02 1.133980712890625000e+02
1.347493286132812500e+02 1.437340087890625000e+02 1.132125244140625000e+02
1.347757568359375000e+02 1.437717895507812500e+02 1.132348022460937500e+02
1.346497802734375000e+02 1.435731811523437500e+02 1.129633789062500000e+02
1.348643188476562500e+02 1.437746582031250000e+02 1.131125488281250000e+02
1.348134765625000000e+02 1.437631225585937500e+02 1.130230712890625000e+02
1.348834838867187500e+02 1.438907470703125000e+02 1.129924316406250000e+02
1.346901245117187500e+02 1.437006835937500000e+02 1.128515014648437500e+02
1.346538696289062500e+02 1.437042236328125000e+02 1.126430053710937500e+02
1.345937500000000000e+02 1.436774902343750000e+02 1.125925292968750000e+02
1.346778564453125000e+02 1.437274169921875000e+02 1.128116455078125000e+02
1.344517211914062500e+02 1.435523681640625000e+02 1.129367065429687500e+02
1.344574584960937500e+02 1.435894165039062500e+02 1.131463012695312500e+02
1.343581542968750000e+02 1.435497436523437500e+02 1.130674438476562500e+02
1.346382446289062500e+02 1.438041992187500000e+02 1.133995971679687500e+02
1.345601196289062500e+02 1.435102539062500000e+02 1.136999511718750000e+02
1.349954833984375000e+02 1.436195068359375000e+02 1.142301025390625000e+02
1.348632812500000000e+02 1.434869384765625000e+02 1.141814575195312500e+02
1.350199584960937500e+02 1.436466674804687500e+02 1.146050415039062500e+02
1.350059204101562500e+02 1.435219726562500000e+02 1.146707763671875000e+02
1.349805297851562500e+02 1.436852416992187500e+02 1.138038330078125000e+02
1.348120727539062500e+02 1.437545166015625000e+02 1.131428833007812500e+02
1.346358032226562500e+02 1.439342041015625000e+02 1.124856567382812500e+02
1.344662475585937500e+02 1.439113769531250000e+02 1.123006591796875000e+02
1.346106567382812500e+02 1.440604858398437500e+02 1.123840942382812500e+02
1.341276245117187500e+02 1.441553955078125000e+02 1.127532348632812500e+02
1.338112792968750000e+02 1.444115600585937500e+02 1.134485473632812500e+02
1.336845092773437500e+02 1.441584472656250000e+02 1.137593383789062500e+02
1.339268188476562500e+02 1.443504638671875000e+02 1.141066284179687500e+02
1.336719360351562500e+02 1.442744140625000000e+02 1.140813598632812500e+02
1.339188232421875000e+02 1.444479370117187500e+02 1.141602172851562500e+02
1.339600219726562500e+02 1.444315185546875000e+02 1.137559814453125000e+02
1.339975585937500000e+02 1.444511718750000000e+02 1.137116699218750000e+02
1.339890747070312500e+02 1.443579711914062500e+02 1.137316284179687500e+02
1.341602783203125000e+02 1.441898803710937500e+02 1.136726074218750000e+02
