1.487031250000000000e+02 0.000000000000000000e+00 0.000000000000000000e+00
1.487031250000000000e+02 0.000000000000000000e+00 0.000000000000000000e+00
1.487985839843750000e+02 0.000000000000000000e+00 0.000000000000000000e+00
1.488457031250000000e+02 0.000000000000000000e+00 0.000000000000000000e+00
1.493098144531250000e+02 0.000000000000000000e+00 0.000000000000000000e+00
1.496293334960937500e+02 0.000000000000000000e+00 0.000000000000000000e+00
1.503075561523437500e+02 0.000000000000000000e+00 0.000000000000000000e+00
1.507207641601562500e+02 0.000000000000000000e+00 0.000000000000000000e+00
1.512077026367187500e+02 0.000000000000000000e+00 0.000000000000000000e+00
1.517997436523437500e+02 0.000000000000000000e+00 0.000000000000000000e+00
1.527098999023437500e+02 0.000000000000000000e+00 0.000000000000000000e+00
1.532916259765625000e+02 0.000000000000000000e+00 0.000000000000000000e+00
1.537703247070312500e+02 0.000000000000000000e+00 0.000000000000000000e+00
1.547572021484375000e+02 0.000000000000000000e+00 0.000000000000000000e+00
1.553904418945312500e+02 0.000000000000000000e+00 0.000000000000000000e+00
1.547218017578125000e+02 0.000000000000000000e+00 0.000000000000000000e+00
1.503175048828125000e+02 0.000000000000000000e+00 0.000000000000000000e+00
1.462536621093750000e+02 0.000000000000000000e+00 0.000000000000000000e+00
1.435220336914062500e+02 0.000000000000000000e+00 0.000000000000000000e+00
1.419780883789062500e+02 0.000000000000000000e+00 0.000000000000000000e+00
1.411704101562500000e+02 0.000000000000000000e+00 0.000000000000000000e+00
1.407268066406250000e+02 0.000000000000000000e+00 0.000000000000000000e+00
1.402886962890625000e+02 0.000000000000000000e+00 0.000000000000000000e+00
1.400398559570312500e+02 0.000000000000000000e+00 0.000000000000000000e+00
1.400447998046875000e+02 0.000000000000000000e+00 0.000000000000000000e+00
1.405930175781250000e+02 0.000000000000000000e+00 0.000000000000000000e+00
1.411956176757812500e+02 0.000000000000000000e+00 0.000000000000000000e+00
1.419450683593750000e+02 0.000000000000000000e+00 0.000000000000000000e+00
1.424141845703125000e+02 0.000000000000000000e+00 0.000000000000000000e+00
1.423982543945312500e+02 0.000000000000000000e+00 0.000000000000000000e+00
1.423107910156250000e+02 0.000000000000000000e+00 0.000000000000000000e+00
1.422912597656250000e+02 0.000000000000000000e+00 0.000000000000000000e+00
1.423320312500000000e+02 0.000000000000000000e+00 0.000000000000000000e+00
1.425332641601562500e+02 0.000000000000000000e+00 0.000000000000000000e+00
1.431279907226562500e+02 0.000000000000000000e+00 0.000000000000000000e+00
1.437844848632812500e+02 0.000000000000000000e+00 0.000000000000000000e+00
1.445999755859375000e+02 0.000000000000000000e+00 0.000000000000000000e+00
1.454782714843750000e+02 0.000000000000000000e+00 0.000000000000000000e+00
1.461093139648437500e+02 0.000000000000000000e+00 0.000000000000000000e+00
1.467819213867187500e+02 0.000000000000000000e+00 0.000000000000000000e+00
1.473175659179687500e+02 0.000000000000000000e+00 0.000000000000000000e+00
1.479921264648437500e+02 0.000000000000000000e+00 0.000000000000000000e+00
1.488209228515625000e+02 0.000000000000000000e+00 0.000000000000000000e+00
1.493669433593750000e+02 0.000000000000000000e+00 0.000000000000000000e+00
1.498709716796875000e+02 0.000000000000000000e+00 0.000000000000000000e+00
1.506953735351562500e+02 0.000000000000000000e+00 0.000000000000000000e+00
1.511834106445312500e+02 0.000000000000000000e+00 0.000000000000000000e+00
1.517393188476562500e+02 0.000000000000000000e+00 0.000000000000000000e+00
1.522739257812500000e+02 0.000000000000000000e+00 0.000000000000000000e+00
1.525828247070312500e+02 0.000000000000000000e+00 0.000000000000000000e+00
1.525252685546875000e+02 0.000000000000000000e+00 0.000000000000000000e+00
1.494769287109375000e+02 0.000000000000000000e+00 0.000000000000000000e+00
1.448289794921875000e+02 0.000000000000000000e+00 0.000000000000000000e+00
1.415313720703125000e+02 0.000000000000000000e+00 0.000000000000000000e+00
1.393923339843750000e+02 0.000000000000000000e+00 0.000000000000000000e+00
1.385163574218750000e+02 0.000000000000000000e+00 0.000000000000000000e+00
1.378981933593750000e+02 0.000000000000000000e+00 0.000000000000000000e+00
1.376175537109375000e+02 0.000000000000000000e+00 0.000000000000000000e+00
1.372882690429687500e+02 0.000000000000000000e+00 0.000000000000000000e+00
1.373198242187500000e+02 0.000000000000000000e+00 0.000000000000000000e+00
1.377695312500000000e+02 0.000000000000000000e+00 0.000000000000000000e+00
1.381794433593750000e+02 0.000000000000000000e+00 0.000000000000000000e+00
1.392760009765625000e+02 0.000000000000000000e+00 0.000000000000000000e+00
1.397904052734375000e+02 0.000000000000000000e+00 0.000000000000000000e+00
1.398795166015625000e+02 0.000000000000000000e+00 0.000000000000000000e+00
1.399445800781250000e+02 0.000000000000000000e+00 0.000000000000000000e+00
1.399172363281250000e+02 0.000000000000000000e+00 0.000000000000000000e+00
1.399033813476562500e+02 0.000000000000000000e+00 0.000000000000000000e+00
1.399995727539062500e+02 0.000000000000000000e+00 0.000000000000000000e+00
1.402012329101562500e+02 0.000000000000000000e+00 0.000000000000000000e+00
1.406391601562500000e+02 0.000000000000000000e+00 0.000000000000000000e+00
1.413622436523437500e+02 0.000000000000000000e+00 0.000000000000000000e+00
1.417249145507812500e+02 0.000000000000000000e+00 0.000000000000000000e+00
1.425742187500000000e+02 0.000000000000000000e+00 0.000000000000000000e+00
1.429074096679687500e+02 0.000000000000000000e+00 0.000000000000000000e+00
1.435296630859375000e+02 0.000000000000000000e+00 0.000000000000000000e+00
1.441761474609375000e+02 0.000000000000000000e+00 0.000000000000000000e+00
1.444736938476562500e+02 0.000000000000000000e+00 0.000000000000000000e+00
1.449540405273437500e+02 0.000000000000000000e+00 0.000000000000000000e+00
1.453972167968750000e+02 0.000000000000000000e+00 0.000000000000000000e+00
1.458240966796875000e+02 0.000000000000000000e+00 0.000000000000000000e+00
1.465816650390625000e+02 0.000000000000000000e+00 0.000000000000000000e+00
1.474091186523437500e+02 0.000000000000000000e+00 0.000000000000000000e+00
1.481240844726562500e+02 0.000000000000000000e+00 0.000000000000000000e+00
1.486890258789062500e+02 0.000000000000000000e+00 0.000000000000000000e+00
1.489215087890625000e+02 0.000000000000000000e+00 0.000000000000000000e+00
1.491029663085937500e+02 0.000000000000000000e+00 0.000000000000000000e+00
1.477140502929687500e+02 0.000000000000000000e+00 0.000000000000000000e+00
1.428088989257812500e+02 0.000000000000000000e+00 0.000000000000000000e+00
1.387323608398437500e+02 0.000000000000000000e+00 0.000000000000000000e+00
1.361705322265625000e+02 0.000000000000000000e+00 0.000000000000000000e+00
1.346502685546875000e+02 0.000000000000000000e+00 0.000000000000000000e+00
1.338785400390625000e+02 0.000000000000000000e+00 0.000000000000000000e+00
1.332752075195312500e+02 0.000000000000000000e+00 0.000000000000000000e+00
1.330802001953125000e+02 0.000000000000000000e+00 0.000000000000000000e+00
1.330928344726562500e+02 0.000000000000000000e+00 0.000000000000000000e+00
1.333208007812500000e+02 0.000000000000000000e+00 0.000000000000000000e+00
1.338368530273437500e+02 0.000000000000000000e+00 0.000000000000000000e+00
1.342052001953125000e+02 0.000000000000000000e+00 0.000000000000000000e+00
1.345243530273437500e+02 0.000000000000000000e+00 0.000000000000000000e+00
1.347903442382812500e+02 0.000000000000000000e+00 0.000000000000000000e+00
1.347586059570312500e+02 0.000000000000000000e+00 0.000000000000000000e+00
1.342943115234375000e+02 0.000000000000000000e+00 0.000000000000000000e+00
1.338096313476562500e+02 0.000000000000000000e+00 0.000000000000000000e+00
1.336192016601562500e+02 0.000000000000000000e+00 0.000000000000000000e+00
1.337443847656250000e+02 0.000000000000000000e+00 0.000000000000000000e+00
1.344250488281250000e+02 0.000000000000000000e+00 0.000000000000000000e+00
1.344223022460937500e+02 0.000000000000000000e+00 0.000000000000000000e+00
1.345392456054687500e+02 0.000000000000000000e+00 0.000000000000000000e+00
1.350711669921875000e+02 0.000000000000000000e+00 0.000000000000000000e+00
1.351559448242187500e+02 0.000000000000000000e+00 0.000000000000000000e+00
1.356828613281250000e+02 0.000000000000000000e+00 0.000000000000000000e+00
1.362961425781250000e+02 0.000000000000000000e+00 0.000000000000000000e+00
1.368235473632812500e+02 0.000000000000000000e+00 0.000000000000000000e+00
1.369281005859375000e+02 0.000000000000000000e+00 0.000000000000000000e+00
1.368741455078125000e+02 0.000000000000000000e+00 0.000000000000000000e+00
1.366285400390625000e+02 0.000000000000000000e+00 0.000000000000000000e+00
1.373084716796875000e+02 0.000000000000000000e+00 0.000000000000000000e+00
1.380607910156250000e+02 0.000000000000000000e+00 0.000000000000000000e+00
1.385959472656250000e+02 0.000000000000000000e+00 0.000000000000000000e+00
1.397305908203125000e+02 0.000000000000000000e+00 0.000000000000000000e+00
1.401659545898437500e+02 0.000000000000000000e+00 0.000000000000000000e+00
1.403366088867187500e+02 0.000000000000000000e+00 0.000000000000000000e+00
1.388306884765625000e+02 0.000000000000000000e+00 0.000000000000000000e+00
1.347355957031250000e+02 0.000000000000000000e+00 0.000000000000000000e+00
1.310513305664062500e+02 0.000000000000000000e+00 0.000000000000000000e+00
1.288609008789062500e+02 0.000000000000000000e+00 0.000000000000000000e+00
1.280457153320312500e+02 0.000000000000000000e+00 0.000000000000000000e+00
1.274325561523437500e+02 0.000000000000000000e+00 0.000000000000000000e+00
1.273952636718750000e+02 0.000000000000000000e+00 0.000000000000000000e+00
1.272778320312500000e+02 0.000000000000000000e+00 0.000000000000000000e+00
1.275048217773437500e+02 0.000000000000000000e+00 0.000000000000000000e+00
1.278640747070312500e+02 0.000000000000000000e+00 0.000000000000000000e+00
1.293738403320312500e+02 0.000000000000000000e+00 0.000000000000000000e+00
1.305603027343750000e+02 0.000000000000000000e+00 0.000000000000000000e+00
1.307342529296875000e+02 0.000000000000000000e+00 0.000000000000000000e+00
1.308127441406250000e+02 0.000000000000000000e+00 0.000000000000000000e+00
1.306785888671875000e+02 0.000000000000000000e+00 0.000000000000000000e+00
1.303576049804687500e+02 0.000000000000000000e+00 0.000000000000000000e+00
1.300900268554687500e+02 0.000000000000000000e+00 0.000000000000000000e+00
1.301726684570312500e+02 0.000000000000000000e+00 0.000000000000000000e+00
1.303592529296875000e+02 0.000000000000000000e+00 0.000000000000000000e+00
1.309721069335937500e+02 0.000000000000000000e+00 0.000000000000000000e+00
1.314722900390625000e+02 0.000000000000000000e+00 0.000000000000000000e+00
1.321793212890625000e+02 0.000000000000000000e+00 0.000000000000000000e+00
1.328403320312500000e+02 0.000000000000000000e+00 0.000000000000000000e+00
1.332187500000000000e+02 0.000000000000000000e+00 0.000000000000000000e+00
1.336313476562500000e+02 0.000000000000000000e+00 0.000000000000000000e+00
1.341409912109375000e+02 0.000000000000000000e+00 0.000000000000000000e+00
1.349590454101562500e+02 0.000000000000000000e+00 0.000000000000000000e+00
1.355846557617187500e+02 0.000000000000000000e+00 0.000000000000000000e+00
1.358880004882812500e+02 0.000000000000000000e+00 0.000000000000000000e+00
1.361854858398437500e+02 0.000000000000000000e+00 0.000000000000000000e+00
1.365570068359375000e+02 0.000000000000000000e+00 0.000000000000000000e+00
1.369902343750000000e+02 0.000000000000000000e+00 0.000000000000000000e+00
1.375988159179687500e+02 0.000000000000000000e+00 0.000000000000000000e+00
1.381218872070312500e+02 0.000000000000000000e+00 0.000000000000000000e+00
1.381027221679687500e+02 0.000000000000000000e+00 0.000000000000000000e+00
1.353997192382812500e+02 0.000000000000000000e+00 0.000000000000000000e+00
1.316588745117187500e+02 0.000000000000000000e+00 0.000000000000000000e+00
1.290768432617187500e+02 0.000000000000000000e+00 0.000000000000000000e+00
1.272687377929687500e+02 0.000000000000000000e+00 0.000000000000000000e+00
1.266581420898437500e+02 0.000000000000000000e+00 0.000000000000000000e+00
1.262529907226562500e+02 0.000000000000000000e+00 0.000000000000000000e+00
1.260047607421875000e+02 0.000000000000000000e+00 0.000000000000000000e+00
1.260422363281250000e+02 0.000000000000000000e+00 0.000000000000000000e+00
1.262628784179687500e+02 0.000000000000000000e+00 0.000000000000000000e+00
1.269555053710937500e+02 0.000000000000000000e+00 0.000000000000000000e+00
1.279365844726562500e+02 0.000000000000000000e+00 0.000000000000000000e+00
1.283764648437500000e+02 0.000000000000000000e+00 0.000000000000000000e+00
1.284630737304687500e+02 0.000000000000000000e+00 0.000000000000000000e+00
1.283919067382812500e+02 0.000000000000000000e+00 0.000000000000000000e+00
1.281116333007812500e+02 0.000000000000000000e+00 0.000000000000000000e+00
1.280581665039062500e+02 0.000000000000000000e+00 0.000000000000000000e+00
1.280516357421875000e+02 0.000000000000000000e+00 0.000000000000000000e+00
1.281273193359375000e+02 0.000000000000000000e+00 0.000000000000000000e+00
1.284777221679687500e+02 0.000000000000000000e+00 0.000000000000000000e+00
1.290394897460937500e+02 0.000000000000000000e+00 0.000000000000000000e+00
1.297300415039062500e+02 0.000000000000000000e+00 0.000000000000000000e+00
1.303602294921875000e+02 0.000000000000000000e+00 0.000000000000000000e+00
1.314550170898437500e+02 0.000000000000000000e+00 0.000000000000000000e+00
1.313970947265625000e+02 0.000000000000000000e+00 0.000000000000000000e+00
1.316922607421875000e+02 0.000000000000000000e+00 0.000000000000000000e+00
1.320093383789062500e+02 0.000000000000000000e+00 0.000000000000000000e+00
1.320311889648437500e+02 0.000000000000000000e+00 0.000000000000000000e+00
1.323097534179687500e+02 0.000000000000000000e+00 0.000000000000000000e+00
1.327500610351562500e+02 0.000000000000000000e+00 0.000000000000000000e+00
1.330836181640625000e+02 0.000000000000000000e+00 0.000000000000000000e+00
1.332529296875000000e+02 0.000000000000000000e+00 0.000000000000000000e+00
1.332889404296875000e+02 0.000000000000000000e+00 0.000000000000000000e+00
1.334854125976562500e+02 0.000000000000000000e+00 0.000000000000000000e+00
1.342439575195312500e+02 0.000000000000000000e+00 0.000000000000000000e+00
1.351412963867187500e+02 0.000000000000000000e+00 0.000000000000000000e+00
1.359580688476562500e+02 0.000000000000000000e+00 0.000000000000000000e+00
1.351051025390625000e+02 0.000000000000000000e+00 0.000000000000000000e+00
1.310100097656250000e+02 0.000000000000000000e+00 0.000000000000000000e+00
1.277751464843750000e+02 0.000000000000000000e+00 0.000000000000000000e+00
1.256600341796875000e+02 0.000000000000000000e+00 0.000000000000000000e+00
1.247140502929687500e+02 0.000000000000000000e+00 0.000000000000000000e+00
1.241325683593750000e+02 0.000000000000000000e+00 0.000000000000000000e+00
1.238046264648437500e+02 0.000000000000000000e+00 0.000000000000000000e+00
1.238209228515625000e+02 0.000000000000000000e+00 0.000000000000000000e+00
1.240093383789062500e+02 0.000000000000000000e+00 0.000000000000000000e+00
1.243671264648437500e+02 0.000000000000000000e+00 0.000000000000000000e+00
1.250192871093750000e+02 0.000000000000000000e+00 0.000000000000000000e+00
1.258439331054687500e+02 0.000000000000000000e+00 0.000000000000000000e+00
1.262553100585937500e+02 0.000000000000000000e+00 0.000000000000000000e+00
1.267048339843750000e+02 0.000000000000000000e+00 0.000000000000000000e+00
1.269116210937500000e+02 0.000000000000000000e+00 0.000000000000000000e+00
1.268267211914062500e+02 0.000000000000000000e+00 0.000000000000000000e+00
1.268619995117187500e+02 0.000000000000000000e+00 0.000000000000000000e+00
1.274327392578125000e+02 0.000000000000000000e+00 0.000000000000000000e+00
1.276453857421875000e+02 0.000000000000000000e+00 0.000000000000000000e+00
1.277012329101562500e+02 0.000000000000000000e+00 0.000000000000000000e+00
1.281608886718750000e+02 0.000000000000000000e+00 0.000000000000000000e+00
1.292376098632812500e+02 0.000000000000000000e+00 0.000000000000000000e+00
1.297886962890625000e+02 0.000000000000000000e+00 0.000000000000000000e+00
1.306314697265625000e+02 0.000000000000000000e+00 0.000000000000000000e+00
1.316007080078125000e+02 0.000000000000000000e+00 0.000000000000000000e+00
1.320488281250000000e+02 0.000000000000000000e+00 0.000000000000000000e+00
1.322811279296875000e+02 0.000000000000000000e+00 0.000000000000000000e+00
1.330785522460937500e+02 0.000000000000000000e+00 0.000000000000000000e+00
1.335250244140625000e+02 0.000000000000000000e+00 0.000000000000000000e+00
1.339558715820312500e+02 0.000000000000000000e+00 0.000000000000000000e+00
1.342598266601562500e+02 0.000000000000000000e+00 0.000000000000000000e+00
1.344904785156250000e+02 0.000000000000000000e+00 0.000000000000000000e+00
1.346975708007812500e+02 0.000000000000000000e+00 0.000000000000000000e+00
1.348789062500000000e+02 0.000000000000000000e+00 0.000000000000000000e+00
1.354174194335937500e+02 0.000000000000000000e+00 0.000000000000000000e+00
1.358927001953125000e+02 0.000000000000000000e+00 0.000000000000000000e+00
1.362497558593750000e+02 0.000000000000000000e+00 0.000000000000000000e+00
1.360758056640625000e+02 0.000000000000000000e+00 0.000000000000000000e+00
1.328055419921875000e+02 0.000000000000000000e+00 0.000000000000000000e+00
1.291829833984375000e+02 0.000000000000000000e+00 0.000000000000000000e+00
1.260728149414062500e+02 0.000000000000000000e+00 0.000000000000000000e+00
1.245782470703125000e+02 0.000000000000000000e+00 0.000000000000000000e+00
1.234775390625000000e+02 0.000000000000000000e+00 0.000000000000000000e+00
1.229426269531250000e+02 0.000000000000000000e+00 0.000000000000000000e+00
1.228730468750000000e+02 0.000000000000000000e+00 0.000000000000000000e+00
1.228493652343750000e+02 0.000000000000000000e+00 0.000000000000000000e+00
1.236324462890625000e+02 0.000000000000000000e+00 0.000000000000000000e+00
1.234265747070312500e+02 0.000000000000000000e+00 0.000000000000000000e+00
1.240657958984375000e+02 0.000000000000000000e+00 0.000000000000000000e+00
1.249416503906250000e+02 0.000000000000000000e+00 0.000000000000000000e+00
1.254250488281250000e+02 0.000000000000000000e+00 0.000000000000000000e+00
1.257622680664062500e+02 0.000000000000000000e+00 0.000000000000000000e+00
1.256174926757812500e+02 0.000000000000000000e+00 0.000000000000000000e+00
1.256226806640625000e+02 0.000000000000000000e+00 0.000000000000000000e+00
1.260462646484375000e+02 0.000000000000000000e+00 0.000000000000000000e+00
1.258627319335937500e+02 0.000000000000000000e+00 0.000000000000000000e+00
1.262554321289062500e+02 0.000000000000000000e+00 0.000000000000000000e+00
1.277611694335937500e+02 0.000000000000000000e+00 0.000000000000000000e+00
1.290470581054687500e+02 0.000000000000000000e+00 0.000000000000000000e+00
1.291066894531250000e+02 0.000000000000000000e+00 0.000000000000000000e+00
1.292839355468750000e+02 0.000000000000000000e+00 0.000000000000000000e+00
1.302973022460937500e+02 0.000000000000000000e+00 0.000000000000000000e+00
1.315547485351562500e+02 0.000000000000000000e+00 0.000000000000000000e+00
1.321442260742187500e+02 0.000000000000000000e+00 0.000000000000000000e+00
1.321291503906250000e+02 0.000000000000000000e+00 0.000000000000000000e+00
1.321113891601562500e+02 0.000000000000000000e+00 0.000000000000000000e+00
1.325946655273437500e+02 0.000000000000000000e+00 0.000000000000000000e+00
1.331329345703125000e+02 0.000000000000000000e+00 0.000000000000000000e+00
1.334374389648437500e+02 0.000000000000000000e+00 0.000000000000000000e+00
1.334876098632812500e+02 0.000000000000000000e+00 0.000000000000000000e+00
1.337728881835937500e+02 0.000000000000000000e+00 0.000000000000000000e+00
1.347348022460937500e+02 0.000000000000000000e+00 0.000000000000000000e+00
1.356986694335937500e+02 0.000000000000000000e+00 0.000000000000000000e+00
1.359246215820312500e+02 0.000000000000000000e+00 0.000000000000000000e+00
1.348746948242187500e+02 0.000000000000000000e+00 0.000000000000000000e+00
1.306296386718750000e+02 0.000000000000000000e+00 0.000000000000000000e+00
1.267482299804687500e+02 0.000000000000000000e+00 0.000000000000000000e+00
1.237889404296875000e+02 0.000000000000000000e+00 0.000000000000000000e+00
1.220219726562500000e+02 0.000000000000000000e+00 0.000000000000000000e+00
1.212430419921875000e+02 0.000000000000000000e+00 0.000000000000000000e+00
1.209118041992187500e+02 0.000000000000000000e+00 0.000000000000000000e+00
1.208995361328125000e+02 0.000000000000000000e+00 0.000000000000000000e+00
1.207972412109375000e+02 0.000000000000000000e+00 0.000000000000000000e+00
1.217538452148437500e+02 0.000000000000000000e+00 0.000000000000000000e+00
1.232740478515625000e+02 0.000000000000000000e+00 0.000000000000000000e+00
1.245379638671875000e+02 0.000000000000000000e+00 0.000000000000000000e+00
1.250017700195312500e+02 0.000000000000000000e+00 0.000000000000000000e+00
1.250297241210937500e+02 0.000000000000000000e+00 0.000000000000000000e+00
1.250900268554687500e+02 0.000000000000000000e+00 0.000000000000000000e+00
1.250673217773437500e+02 0.000000000000000000e+00 0.000000000000000000e+00
1.248050537109375000e+02 0.000000000000000000e+00 0.000000000000000000e+00
1.247423706054687500e+02 0.000000000000000000e+00 0.000000000000000000e+00
1.251323242187500000e+02 0.000000000000000000e+00 0.000000000000000000e+00
1.257241821289062500e+02 0.000000000000000000e+00 0.000000000000000000e+00
1.263518066406250000e+02 0.000000000000000000e+00 0.000000000000000000e+00
1.268802490234375000e+02 0.000000000000000000e+00 0.000000000000000000e+00
1.275023803710937500e+02 0.000000000000000000e+00 0.000000000000000000e+00
1.281848754882812500e+02 0.000000000000000000e+00 0.000000000000000000e+00
1.289202270507812500e+02 0.000000000000000000e+00 0.000000000000000000e+00
1.299394531250000000e+02 0.000000000000000000e+00 0.000000000000000000e+00
1.305548706054687500e+02 0.000000000000000000e+00 0.000000000000000000e+00
1.309152221679687500e+02 0.000000000000000000e+00 0.000000000000000000e+00
1.312556762695312500e+02 0.000000000000000000e+00 0.000000000000000000e+00
1.313677978515625000e+02 0.000000000000000000e+00 0.000000000000000000e+00
1.316026000976562500e+02 0.000000000000000000e+00 0.000000000000000000e+00
1.320032348632812500e+02 0.000000000000000000e+00 0.000000000000000000e+00
1.332586059570312500e+02 0.000000000000000000e+00 0.000000000000000000e+00
1.333239135742187500e+02 0.000000000000000000e+00 0.000000000000000000e+00
1.332423706054687500e+02 0.000000000000000000e+00 0.000000000000000000e+00
1.299140625000000000e+02 0.000000000000000000e+00 0.000000000000000000e+00
1.261412963867187500e+02 0.000000000000000000e+00 0.000000000000000000e+00
1.231770629882812500e+02 0.000000000000000000e+00 0.000000000000000000e+00
1.214396362304687500e+02 0.000000000000000000e+00 0.000000000000000000e+00
1.209237670898437500e+02 0.000000000000000000e+00 0.000000000000000000e+00
1.206827392578125000e+02 0.000000000000000000e+00 0.000000000000000000e+00
1.206713256835937500e+02 0.000000000000000000e+00 0.000000000000000000e+00
1.208074340820312500e+02 0.000000000000000000e+00 0.000000000000000000e+00
1.213411865234375000e+02 0.000000000000000000e+00 0.000000000000000000e+00
1.224072265625000000e+02 0.000000000000000000e+00 0.000000000000000000e+00
1.233740234375000000e+02 0.000000000000000000e+00 0.000000000000000000e+00
1.240288085937500000e+02 0.000000000000000000e+00 0.000000000000000000e+00
1.247091064453125000e+02 0.000000000000000000e+00 0.000000000000000000e+00
1.247733154296875000e+02 0.000000000000000000e+00 0.000000000000000000e+00
1.246770629882812500e+02 0.000000000000000000e+00 0.000000000000000000e+00
1.244229125976562500e+02 0.000000000000000000e+00 0.000000000000000000e+00
1.243653564453125000e+02 0.000000000000000000e+00 0.000000000000000000e+00
1.244073486328125000e+02 0.000000000000000000e+00 0.000000000000000000e+00
1.246136474609375000e+02 0.000000000000000000e+00 0.000000000000000000e+00
1.250642700195312500e+02 0.000000000000000000e+00 0.000000000000000000e+00
1.258557739257812500e+02 0.000000000000000000e+00 0.000000000000000000e+00
1.266393432617187500e+02 0.000000000000000000e+00 0.000000000000000000e+00
1.269655761718750000e+02 0.000000000000000000e+00 0.000000000000000000e+00
1.272302246093750000e+02 0.000000000000000000e+00 0.000000000000000000e+00
1.280285644531250000e+02 0.000000000000000000e+00 0.000000000000000000e+00
1.286338500976562500e+02 0.000000000000000000e+00 0.000000000000000000e+00
1.291502685546875000e+02 0.000000000000000000e+00 0.000000000000000000e+00
1.297066040039062500e+02 0.000000000000000000e+00 0.000000000000000000e+00
1.301296997070312500e+02 0.000000000000000000e+00 0.000000000000000000e+00
1.303740234375000000e+02 0.000000000000000000e+00 0.000000000000000000e+00
1.305270996093750000e+02 0.000000000000000000e+00 0.000000000000000000e+00
1.306102294921875000e+02 0.000000000000000000e+00 0.000000000000000000e+00
1.313088989257812500e+02 0.000000000000000000e+00 0.000000000000000000e+00
1.324880371093750000e+02 0.000000000000000000e+00 0.000000000000000000e+00
1.322683105468750000e+02 0.000000000000000000e+00 0.000000000000000000e+00
1.289291381835937500e+02 0.000000000000000000e+00 0.000000000000000000e+00
1.242355957031250000e+02 0.000000000000000000e+00 0.000000000000000000e+00
1.212407836914062500e+02 0.000000000000000000e+00 0.000000000000000000e+00
1.196005859375000000e+02 0.000000000000000000e+00 0.000000000000000000e+00
1.187094726562500000e+02 0.000000000000000000e+00 0.000000000000000000e+00
1.182613525390625000e+02 0.000000000000000000e+00 0.000000000000000000e+00
1.181553344726562500e+02 0.000000000000000000e+00 0.000000000000000000e+00
1.181972656250000000e+02 0.000000000000000000e+00 0.000000000000000000e+00
1.185888671875000000e+02 0.000000000000000000e+00 0.000000000000000000e+00
1.192493896484375000e+02 0.000000000000000000e+00 0.000000000000000000e+00
1.205632934570312500e+02 0.000000000000000000e+00 0.000000000000000000e+00
1.212047729492187500e+02 0.000000000000000000e+00 0.000000000000000000e+00
1.219658813476562500e+02 0.000000000000000000e+00 0.000000000000000000e+00
1.219970703125000000e+02 0.000000000000000000e+00 0.000000000000000000e+00
1.221547851562500000e+02 0.000000000000000000e+00 0.000000000000000000e+00
1.221231079101562500e+02 0.000000000000000000e+00 0.000000000000000000e+00
1.219422607421875000e+02 0.000000000000000000e+00 0.000000000000000000e+00
1.223547363281250000e+02 0.000000000000000000e+00 0.000000000000000000e+00
1.226763916015625000e+02 0.000000000000000000e+00 0.000000000000000000e+00
1.230709228515625000e+02 0.000000000000000000e+00 0.000000000000000000e+00
1.236740722656250000e+02 0.000000000000000000e+00 0.000000000000000000e+00
1.241655883789062500e+02 0.000000000000000000e+00 0.000000000000000000e+00
1.252323608398437500e+02 0.000000000000000000e+00 0.000000000000000000e+00
1.255015258789062500e+02 0.000000000000000000e+00 0.000000000000000000e+00
1.263343505859375000e+02 0.000000000000000000e+00 0.000000000000000000e+00
1.273034057617187500e+02 0.000000000000000000e+00 0.000000000000000000e+00
1.278212280273437500e+02 0.000000000000000000e+00 0.000000000000000000e+00
1.284010009765625000e+02 0.000000000000000000e+00 0.000000000000000000e+00
1.289799194335937500e+02 0.000000000000000000e+00 0.000000000000000000e+00
1.290853271484375000e+02 0.000000000000000000e+00 0.000000000000000000e+00
1.293554687500000000e+02 0.000000000000000000e+00 0.000000000000000000e+00
1.294730834960937500e+02 0.000000000000000000e+00 0.000000000000000000e+00
1.296553955078125000e+02 0.000000000000000000e+00 0.000000000000000000e+00
1.298763427734375000e+02 0.000000000000000000e+00 0.000000000000000000e+00
1.303215942382812500e+02 0.000000000000000000e+00 0.000000000000000000e+00
1.299794921875000000e+02 0.000000000000000000e+00 0.000000000000000000e+00
1.260746459960937500e+02 0.000000000000000000e+00 0.000000000000000000e+00
1.221777343750000000e+02 0.000000000000000000e+00 0.000000000000000000e+00
1.196397094726562500e+02 0.000000000000000000e+00 0.000000000000000000e+00
1.182606201171875000e+02 0.000000000000000000e+00 0.000000000000000000e+00
1.172276000976562500e+02 0.000000000000000000e+00 0.000000000000000000e+00
1.167731323242187500e+02 0.000000000000000000e+00 0.000000000000000000e+00
1.165106201171875000e+02 0.000000000000000000e+00 0.000000000000000000e+00
1.166402587890625000e+02 0.000000000000000000e+00 0.000000000000000000e+00
1.168900146484375000e+02 0.000000000000000000e+00 0.000000000000000000e+00
1.171366577148437500e+02 0.000000000000000000e+00 0.000000000000000000e+00
1.179932861328125000e+02 0.000000000000000000e+00 0.000000000000000000e+00
1.188280639648437500e+02 0.000000000000000000e+00 0.000000000000000000e+00
1.192229614257812500e+02 0.000000000000000000e+00 0.000000000000000000e+00
1.191931762695312500e+02 0.000000000000000000e+00 0.000000000000000000e+00
1.189180297851562500e+02 0.000000000000000000e+00 0.000000000000000000e+00
1.188394165039062500e+02 0.000000000000000000e+00 0.000000000000000000e+00
1.188895263671875000e+02 0.000000000000000000e+00 0.000000000000000000e+00
1.193487548828125000e+02 0.000000000000000000e+00 0.000000000000000000e+00
1.198172607421875000e+02 0.000000000000000000e+00 0.000000000000000000e+00
1.204012451171875000e+02 0.000000000000000000e+00 0.000000000000000000e+00
1.208565063476562500e+02 0.000000000000000000e+00 0.000000000000000000e+00
1.217814941406250000e+02 0.000000000000000000e+00 0.000000000000000000e+00
1.227233276367187500e+02 0.000000000000000000e+00 0.000000000000000000e+00
1.231875000000000000e+02 0.000000000000000000e+00 0.000000000000000000e+00
1.234940795898437500e+02 0.000000000000000000e+00 0.000000000000000000e+00
1.238567504882812500e+02 0.000000000000000000e+00 0.000000000000000000e+00
1.240880126953125000e+02 0.000000000000000000e+00 0.000000000000000000e+00
1.242579345703125000e+02 0.000000000000000000e+00 0.000000000000000000e+00
1.246390380859375000e+02 0.000000000000000000e+00 0.000000000000000000e+00
1.248709106445312500e+02 0.000000000000000000e+00 0.000000000000000000e+00
1.253856811523437500e+02 0.000000000000000000e+00 0.000000000000000000e+00
1.256204223632812500e+02 0.000000000000000000e+00 0.000000000000000000e+00
1.258594360351562500e+02 0.000000000000000000e+00 0.000000000000000000e+00
1.265065307617187500e+02 0.000000000000000000e+00 0.000000000000000000e+00
1.274718627929687500e+02 0.000000000000000000e+00 0.000000000000000000e+00
1.273602905273437500e+02 0.000000000000000000e+00 0.000000000000000000e+00
1.241741333007812500e+02 0.000000000000000000e+00 0.000000000000000000e+00
1.200431518554687500e+02 0.000000000000000000e+00 0.000000000000000000e+00
1.167539672851562500e+02 0.000000000000000000e+00 0.000000000000000000e+00
1.148085327148437500e+02 0.000000000000000000e+00 0.000000000000000000e+00
1.136063842773437500e+02 0.000000000000000000e+00 0.000000000000000000e+00
1.133679199218750000e+02 0.000000000000000000e+00 0.000000000000000000e+00
1.133450317382812500e+02 0.000000000000000000e+00 0.000000000000000000e+00
1.135267944335937500e+02 0.000000000000000000e+00 0.000000000000000000e+00
1.140844726562500000e+02 0.000000000000000000e+00 0.000000000000000000e+00
1.153637695312500000e+02 0.000000000000000000e+00 0.000000000000000000e+00
1.169765625000000000e+02 0.000000000000000000e+00 0.000000000000000000e+00
1.173436279296875000e+02 0.000000000000000000e+00 0.000000000000000000e+00
1.177828369140625000e+02 0.000000000000000000e+00 0.000000000000000000e+00
1.177522583007812500e+02 0.000000000000000000e+00 0.000000000000000000e+00
1.179489135742187500e+02 0.000000000000000000e+00 0.000000000000000000e+00
1.177584838867187500e+02 0.000000000000000000e+00 0.000000000000000000e+00
1.178060913085937500e+02 0.000000000000000000e+00 0.000000000000000000e+00
1.180250854492187500e+02 0.000000000000000000e+00 0.000000000000000000e+00
1.187060546875000000e+02 0.000000000000000000e+00 0.000000000000000000e+00
1.196636352539062500e+02 0.000000000000000000e+00 0.000000000000000000e+00
1.201397094726562500e+02 0.000000000000000000e+00 0.000000000000000000e+00
1.211081542968750000e+02 0.000000000000000000e+00 0.000000000000000000e+00
1.219939575195312500e+02 0.000000000000000000e+00 0.000000000000000000e+00
1.228301391601562500e+02 0.000000000000000000e+00 0.000000000000000000e+00
1.231761474609375000e+02 0.000000000000000000e+00 0.000000000000000000e+00
1.239048461914062500e+02 0.000000000000000000e+00 0.000000000000000000e+00
1.247578735351562500e+02 0.000000000000000000e+00 0.000000000000000000e+00
1.253653564453125000e+02 0.000000000000000000e+00 0.000000000000000000e+00
1.260537109375000000e+02 0.000000000000000000e+00 0.000000000000000000e+00
1.264597778320312500e+02 0.000000000000000000e+00 0.000000000000000000e+00
1.268357543945312500e+02 0.000000000000000000e+00 0.000000000000000000e+00
1.272822265625000000e+02 0.000000000000000000e+00 0.000000000000000000e+00
1.279083862304687500e+02 0.000000000000000000e+00 0.000000000000000000e+00
1.279049072265625000e+02 0.000000000000000000e+00 0.000000000000000000e+00
1.259859619140625000e+02 0.000000000000000000e+00 0.000000000000000000e+00
1.217022094726562500e+02 0.000000000000000000e+00 0.000000000000000000e+00
1.187927856445312500e+02 0.000000000000000000e+00 0.000000000000000000e+00
1.166306152343750000e+02 0.000000000000000000e+00 0.000000000000000000e+00
1.159566040039062500e+02 0.000000000000000000e+00 0.000000000000000000e+00
1.155336914062500000e+02 0.000000000000000000e+00 0.000000000000000000e+00
1.156744995117187500e+02 0.000000000000000000e+00 0.000000000000000000e+00
1.159996948242187500e+02 0.000000000000000000e+00 0.000000000000000000e+00
1.166572265625000000e+02 0.000000000000000000e+00 0.000000000000000000e+00
1.174732055664062500e+02 0.000000000000000000e+00 0.000000000000000000e+00
1.185155029296875000e+02 0.000000000000000000e+00 0.000000000000000000e+00
1.191929931640625000e+02 0.000000000000000000e+00 0.000000000000000000e+00
1.194181518554687500e+02 0.000000000000000000e+00 0.000000000000000000e+00
1.194101562500000000e+02 0.000000000000000000e+00 0.000000000000000000e+00
1.192132568359375000e+02 0.000000000000000000e+00 0.000000000000000000e+00
1.190205688476562500e+02 0.000000000000000000e+00 0.000000000000000000e+00
1.189427490234375000e+02 0.000000000000000000e+00 0.000000000000000000e+00
1.193345336914062500e+02 0.000000000000000000e+00 0.000000000000000000e+00
1.202006225585937500e+02 0.000000000000000000e+00 0.000000000000000000e+00
1.210693969726562500e+02 0.000000000000000000e+00 0.000000000000000000e+00
1.218159790039062500e+02 0.000000000000000000e+00 0.000000000000000000e+00
1.224428100585937500e+02 0.000000000000000000e+00 0.000000000000000000e+00
1.232333374023437500e+02 0.000000000000000000e+00 0.000000000000000000e+00
1.236831665039062500e+02 0.000000000000000000e+00 0.000000000000000000e+00
1.242669067382812500e+02 0.000000000000000000e+00 0.000000000000000000e+00
1.250193481445312500e+02 0.000000000000000000e+00 0.000000000000000000e+00
1.257665405273437500e+02 0.000000000000000000e+00 0.000000000000000000e+00
1.264815063476562500e+02 0.000000000000000000e+00 0.000000000000000000e+00
1.269074096679687500e+02 0.000000000000000000e+00 0.000000000000000000e+00
1.272901000976562500e+02 0.000000000000000000e+00 0.000000000000000000e+00
1.273516235351562500e+02 0.000000000000000000e+00 0.000000000000000000e+00
1.277130126953125000e+02 0.000000000000000000e+00 0.000000000000000000e+00
1.282180175781250000e+02 0.000000000000000000e+00 0.000000000000000000e+00
1.289644165039062500e+02 0.000000000000000000e+00 0.000000000000000000e+00
1.295650634765625000e+02 0.000000000000000000e+00 0.000000000000000000e+00
1.282276611328125000e+02 0.000000000000000000e+00 0.000000000000000000e+00
1.232269897460937500e+02 0.000000000000000000e+00 0.000000000000000000e+00
1.195368041992187500e+02 0.000000000000000000e+00 0.000000000000000000e+00
1.173015136718750000e+02 0.000000000000000000e+00 0.000000000000000000e+00
1.162586669921875000e+02 0.000000000000000000e+00 0.000000000000000000e+00
1.157953491210937500e+02 0.000000000000000000e+00 0.000000000000000000e+00
1.152783203125000000e+02 0.000000000000000000e+00 0.000000000000000000e+00
1.151239013671875000e+02 0.000000000000000000e+00 0.000000000000000000e+00
1.149221801757812500e+02 0.000000000000000000e+00 0.000000000000000000e+00
1.151273193359375000e+02 0.000000000000000000e+00 0.000000000000000000e+00
1.152996215820312500e+02 0.000000000000000000e+00 0.000000000000000000e+00
1.155555419921875000e+02 0.000000000000000000e+00 0.000000000000000000e+00
1.164276733398437500e+02 0.000000000000000000e+00 0.000000000000000000e+00
1.165923461914062500e+02 0.000000000000000000e+00 0.000000000000000000e+00
1.164019775390625000e+02 0.000000000000000000e+00 0.000000000000000000e+00
1.160867919921875000e+02 0.000000000000000000e+00 0.000000000000000000e+00
1.157792358398437500e+02 0.000000000000000000e+00 0.000000000000000000e+00
1.162045898437500000e+02 0.000000000000000000e+00 0.000000000000000000e+00
1.164859008789062500e+02 0.000000000000000000e+00 0.000000000000000000e+00
1.170661010742187500e+02 0.000000000000000000e+00 0.000000000000000000e+00
1.178030395507812500e+02 0.000000000000000000e+00 0.000000000000000000e+00
1.183762817382812500e+02 0.000000000000000000e+00 0.000000000000000000e+00
1.191410522460937500e+02 0.000000000000000000e+00 0.000000000000000000e+00
1.197078857421875000e+02 0.000000000000000000e+00 0.000000000000000000e+00
1.200974731445312500e+02 0.000000000000000000e+00 0.000000000000000000e+00
1.205571289062500000e+02 0.000000000000000000e+00 0.000000000000000000e+00
1.211256713867187500e+02 0.000000000000000000e+00 0.000000000000000000e+00
1.212918701171875000e+02 0.000000000000000000e+00 0.000000000000000000e+00
1.216062622070312500e+02 0.000000000000000000e+00 0.000000000000000000e+00
1.223736572265625000e+02 0.000000000000000000e+00 0.000000000000000000e+00
1.232159423828125000e+02 0.000000000000000000e+00 0.000000000000000000e+00
1.235623168945312500e+02 0.000000000000000000e+00 0.000000000000000000e+00
1.239866943359375000e+02 0.000000000000000000e+00 0.000000000000000000e+00
1.247270507812500000e+02 0.000000000000000000e+00 0.000000000000000000e+00
1.257586059570312500e+02 0.000000000000000000e+00 0.000000000000000000e+00
1.260674438476562500e+02 0.000000000000000000e+00 0.000000000000000000e+00
1.236832275390625000e+02 0.000000000000000000e+00 0.000000000000000000e+00
1.198122558593750000e+02 0.000000000000000000e+00 0.000000000000000000e+00
1.169047851562500000e+02 0.000000000000000000e+00 0.000000000000000000e+00
1.142387084960937500e+02 0.000000000000000000e+00 0.000000000000000000e+00
1.131112670898437500e+02 0.000000000000000000e+00 0.000000000000000000e+00
1.127495117187500000e+02 0.000000000000000000e+00 0.000000000000000000e+00
1.124285888671875000e+02 0.000000000000000000e+00 0.000000000000000000e+00
1.122753295898437500e+02 0.000000000000000000e+00 0.000000000000000000e+00
1.123332519531250000e+02 0.000000000000000000e+00 0.000000000000000000e+00
1.126751708984375000e+02 0.000000000000000000e+00 0.000000000000000000e+00
1.134833984375000000e+02 0.000000000000000000e+00 0.000000000000000000e+00
1.141719360351562500e+02 0.000000000000000000e+00 0.000000000000000000e+00
1.145935058593750000e+02 0.000000000000000000e+00 0.000000000000000000e+00
1.148250122070312500e+02 0.000000000000000000e+00 0.000000000000000000e+00
1.147231445312500000e+02 0.000000000000000000e+00 0.000000000000000000e+00
1.146159057617187500e+02 0.000000000000000000e+00 0.000000000000000000e+00
1.145160522460937500e+02 0.000000000000000000e+00 0.000000000000000000e+00
1.145668945312500000e+02 0.000000000000000000e+00 0.000000000000000000e+00
1.147841186523437500e+02 0.000000000000000000e+00 0.000000000000000000e+00
1.149282226562500000e+02 0.000000000000000000e+00 0.000000000000000000e+00
1.158900146484375000e+02 0.000000000000000000e+00 0.000000000000000000e+00
1.164515380859375000e+02 0.000000000000000000e+00 0.000000000000000000e+00
1.164522094726562500e+02 0.000000000000000000e+00 0.000000000000000000e+00
1.165369873046875000e+02 0.000000000000000000e+00 0.000000000000000000e+00
1.169573364257812500e+02 0.000000000000000000e+00 0.000000000000000000e+00
1.179028930664062500e+02 0.000000000000000000e+00 0.000000000000000000e+00
1.178261108398437500e+02 0.000000000000000000e+00 0.000000000000000000e+00
1.182609863281250000e+02 0.000000000000000000e+00 0.000000000000000000e+00
1.183712768554687500e+02 0.000000000000000000e+00 0.000000000000000000e+00
1.189786987304687500e+02 0.000000000000000000e+00 0.000000000000000000e+00
1.194893798828125000e+02 0.000000000000000000e+00 0.000000000000000000e+00
1.200994262695312500e+02 0.000000000000000000e+00 0.000000000000000000e+00
1.204641723632812500e+02 0.000000000000000000e+00 0.000000000000000000e+00
1.211184692382812500e+02 0.000000000000000000e+00 0.000000000000000000e+00
1.217006835937500000e+02 0.000000000000000000e+00 0.000000000000000000e+00
1.221076660156250000e+02 0.000000000000000000e+00 0.000000000000000000e+00
1.196347656250000000e+02 0.000000000000000000e+00 0.000000000000000000e+00
1.159469604492187500e+02 0.000000000000000000e+00 0.000000000000000000e+00
1.132407836914062500e+02 0.000000000000000000e+00 0.000000000000000000e+00
1.120820312500000000e+02 0.000000000000000000e+00 0.000000000000000000e+00
1.111967163085937500e+02 0.000000000000000000e+00 0.000000000000000000e+00
1.107689819335937500e+02 0.000000000000000000e+00 0.000000000000000000e+00
1.107555541992187500e+02 0.000000000000000000e+00 0.000000000000000000e+00
1.113951416015625000e+02 0.000000000000000000e+00 0.000000000000000000e+00
1.126320190429687500e+02 0.000000000000000000e+00 0.000000000000000000e+00
1.133867187500000000e+02 0.000000000000000000e+00 0.000000000000000000e+00
1.143998413085937500e+02 0.000000000000000000e+00 0.000000000000000000e+00
1.150594482421875000e+02 0.000000000000000000e+00 0.000000000000000000e+00
1.158475341796875000e+02 0.000000000000000000e+00 0.000000000000000000e+00
1.161889038085937500e+02 0.000000000000000000e+00 0.000000000000000000e+00
1.164094848632812500e+02 0.000000000000000000e+00 0.000000000000000000e+00
1.162077636718750000e+02 0.000000000000000000e+00 0.000000000000000000e+00
1.162409057617187500e+02 0.000000000000000000e+00 0.000000000000000000e+00
1.162978515625000000e+02 0.000000000000000000e+00 0.000000000000000000e+00
1.166363525390625000e+02 0.000000000000000000e+00 0.000000000000000000e+00
1.174685058593750000e+02 0.000000000000000000e+00 0.000000000000000000e+00
1.188796997070312500e+02 0.000000000000000000e+00 0.000000000000000000e+00
1.204686279296875000e+02 0.000000000000000000e+00 0.000000000000000000e+00
1.207409057617187500e+02 0.000000000000000000e+00 0.000000000000000000e+00
1.207015380859375000e+02 0.000000000000000000e+00 0.000000000000000000e+00
1.207894287109375000e+02 0.000000000000000000e+00 0.000000000000000000e+00
1.206351928710937500e+02 0.000000000000000000e+00 0.000000000000000000e+00
1.211699218750000000e+02 0.000000000000000000e+00 0.000000000000000000e+00
1.215162353515625000e+02 0.000000000000000000e+00 0.000000000000000000e+00
1.217929077148437500e+02 0.000000000000000000e+00 0.000000000000000000e+00
1.219864501953125000e+02 0.000000000000000000e+00 0.000000000000000000e+00
1.228281250000000000e+02 0.000000000000000000e+00 0.000000000000000000e+00
1.237774047851562500e+02 0.000000000000000000e+00 0.000000000000000000e+00
1.248175659179687500e+02 0.000000000000000000e+00 0.000000000000000000e+00
1.251051635742187500e+02 0.000000000000000000e+00 0.000000000000000000e+00
1.250402221679687500e+02 0.000000000000000000e+00 0.000000000000000000e+00
1.243728027343750000e+02 0.000000000000000000e+00 0.000000000000000000e+00
1.216246337890625000e+02 0.000000000000000000e+00 0.000000000000000000e+00
1.192050781250000000e+02 0.000000000000000000e+00 0.000000000000000000e+00
1.177314453125000000e+02 0.000000000000000000e+00 0.000000000000000000e+00
1.169414062500000000e+02 0.000000000000000000e+00 0.000000000000000000e+00
1.164628906250000000e+02 0.000000000000000000e+00 0.000000000000000000e+00
1.164904785156250000e+02 0.000000000000000000e+00 0.000000000000000000e+00
1.164484252929687500e+02 0.000000000000000000e+00 0.000000000000000000e+00
1.167600708007812500e+02 0.000000000000000000e+00 0.000000000000000000e+00
1.173761596679687500e+02 0.000000000000000000e+00 0.000000000000000000e+00
1.178070678710937500e+02 0.000000000000000000e+00 0.000000000000000000e+00
1.184508056640625000e+02 0.000000000000000000e+00 0.000000000000000000e+00
1.186274414062500000e+02 0.000000000000000000e+00 0.000000000000000000e+00
1.186398315429687500e+02 0.000000000000000000e+00 0.000000000000000000e+00
1.189026489257812500e+02 0.000000000000000000e+00 0.000000000000000000e+00
1.187205810546875000e+02 0.000000000000000000e+00 0.000000000000000000e+00
1.185822753906250000e+02 0.000000000000000000e+00 0.000000000000000000e+00
1.183468627929687500e+02 0.000000000000000000e+00 0.000000000000000000e+00
1.184389648437500000e+02 0.000000000000000000e+00 0.000000000000000000e+00
1.188008422851562500e+02 0.000000000000000000e+00 0.000000000000000000e+00
1.192662353515625000e+02 0.000000000000000000e+00 0.000000000000000000e+00
1.200804443359375000e+02 0.000000000000000000e+00 0.000000000000000000e+00
1.208552856445312500e+02 0.000000000000000000e+00 0.000000000000000000e+00
1.212004394531250000e+02 0.000000000000000000e+00 0.000000000000000000e+00
1.215452270507812500e+02 0.000000000000000000e+00 0.000000000000000000e+00
1.221025390625000000e+02 0.000000000000000000e+00 0.000000000000000000e+00
1.228527832031250000e+02 0.000000000000000000e+00 0.000000000000000000e+00
1.232391967773437500e+02 0.000000000000000000e+00 0.000000000000000000e+00
1.241433715820312500e+02 0.000000000000000000e+00 0.000000000000000000e+00
1.249415283203125000e+02 0.000000000000000000e+00 0.000000000000000000e+00
1.261571044921875000e+02 0.000000000000000000e+00 0.000000000000000000e+00
1.270891113281250000e+02 0.000000000000000000e+00 0.000000000000000000e+00
1.274993286132812500e+02 0.000000000000000000e+00 0.000000000000000000e+00
1.282813110351562500e+02 0.000000000000000000e+00 0.000000000000000000e+00
1.298965454101562500e+02 0.000000000000000000e+00 0.000000000000000000e+00
1.312192382812500000e+02 0.000000000000000000e+00 0.000000000000000000e+00
1.306569213867187500e+02 0.000000000000000000e+00 0.000000000000000000e+00
1.266620483398437500e+02 0.000000000000000000e+00 0.000000000000000000e+00
1.229795532226562500e+02 0.000000000000000000e+00 0.000000000000000000e+00
1.208323364257812500e+02 0.000000000000000000e+00 0.000000000000000000e+00
1.198444213867187500e+02 0.000000000000000000e+00 0.000000000000000000e+00
1.192473144531250000e+02 0.000000000000000000e+00 0.000000000000000000e+00
1.189932861328125000e+02 0.000000000000000000e+00 0.000000000000000000e+00
1.191382446289062500e+02 0.000000000000000000e+00 0.000000000000000000e+00
1.199776000976562500e+02 0.000000000000000000e+00 0.000000000000000000e+00
1.205655517578125000e+02 0.000000000000000000e+00 0.000000000000000000e+00
1.211574707031250000e+02 0.000000000000000000e+00 0.000000000000000000e+00
1.216055297851562500e+02 0.000000000000000000e+00 0.000000000000000000e+00
1.217608642578125000e+02 0.000000000000000000e+00 0.000000000000000000e+00
1.213889160156250000e+02 0.000000000000000000e+00 0.000000000000000000e+00
1.210068359375000000e+02 0.000000000000000000e+00 0.000000000000000000e+00
1.205510253906250000e+02 0.000000000000000000e+00 0.000000000000000000e+00
1.202326049804687500e+02 0.000000000000000000e+00 0.000000000000000000e+00
1.189581298828125000e+02 0.000000000000000000e+00 0.000000000000000000e+00
1.182575683593750000e+02 0.000000000000000000e+00 0.000000000000000000e+00
1.182269897460937500e+02 0.000000000000000000e+00 0.000000000000000000e+00
1.186676025390625000e+02 0.000000000000000000e+00 0.000000000000000000e+00
1.193005371093750000e+02 0.000000000000000000e+00 0.000000000000000000e+00
1.201041870117187500e+02 0.000000000000000000e+00 0.000000000000000000e+00
1.207446289062500000e+02 0.000000000000000000e+00 0.000000000000000000e+00
1.215729980468750000e+02 0.000000000000000000e+00 0.000000000000000000e+00
1.220651855468750000e+02 0.000000000000000000e+00 0.000000000000000000e+00
1.228333740234375000e+02 0.000000000000000000e+00 0.000000000000000000e+00
1.234520263671875000e+02 0.000000000000000000e+00 0.000000000000000000e+00
1.236288452148437500e+02 0.000000000000000000e+00 0.000000000000000000e+00
1.235556640625000000e+02 0.000000000000000000e+00 0.000000000000000000e+00
1.239201660156250000e+02 0.000000000000000000e+00 0.000000000000000000e+00
1.243093872070312500e+02 0.000000000000000000e+00 0.000000000000000000e+00
1.250628051757812500e+02 0.000000000000000000e+00 0.000000000000000000e+00
1.259729003906250000e+02 0.000000000000000000e+00 0.000000000000000000e+00
1.266530151367187500e+02 0.000000000000000000e+00 0.000000000000000000e+00
1.269094848632812500e+02 0.000000000000000000e+00 0.000000000000000000e+00
1.270650634765625000e+02 0.000000000000000000e+00 0.000000000000000000e+00
1.267718505859375000e+02 0.000000000000000000e+00 0.000000000000000000e+00
1.227994995117187500e+02 0.000000000000000000e+00 0.000000000000000000e+00
1.185377807617187500e+02 0.000000000000000000e+00 0.000000000000000000e+00
1.151882324218750000e+02 0.000000000000000000e+00 0.000000000000000000e+00
1.140129394531250000e+02 0.000000000000000000e+00 0.000000000000000000e+00
1.129434814453125000e+02 0.000000000000000000e+00 0.000000000000000000e+00
1.125438232421875000e+02 0.000000000000000000e+00 0.000000000000000000e+00
1.123327636718750000e+02 0.000000000000000000e+00 0.000000000000000000e+00
1.122969360351562500e+02 0.000000000000000000e+00 0.000000000000000000e+00
1.128781127929687500e+02 0.000000000000000000e+00 0.000000000000000000e+00
1.135407104492187500e+02 0.000000000000000000e+00 0.000000000000000000e+00
1.144902954101562500e+02 0.000000000000000000e+00 0.000000000000000000e+00
1.153421020507812500e+02 0.000000000000000000e+00 0.000000000000000000e+00
1.157962036132812500e+02 0.000000000000000000e+00 0.000000000000000000e+00
1.158142089843750000e+02 0.000000000000000000e+00 0.000000000000000000e+00
1.158971557617187500e+02 0.000000000000000000e+00 0.000000000000000000e+00
1.159385986328125000e+02 0.000000000000000000e+00 0.000000000000000000e+00
1.160062866210937500e+02 0.000000000000000000e+00 0.000000000000000000e+00
1.161865844726562500e+02 0.000000000000000000e+00 0.000000000000000000e+00
1.164410400390625000e+02 0.000000000000000000e+00 0.000000000000000000e+00
1.170071411132812500e+02 0.000000000000000000e+00 0.000000000000000000e+00
1.177158203125000000e+02 0.000000000000000000e+00 0.000000000000000000e+00
1.180357666015625000e+02 0.000000000000000000e+00 0.000000000000000000e+00
1.183381347656250000e+02 0.000000000000000000e+00 0.000000000000000000e+00
1.190614013671875000e+02 0.000000000000000000e+00 0.000000000000000000e+00
1.195275268554687500e+02 0.000000000000000000e+00 0.000000000000000000e+00
1.196867675781250000e+02 0.000000000000000000e+00 0.000000000000000000e+00
1.201405029296875000e+02 0.000000000000000000e+00 0.000000000000000000e+00
1.202852172851562500e+02 0.000000000000000000e+00 0.000000000000000000e+00
1.205394897460937500e+02 0.000000000000000000e+00 0.000000000000000000e+00
1.211037597656250000e+02 0.000000000000000000e+00 0.000000000000000000e+00
1.216527099609375000e+02 0.000000000000000000e+00 0.000000000000000000e+00
1.222538452148437500e+02 0.000000000000000000e+00 0.000000000000000000e+00
1.227142944335937500e+02 0.000000000000000000e+00 0.000000000000000000e+00
1.232188720703125000e+02 0.000000000000000000e+00 0.000000000000000000e+00
1.230258178710937500e+02 0.000000000000000000e+00 0.000000000000000000e+00
1.201442260742187500e+02 0.000000000000000000e+00 0.000000000000000000e+00
1.167509155273437500e+02 0.000000000000000000e+00 0.000000000000000000e+00
1.147268066406250000e+02 0.000000000000000000e+00 0.000000000000000000e+00
1.133925170898437500e+02 0.000000000000000000e+00 0.000000000000000000e+00
1.129096679687500000e+02 0.000000000000000000e+00 0.000000000000000000e+00
1.125817260742187500e+02 0.000000000000000000e+00 0.000000000000000000e+00
1.125942993164062500e+02 0.000000000000000000e+00 0.000000000000000000e+00
1.127191162109375000e+02 0.000000000000000000e+00 0.000000000000000000e+00
1.130248413085937500e+02 0.000000000000000000e+00 0.000000000000000000e+00
1.141118164062500000e+02 0.000000000000000000e+00 0.000000000000000000e+00
1.149801025390625000e+02 0.000000000000000000e+00 0.000000000000000000e+00
1.153232421875000000e+02 0.000000000000000000e+00 0.000000000000000000e+00
1.153786621093750000e+02 0.000000000000000000e+00 0.000000000000000000e+00
1.152778930664062500e+02 0.000000000000000000e+00 0.000000000000000000e+00
1.151727905273437500e+02 0.000000000000000000e+00 0.000000000000000000e+00
1.150922851562500000e+02 0.000000000000000000e+00 0.000000000000000000e+00
1.150505981445312500e+02 0.000000000000000000e+00 0.000000000000000000e+00
1.151960449218750000e+02 0.000000000000000000e+00 0.000000000000000000e+00
1.155299072265625000e+02 0.000000000000000000e+00 0.000000000000000000e+00
1.161315307617187500e+02 0.000000000000000000e+00 0.000000000000000000e+00
1.166861572265625000e+02 0.000000000000000000e+00 0.000000000000000000e+00
1.173243408203125000e+02 0.000000000000000000e+00 0.000000000000000000e+00
1.180684814453125000e+02 0.000000000000000000e+00 0.000000000000000000e+00
1.187683105468750000e+02 0.000000000000000000e+00 0.000000000000000000e+00
1.195540771484375000e+02 0.000000000000000000e+00 0.000000000000000000e+00
1.207744140625000000e+02 0.000000000000000000e+00 0.000000000000000000e+00
1.208996582031250000e+02 0.000000000000000000e+00 0.000000000000000000e+00
1.208854370117187500e+02 0.000000000000000000e+00 0.000000000000000000e+00
1.212765502929687500e+02 0.000000000000000000e+00 0.000000000000000000e+00
1.216955566406250000e+02 0.000000000000000000e+00 0.000000000000000000e+00
1.221942138671875000e+02 0.000000000000000000e+00 0.000000000000000000e+00
1.225101318359375000e+02 0.000000000000000000e+00 0.000000000000000000e+00
1.230399780273437500e+02 0.000000000000000000e+00 0.000000000000000000e+00
1.226524047851562500e+02 0.000000000000000000e+00 0.000000000000000000e+00
1.196038818359375000e+02 0.000000000000000000e+00 0.000000000000000000e+00
1.159517822265625000e+02 0.000000000000000000e+00 0.000000000000000000e+00
1.135205078125000000e+02 0.000000000000000000e+00 0.000000000000000000e+00
1.120984497070312500e+02 0.000000000000000000e+00 0.000000000000000000e+00
1.112891845703125000e+02 0.000000000000000000e+00 0.000000000000000000e+00
1.110650634765625000e+02 0.000000000000000000e+00 0.000000000000000000e+00
1.110590209960937500e+02 0.000000000000000000e+00 0.000000000000000000e+00
1.110999755859375000e+02 0.000000000000000000e+00 0.000000000000000000e+00
1.110329589843750000e+02 0.000000000000000000e+00 0.000000000000000000e+00
1.119384765625000000e+02 0.000000000000000000e+00 0.000000000000000000e+00
1.125599365234375000e+02 0.000000000000000000e+00 0.000000000000000000e+00
1.130467529296875000e+02 0.000000000000000000e+00 0.000000000000000000e+00
1.134148559570312500e+02 0.000000000000000000e+00 0.000000000000000000e+00
1.134527587890625000e+02 0.000000000000000000e+00 0.000000000000000000e+00
1.132916870117187500e+02 0.000000000000000000e+00 0.000000000000000000e+00
1.132296142578125000e+02 0.000000000000000000e+00 0.000000000000000000e+00
1.135527954101562500e+02 0.000000000000000000e+00 0.000000000000000000e+00
1.133090820312500000e+02 0.000000000000000000e+00 0.000000000000000000e+00
1.140007324218750000e+02 0.000000000000000000e+00 0.000000000000000000e+00
1.144617919921875000e+02 0.000000000000000000e+00 0.000000000000000000e+00
1.152020263671875000e+02 0.000000000000000000e+00 0.000000000000000000e+00
1.158357543945312500e+02 0.000000000000000000e+00 0.000000000000000000e+00
1.160899047851562500e+02 0.000000000000000000e+00 0.000000000000000000e+00
1.165833129882812500e+02 0.000000000000000000e+00 0.000000000000000000e+00
1.168485107421875000e+02 0.000000000000000000e+00 0.000000000000000000e+00
1.174837646484375000e+02 0.000000000000000000e+00 0.000000000000000000e+00
1.181605224609375000e+02 0.000000000000000000e+00 0.000000000000000000e+00
1.186629638671875000e+02 0.000000000000000000e+00 0.000000000000000000e+00
1.188115844726562500e+02 0.000000000000000000e+00 0.000000000000000000e+00
1.189166259765625000e+02 0.000000000000000000e+00 0.000000000000000000e+00
1.191415405273437500e+02 0.000000000000000000e+00 0.000000000000000000e+00
1.193486938476562500e+02 0.000000000000000000e+00 0.000000000000000000e+00
1.200644531250000000e+02 0.000000000000000000e+00 0.000000000000000000e+00
1.205709838867187500e+02 0.000000000000000000e+00 0.000000000000000000e+00
1.207192382812500000e+02 0.000000000000000000e+00 0.000000000000000000e+00
1.198985595703125000e+02 0.000000000000000000e+00 0.000000000000000000e+00
1.164957885742187500e+02 0.000000000000000000e+00 0.000000000000000000e+00
1.132632446289062500e+02 0.000000000000000000e+00 0.000000000000000000e+00
1.114639282226562500e+02 0.000000000000000000e+00 0.000000000000000000e+00
1.103596191406250000e+02 0.000000000000000000e+00 0.000000000000000000e+00
1.097558593750000000e+02 0.000000000000000000e+00 0.000000000000000000e+00
1.097526855468750000e+02 0.000000000000000000e+00 0.000000000000000000e+00
1.097397460937500000e+02 0.000000000000000000e+00 0.000000000000000000e+00
1.098754272460937500e+02 0.000000000000000000e+00 0.000000000000000000e+00
1.101830444335937500e+02 0.000000000000000000e+00 0.000000000000000000e+00
1.108516235351562500e+02 0.000000000000000000e+00 0.000000000000000000e+00
1.114079589843750000e+02 0.000000000000000000e+00 0.000000000000000000e+00
1.119698486328125000e+02 0.000000000000000000e+00 0.000000000000000000e+00
1.121323852539062500e+02 0.000000000000000000e+00 0.000000000000000000e+00
1.120743408203125000e+02 0.000000000000000000e+00 0.000000000000000000e+00
1.120498046875000000e+02 0.000000000000000000e+00 0.000000000000000000e+00
1.123081054687500000e+02 0.000000000000000000e+00 0.000000000000000000e+00
1.122634277343750000e+02 0.000000000000000000e+00 0.000000000000000000e+00
1.123878173828125000e+02 0.000000000000000000e+00 0.000000000000000000e+00
1.128229980468750000e+02 0.000000000000000000e+00 0.000000000000000000e+00
1.133021240234375000e+02 0.000000000000000000e+00 0.000000000000000000e+00
1.137951049804687500e+02 0.000000000000000000e+00 0.000000000000000000e+00
1.141930541992187500e+02 0.000000000000000000e+00 0.000000000000000000e+00
1.143954467773437500e+02 0.000000000000000000e+00 0.000000000000000000e+00
1.149564208984375000e+02 0.000000000000000000e+00 0.000000000000000000e+00
1.152735595703125000e+02 0.000000000000000000e+00 0.000000000000000000e+00
1.159936523437500000e+02 0.000000000000000000e+00 0.000000000000000000e+00
1.163759155273437500e+02 0.000000000000000000e+00 0.000000000000000000e+00
1.167011108398437500e+02 0.000000000000000000e+00 0.000000000000000000e+00
1.169983520507812500e+02 0.000000000000000000e+00 0.000000000000000000e+00
1.174188842773437500e+02 0.000000000000000000e+00 0.000000000000000000e+00
1.177756958007812500e+02 0.000000000000000000e+00 0.000000000000000000e+00
1.181178588867187500e+02 0.000000000000000000e+00 0.000000000000000000e+00
1.185910034179687500e+02 0.000000000000000000e+00 0.000000000000000000e+00
1.191299438476562500e+02 0.000000000000000000e+00 0.000000000000000000e+00
1.192627563476562500e+02 0.000000000000000000e+00 0.000000000000000000e+00
1.191733398437500000e+02 0.000000000000000000e+00 0.000000000000000000e+00
1.164586181640625000e+02 0.000000000000000000e+00 0.000000000000000000e+00
1.130857543945312500e+02 0.000000000000000000e+00 0.000000000000000000e+00
1.110874633789062500e+02 0.000000000000000000e+00 0.000000000000000000e+00
1.097338256835937500e+02 0.000000000000000000e+00 0.000000000000000000e+00
1.091560668945312500e+02 0.000000000000000000e+00 0.000000000000000000e+00
1.089902954101562500e+02 0.000000000000000000e+00 0.000000000000000000e+00
1.092075195312500000e+02 0.000000000000000000e+00 0.000000000000000000e+00
1.097169189453125000e+02 0.000000000000000000e+00 0.000000000000000000e+00
1.102212524414062500e+02 0.000000000000000000e+00 0.000000000000000000e+00
1.107512817382812500e+02 0.000000000000000000e+00 0.000000000000000000e+00
1.114713745117187500e+02 0.000000000000000000e+00 0.000000000000000000e+00
1.121261596679687500e+02 0.000000000000000000e+00 0.000000000000000000e+00
1.123891601562500000e+02 0.000000000000000000e+00 0.000000000000000000e+00
1.125175781250000000e+02 0.000000000000000000e+00 0.000000000000000000e+00
1.126675415039062500e+02 0.000000000000000000e+00 0.000000000000000000e+00
1.125137329101562500e+02 0.000000000000000000e+00 0.000000000000000000e+00
1.125882568359375000e+02 0.000000000000000000e+00 0.000000000000000000e+00
1.126668090820312500e+02 0.000000000000000000e+00 0.000000000000000000e+00
1.129945678710937500e+02 0.000000000000000000e+00 0.000000000000000000e+00
1.133931884765625000e+02 0.000000000000000000e+00 0.000000000000000000e+00
1.138710327148437500e+02 0.000000000000000000e+00 0.000000000000000000e+00
1.141726684570312500e+02 0.000000000000000000e+00 0.000000000000000000e+00
1.144244995117187500e+02 0.000000000000000000e+00 0.000000000000000000e+00
1.149842529296875000e+02 0.000000000000000000e+00 0.000000000000000000e+00
1.154218750000000000e+02 0.000000000000000000e+00 0.000000000000000000e+00
1.159313964843750000e+02 0.000000000000000000e+00 0.000000000000000000e+00
1.163940429687500000e+02 0.000000000000000000e+00 0.000000000000000000e+00
1.168323974609375000e+02 0.000000000000000000e+00 0.000000000000000000e+00
1.173223266601562500e+02 0.000000000000000000e+00 0.000000000000000000e+00
1.179475097656250000e+02 0.000000000000000000e+00 0.000000000000000000e+00
1.183758544921875000e+02 0.000000000000000000e+00 0.000000000000000000e+00
1.186515502929687500e+02 0.000000000000000000e+00 0.000000000000000000e+00
1.186259155273437500e+02 0.000000000000000000e+00 0.000000000000000000e+00
1.191914672851562500e+02 0.000000000000000000e+00 0.000000000000000000e+00
1.198005371093750000e+02 0.000000000000000000e+00 0.000000000000000000e+00
1.198045654296875000e+02 0.000000000000000000e+00 0.000000000000000000e+00
1.182845458984375000e+02 0.000000000000000000e+00 0.000000000000000000e+00
1.151395263671875000e+02 0.000000000000000000e+00 0.000000000000000000e+00
1.127744750976562500e+02 0.000000000000000000e+00 0.000000000000000000e+00
1.108539428710937500e+02 0.000000000000000000e+00 0.000000000000000000e+00
1.103850708007812500e+02 0.000000000000000000e+00 0.000000000000000000e+00
1.100160522460937500e+02 0.000000000000000000e+00 0.000000000000000000e+00
1.101215209960937500e+02 0.000000000000000000e+00 0.000000000000000000e+00
1.103477172851562500e+02 0.000000000000000000e+00 0.000000000000000000e+00
1.106000366210937500e+02 0.000000000000000000e+00 0.000000000000000000e+00
1.111172485351562500e+02 0.000000000000000000e+00 0.000000000000000000e+00
1.115651245117187500e+02 0.000000000000000000e+00 0.000000000000000000e+00
1.118950195312500000e+02 0.000000000000000000e+00 0.000000000000000000e+00
1.119179687500000000e+02 0.000000000000000000e+00 0.000000000000000000e+00
1.119178466796875000e+02 0.000000000000000000e+00 0.000000000000000000e+00
1.120638427734375000e+02 0.000000000000000000e+00 0.000000000000000000e+00
1.119983520507812500e+02 0.000000000000000000e+00 0.000000000000000000e+00
1.117291870117187500e+02 0.000000000000000000e+00 0.000000000000000000e+00
1.120811767578125000e+02 0.000000000000000000e+00 0.000000000000000000e+00
1.123886718750000000e+02 0.000000000000000000e+00 0.000000000000000000e+00
1.129013671875000000e+02 0.000000000000000000e+00 0.000000000000000000e+00
1.132368774414062500e+02 0.000000000000000000e+00 0.000000000000000000e+00
1.135096435546875000e+02 0.000000000000000000e+00 0.000000000000000000e+00
1.139758911132812500e+02 0.000000000000000000e+00 0.000000000000000000e+00
1.143483886718750000e+02 0.000000000000000000e+00 0.000000000000000000e+00
1.148110351562500000e+02 0.000000000000000000e+00 0.000000000000000000e+00
1.149288330078125000e+02 0.000000000000000000e+00 0.000000000000000000e+00
1.152100830078125000e+02 0.000000000000000000e+00 0.000000000000000000e+00
1.154889526367187500e+02 0.000000000000000000e+00 0.000000000000000000e+00
1.159342041015625000e+02 0.000000000000000000e+00 0.000000000000000000e+00
1.163474121093750000e+02 0.000000000000000000e+00 0.000000000000000000e+00
1.166071166992187500e+02 0.000000000000000000e+00 0.000000000000000000e+00
1.167437133789062500e+02 0.000000000000000000e+00 0.000000000000000000e+00
1.172727661132812500e+02 0.000000000000000000e+00 0.000000000000000000e+00
1.173442382812500000e+02 0.000000000000000000e+00 0.000000000000000000e+00
1.172183837890625000e+02 0.000000000000000000e+00 0.000000000000000000e+00
1.146855468750000000e+02 0.000000000000000000e+00 0.000000000000000000e+00
1.118818359375000000e+02 0.000000000000000000e+00 0.000000000000000000e+00
1.102146606445312500e+02 0.000000000000000000e+00 0.000000000000000000e+00
1.091236572265625000e+02 0.000000000000000000e+00 0.000000000000000000e+00
1.085797729492187500e+02 0.000000000000000000e+00 0.000000000000000000e+00
1.085676879882812500e+02 0.000000000000000000e+00 0.000000000000000000e+00
1.086981811523437500e+02 0.000000000000000000e+00 0.000000000000000000e+00
1.087588500976562500e+02 0.000000000000000000e+00 0.000000000000000000e+00
1.092022094726562500e+02 0.000000000000000000e+00 0.000000000000000000e+00
1.095836791992187500e+02 0.000000000000000000e+00 0.000000000000000000e+00
1.100354003906250000e+02 0.000000000000000000e+00 0.000000000000000000e+00
1.104293823242187500e+02 0.000000000000000000e+00 0.000000000000000000e+00
1.105810546875000000e+02 0.000000000000000000e+00 0.000000000000000000e+00
1.105621948242187500e+02 0.000000000000000000e+00 0.000000000000000000e+00
1.105823974609375000e+02 0.000000000000000000e+00 0.000000000000000000e+00
1.106581420898437500e+02 0.000000000000000000e+00 0.000000000000000000e+00
1.106600341796875000e+02 0.000000000000000000e+00 0.000000000000000000e+00
1.111061401367187500e+02 0.000000000000000000e+00 0.000000000000000000e+00
1.112186279296875000e+02 0.000000000000000000e+00 0.000000000000000000e+00
1.115191650390625000e+02 0.000000000000000000e+00 0.000000000000000000e+00
1.117322998046875000e+02 0.000000000000000000e+00 0.000000000000000000e+00
1.119387817382812500e+02 0.000000000000000000e+00 0.000000000000000000e+00
1.124135742187500000e+02 0.000000000000000000e+00 0.000000000000000000e+00
1.127310180664062500e+02 0.000000000000000000e+00 0.000000000000000000e+00
1.131864013671875000e+02 0.000000000000000000e+00 0.000000000000000000e+00
1.135432128906250000e+02 0.000000000000000000e+00 0.000000000000000000e+00
1.136942138671875000e+02 0.000000000000000000e+00 0.000000000000000000e+00
1.140684204101562500e+02 0.000000000000000000e+00 0.000000000000000000e+00
1.148978881835937500e+02 0.000000000000000000e+00 0.000000000000000000e+00
1.147193603515625000e+02 0.000000000000000000e+00 0.000000000000000000e+00
1.147570800781250000e+02 0.000000000000000000e+00 0.000000000000000000e+00
1.149100341796875000e+02 0.000000000000000000e+00 0.000000000000000000e+00
1.152711791992187500e+02 0.000000000000000000e+00 0.000000000000000000e+00
1.156300048828125000e+02 0.000000000000000000e+00 0.000000000000000000e+00
1.158721923828125000e+02 0.000000000000000000e+00 0.000000000000000000e+00
1.150900878906250000e+02 0.000000000000000000e+00 0.000000000000000000e+00
1.124165039062500000e+02 0.000000000000000000e+00 0.000000000000000000e+00
1.097103881835937500e+02 0.000000000000000000e+00 0.000000000000000000e+00
1.078209228515625000e+02 0.000000000000000000e+00 0.000000000000000000e+00
1.069872436523437500e+02 0.000000000000000000e+00 0.000000000000000000e+00
1.067625732421875000e+02 0.000000000000000000e+00 0.000000000000000000e+00
1.067219238281250000e+02 0.000000000000000000e+00 0.000000000000000000e+00
1.067431640625000000e+02 0.000000000000000000e+00 0.000000000000000000e+00
1.068389892578125000e+02 0.000000000000000000e+00 0.000000000000000000e+00
1.070471191406250000e+02 0.000000000000000000e+00 0.000000000000000000e+00
1.075451049804687500e+02 0.000000000000000000e+00 0.000000000000000000e+00
1.078883056640625000e+02 0.000000000000000000e+00 0.000000000000000000e+00
1.082083129882812500e+02 0.000000000000000000e+00 0.000000000000000000e+00
1.083944091796875000e+02 0.000000000000000000e+00 0.000000000000000000e+00
1.084148559570312500e+02 0.000000000000000000e+00 0.000000000000000000e+00
1.084251708984375000e+02 0.000000000000000000e+00 0.000000000000000000e+00
1.084864501953125000e+02 0.000000000000000000e+00 0.000000000000000000e+00
1.085514526367187500e+02 0.000000000000000000e+00 0.000000000000000000e+00
1.087070312500000000e+02 0.000000000000000000e+00 0.000000000000000000e+00
1.093193969726562500e+02 0.000000000000000000e+00 0.000000000000000000e+00
1.095288085937500000e+02 0.000000000000000000e+00 0.000000000000000000e+00
1.097579956054687500e+02 0.000000000000000000e+00 0.000000000000000000e+00
1.101041259765625000e+02 0.000000000000000000e+00 0.000000000000000000e+00
1.104844360351562500e+02 0.000000000000000000e+00 0.000000000000000000e+00
1.110180664062500000e+02 0.000000000000000000e+00 0.000000000000000000e+00
1.112937622070312500e+02 0.000000000000000000e+00 0.000000000000000000e+00
1.117772827148437500e+02 0.000000000000000000e+00 0.000000000000000000e+00
1.121766357421875000e+02 0.000000000000000000e+00 0.000000000000000000e+00
1.126569824218750000e+02 0.000000000000000000e+00 0.000000000000000000e+00
1.128323974609375000e+02 0.000000000000000000e+00 0.000000000000000000e+00
1.131503295898437500e+02 0.000000000000000000e+00 0.000000000000000000e+00
1.132850341796875000e+02 0.000000000000000000e+00 0.000000000000000000e+00
1.134362182617187500e+02 0.000000000000000000e+00 0.000000000000000000e+00
1.137485351562500000e+02 0.000000000000000000e+00 0.000000000000000000e+00
1.142462158203125000e+02 0.000000000000000000e+00 0.000000000000000000e+00
1.148624877929687500e+02 0.000000000000000000e+00 0.000000000000000000e+00
1.151915283203125000e+02 0.000000000000000000e+00 0.000000000000000000e+00
1.136796875000000000e+02 0.000000000000000000e+00 0.000000000000000000e+00
1.108577880859375000e+02 0.000000000000000000e+00 0.000000000000000000e+00
1.090010375976562500e+02 0.000000000000000000e+00 0.000000000000000000e+00
1.079000244140625000e+02 0.000000000000000000e+00 0.000000000000000000e+00
1.072340087890625000e+02 0.000000000000000000e+00 0.000000000000000000e+00
1.069907836914062500e+02 0.000000000000000000e+00 0.000000000000000000e+00
1.070201416015625000e+02 0.000000000000000000e+00 0.000000000000000000e+00
1.072056884765625000e+02 0.000000000000000000e+00 0.000000000000000000e+00
1.075293579101562500e+02 0.000000000000000000e+00 0.000000000000000000e+00
1.081989746093750000e+02 0.000000000000000000e+00 0.000000000000000000e+00
1.089008178710937500e+02 0.000000000000000000e+00 0.000000000000000000e+00
1.094661254882812500e+02 0.000000000000000000e+00 0.000000000000000000e+00
1.097882690429687500e+02 0.000000000000000000e+00 0.000000000000000000e+00
1.099418334960937500e+02 0.000000000000000000e+00 0.000000000000000000e+00
1.099256591796875000e+02 0.000000000000000000e+00 0.000000000000000000e+00
1.098919677734375000e+02 0.000000000000000000e+00 0.000000000000000000e+00
1.101087646484375000e+02 0.000000000000000000e+00 0.000000000000000000e+00
1.099997558593750000e+02 0.000000000000000000e+00 0.000000000000000000e+00
1.102893676757812500e+02 0.000000000000000000e+00 0.000000000000000000e+00
1.103956298828125000e+02 0.000000000000000000e+00 0.000000000000000000e+00
1.107105712890625000e+02 0.000000000000000000e+00 0.000000000000000000e+00
1.111917114257812500e+02 0.000000000000000000e+00 0.000000000000000000e+00
1.117185058593750000e+02 0.000000000000000000e+00 0.000000000000000000e+00
1.120795288085937500e+02 0.000000000000000000e+00 0.000000000000000000e+00
1.125413818359375000e+02 0.000000000000000000e+00 0.000000000000000000e+00
1.129553833007812500e+02 0.000000000000000000e+00 0.000000000000000000e+00
1.131253051757812500e+02 0.000000000000000000e+00 0.000000000000000000e+00
1.133717651367187500e+02 0.000000000000000000e+00 0.000000000000000000e+00
1.135416870117187500e+02 0.000000000000000000e+00 0.000000000000000000e+00
1.135690917968750000e+02 0.000000000000000000e+00 0.000000000000000000e+00
1.137278442382812500e+02 0.000000000000000000e+00 0.000000000000000000e+00
1.140422363281250000e+02 0.000000000000000000e+00 0.000000000000000000e+00
1.140458374023437500e+02 0.000000000000000000e+00 0.000000000000000000e+00
1.145325927734375000e+02 0.000000000000000000e+00 0.000000000000000000e+00
1.143090820312500000e+02 0.000000000000000000e+00 0.000000000000000000e+00
1.123665771484375000e+02 0.000000000000000000e+00 0.000000000000000000e+00
1.095121459960937500e+02 0.000000000000000000e+00 0.000000000000000000e+00
1.077944335937500000e+02 0.000000000000000000e+00 0.000000000000000000e+00
1.063693847656250000e+02 0.000000000000000000e+00 0.000000000000000000e+00
1.058584594726562500e+02 0.000000000000000000e+00 0.000000000000000000e+00
1.055432128906250000e+02 0.000000000000000000e+00 0.000000000000000000e+00
1.055659790039062500e+02 0.000000000000000000e+00 0.000000000000000000e+00
1.056119995117187500e+02 0.000000000000000000e+00 0.000000000000000000e+00
1.065694580078125000e+02 0.000000000000000000e+00 0.000000000000000000e+00
1.075550537109375000e+02 0.000000000000000000e+00 0.000000000000000000e+00
1.083457641601562500e+02 0.000000000000000000e+00 0.000000000000000000e+00
1.088219604492187500e+02 0.000000000000000000e+00 0.000000000000000000e+00
1.091558837890625000e+02 0.000000000000000000e+00 0.000000000000000000e+00
1.089614257812500000e+02 0.000000000000000000e+00 0.000000000000000000e+00
1.089502563476562500e+02 0.000000000000000000e+00 0.000000000000000000e+00
1.089183349609375000e+02 0.000000000000000000e+00 0.000000000000000000e+00
1.088826904296875000e+02 0.000000000000000000e+00 0.000000000000000000e+00
1.089053344726562500e+02 0.000000000000000000e+00 0.000000000000000000e+00
1.092869873046875000e+02 0.000000000000000000e+00 0.000000000000000000e+00
1.097316894531250000e+02 0.000000000000000000e+00 0.000000000000000000e+00
1.101475830078125000e+02 0.000000000000000000e+00 0.000000000000000000e+00
1.105794067382812500e+02 0.000000000000000000e+00 0.000000000000000000e+00
1.109389648437500000e+02 0.000000000000000000e+00 0.000000000000000000e+00
1.111677246093750000e+02 0.000000000000000000e+00 0.000000000000000000e+00
1.113908691406250000e+02 0.000000000000000000e+00 0.000000000000000000e+00
1.118105468750000000e+02 0.000000000000000000e+00 0.000000000000000000e+00
1.122421875000000000e+02 0.000000000000000000e+00 0.000000000000000000e+00
1.123504028320312500e+02 0.000000000000000000e+00 0.000000000000000000e+00
1.128426513671875000e+02 0.000000000000000000e+00 0.000000000000000000e+00
1.134205932617187500e+02 0.000000000000000000e+00 0.000000000000000000e+00
1.141431274414062500e+02 0.000000000000000000e+00 0.000000000000000000e+00
1.146161499023437500e+02 0.000000000000000000e+00 0.000000000000000000e+00
1.150197143554687500e+02 0.000000000000000000e+00 0.000000000000000000e+00
1.152324218750000000e+02 0.000000000000000000e+00 0.000000000000000000e+00
1.143059692382812500e+02 0.000000000000000000e+00 0.000000000000000000e+00
1.113577880859375000e+02 0.000000000000000000e+00 0.000000000000000000e+00
1.086173095703125000e+02 0.000000000000000000e+00 0.000000000000000000e+00
1.066599731445312500e+02 0.000000000000000000e+00 0.000000000000000000e+00
1.058459472656250000e+02 0.000000000000000000e+00 0.000000000000000000e+00
1.056350708007812500e+02 0.000000000000000000e+00 0.000000000000000000e+00
1.054608154296875000e+02 0.000000000000000000e+00 0.000000000000000000e+00
1.054927978515625000e+02 0.000000000000000000e+00 0.000000000000000000e+00
1.054026489257812500e+02 0.000000000000000000e+00 0.000000000000000000e+00
1.057913208007812500e+02 0.000000000000000000e+00 0.000000000000000000e+00
1.062319335937500000e+02 0.000000000000000000e+00 0.000000000000000000e+00
1.066973266601562500e+02 0.000000000000000000e+00 0.000000000000000000e+00
1.070682373046875000e+02 0.000000000000000000e+00 0.000000000000000000e+00
1.074348144531250000e+02 0.000000000000000000e+00 0.000000000000000000e+00
1.073772583007812500e+02 0.000000000000000000e+00 0.000000000000000000e+00
1.073251342773437500e+02 0.000000000000000000e+00 0.000000000000000000e+00
1.071893310546875000e+02 0.000000000000000000e+00 0.000000000000000000e+00
1.072501831054687500e+02 0.000000000000000000e+00 0.000000000000000000e+00
1.073018798828125000e+02 0.000000000000000000e+00 0.000000000000000000e+00
1.078538818359375000e+02 0.000000000000000000e+00 0.000000000000000000e+00
1.085786743164062500e+02 0.000000000000000000e+00 0.000000000000000000e+00
1.090761108398437500e+02 0.000000000000000000e+00 0.000000000000000000e+00
1.096382446289062500e+02 0.000000000000000000e+00 0.000000000000000000e+00
1.103063354492187500e+02 0.000000000000000000e+00 0.000000000000000000e+00
1.107851562500000000e+02 0.000000000000000000e+00 0.000000000000000000e+00
1.110524291992187500e+02 0.000000000000000000e+00 0.000000000000000000e+00
1.115151977539062500e+02 0.000000000000000000e+00 0.000000000000000000e+00
1.120765380859375000e+02 0.000000000000000000e+00 0.000000000000000000e+00
1.123950805664062500e+02 0.000000000000000000e+00 0.000000000000000000e+00
1.125120239257812500e+02 0.000000000000000000e+00 0.000000000000000000e+00
1.127198486328125000e+02 0.000000000000000000e+00 0.000000000000000000e+00
1.127628784179687500e+02 0.000000000000000000e+00 0.000000000000000000e+00
1.131518554687500000e+02 0.000000000000000000e+00 0.000000000000000000e+00
1.136379394531250000e+02 0.000000000000000000e+00 0.000000000000000000e+00
1.143911743164062500e+02 0.000000000000000000e+00 0.000000000000000000e+00
1.144976806640625000e+02 0.000000000000000000e+00 0.000000000000000000e+00
1.134303588867187500e+02 0.000000000000000000e+00 0.000000000000000000e+00
1.105076293945312500e+02 0.000000000000000000e+00 0.000000000000000000e+00
1.075886230468750000e+02 0.000000000000000000e+00 0.000000000000000000e+00
1.053283691406250000e+02 0.000000000000000000e+00 0.000000000000000000e+00
1.042723388671875000e+02 0.000000000000000000e+00 0.000000000000000000e+00
1.037325439453125000e+02 0.000000000000000000e+00 0.000000000000000000e+00
1.034158325195312500e+02 0.000000000000000000e+00 0.000000000000000000e+00
1.032647094726562500e+02 0.000000000000000000e+00 0.000000000000000000e+00
1.036869506835937500e+02 0.000000000000000000e+00 0.000000000000000000e+00
1.040468750000000000e+02 0.000000000000000000e+00 0.000000000000000000e+00
1.046063842773437500e+02 0.000000000000000000e+00 0.000000000000000000e+00
1.052607421875000000e+02 0.000000000000000000e+00 0.000000000000000000e+00
1.057570800781250000e+02 0.000000000000000000e+00 0.000000000000000000e+00
1.059768676757812500e+02 0.000000000000000000e+00 0.000000000000000000e+00
1.059965209960937500e+02 0.000000000000000000e+00 0.000000000000000000e+00
1.059218750000000000e+02 0.000000000000000000e+00 0.000000000000000000e+00
1.057800903320312500e+02 0.000000000000000000e+00 0.000000000000000000e+00
1.058532714843750000e+02 0.000000000000000000e+00 0.000000000000000000e+00
1.063287963867187500e+02 0.000000000000000000e+00 0.000000000000000000e+00
1.069177246093750000e+02 0.000000000000000000e+00 0.000000000000000000e+00
1.076620483398437500e+02 0.000000000000000000e+00 0.000000000000000000e+00
1.083120117187500000e+02 0.000000000000000000e+00 0.000000000000000000e+00
1.089663085937500000e+02 0.000000000000000000e+00 0.000000000000000000e+00
1.092038574218750000e+02 0.000000000000000000e+00 0.000000000000000000e+00
1.097636718750000000e+02 0.000000000000000000e+00 0.000000000000000000e+00
1.101654052734375000e+02 0.000000000000000000e+00 0.000000000000000000e+00
1.108151245117187500e+02 0.000000000000000000e+00 0.000000000000000000e+00
1.112626342773437500e+02 0.000000000000000000e+00 0.000000000000000000e+00
1.120054321289062500e+02 0.000000000000000000e+00 0.000000000000000000e+00
1.125462646484375000e+02 0.000000000000000000e+00 0.000000000000000000e+00
1.129985351562500000e+02 0.000000000000000000e+00 0.000000000000000000e+00
1.137012939453125000e+02 0.000000000000000000e+00 0.000000000000000000e+00
1.138157348632812500e+02 0.000000000000000000e+00 0.000000000000000000e+00
1.142251586914062500e+02 0.000000000000000000e+00 0.000000000000000000e+00
1.146777343750000000e+02 0.000000000000000000e+00 0.000000000000000000e+00
1.153566894531250000e+02 0.000000000000000000e+00 0.000000000000000000e+00
1.156325073242187500e+02 0.000000000000000000e+00 0.000000000000000000e+00
1.140035400390625000e+02 0.000000000000000000e+00 0.000000000000000000e+00
1.103750610351562500e+02 0.000000000000000000e+00 0.000000000000000000e+00
1.077106933593750000e+02 0.000000000000000000e+00 0.000000000000000000e+00
1.058178100585937500e+02 0.000000000000000000e+00 0.000000000000000000e+00
1.049595336914062500e+02 0.000000000000000000e+00 0.000000000000000000e+00
1.047809448242187500e+02 0.000000000000000000e+00 0.000000000000000000e+00
1.050132446289062500e+02 0.000000000000000000e+00 0.000000000000000000e+00
1.054230957031250000e+02 0.000000000000000000e+00 0.000000000000000000e+00
1.059512329101562500e+02 0.000000000000000000e+00 0.000000000000000000e+00
1.067186279296875000e+02 0.000000000000000000e+00 0.000000000000000000e+00
1.074650268554687500e+02 0.000000000000000000e+00 0.000000000000000000e+00
1.085751953125000000e+02 0.000000000000000000e+00 0.000000000000000000e+00
1.090278320312500000e+02 0.000000000000000000e+00 0.000000000000000000e+00
1.089338989257812500e+02 0.000000000000000000e+00 0.000000000000000000e+00
1.089359130859375000e+02 0.000000000000000000e+00 0.000000000000000000e+00
1.089729614257812500e+02 0.000000000000000000e+00 0.000000000000000000e+00
1.092149658203125000e+02 0.000000000000000000e+00 0.000000000000000000e+00
1.092587890625000000e+02 0.000000000000000000e+00 0.000000000000000000e+00
1.093951416015625000e+02 0.000000000000000000e+00 0.000000000000000000e+00
1.098817138671875000e+02 0.000000000000000000e+00 0.000000000000000000e+00
1.105948486328125000e+02 0.000000000000000000e+00 0.000000000000000000e+00
1.109158935546875000e+02 0.000000000000000000e+00 0.000000000000000000e+00
1.113580932617187500e+02 0.000000000000000000e+00 0.000000000000000000e+00
1.117576293945312500e+02 0.000000000000000000e+00 0.000000000000000000e+00
1.119708251953125000e+02 0.000000000000000000e+00 0.000000000000000000e+00
1.124564819335937500e+02 0.000000000000000000e+00 0.000000000000000000e+00
1.126608276367187500e+02 0.000000000000000000e+00 0.000000000000000000e+00
1.130310058593750000e+02 0.000000000000000000e+00 0.000000000000000000e+00
1.130692749023437500e+02 0.000000000000000000e+00 0.000000000000000000e+00
1.134316406250000000e+02 0.000000000000000000e+00 0.000000000000000000e+00
1.138867797851562500e+02 0.000000000000000000e+00 0.000000000000000000e+00
1.140497436523437500e+02 0.000000000000000000e+00 0.000000000000000000e+00
1.143485107421875000e+02 0.000000000000000000e+00 0.000000000000000000e+00
1.146371459960937500e+02 0.000000000000000000e+00 0.000000000000000000e+00
1.147014160156250000e+02 0.000000000000000000e+00 0.000000000000000000e+00
1.135056762695312500e+02 0.000000000000000000e+00 0.000000000000000000e+00
1.100985107421875000e+02 0.000000000000000000e+00 0.000000000000000000e+00
1.074521484375000000e+02 0.000000000000000000e+00 0.000000000000000000e+00
1.057801513671875000e+02 0.000000000000000000e+00 0.000000000000000000e+00
1.048789672851562500e+02 0.000000000000000000e+00 0.000000000000000000e+00
1.047155151367187500e+02 0.000000000000000000e+00 0.000000000000000000e+00
1.047904052734375000e+02 0.000000000000000000e+00 0.000000000000000000e+00
1.051921997070312500e+02 0.000000000000000000e+00 0.000000000000000000e+00
1.059750366210937500e+02 0.000000000000000000e+00 0.000000000000000000e+00
1.068007812500000000e+02 0.000000000000000000e+00 0.000000000000000000e+00
1.078358764648437500e+02 0.000000000000000000e+00 0.000000000000000000e+00
1.082312622070312500e+02 0.000000000000000000e+00 0.000000000000000000e+00
1.084972534179687500e+02 0.000000000000000000e+00 0.000000000000000000e+00
1.084970092773437500e+02 0.000000000000000000e+00 0.000000000000000000e+00
1.084141845703125000e+02 0.000000000000000000e+00 0.000000000000000000e+00
1.086712646484375000e+02 0.000000000000000000e+00 0.000000000000000000e+00
1.085485839843750000e+02 0.000000000000000000e+00 0.000000000000000000e+00
1.085273437500000000e+02 0.000000000000000000e+00 0.000000000000000000e+00
1.088608398437500000e+02 0.000000000000000000e+00 0.000000000000000000e+00
1.096404418945312500e+02 0.000000000000000000e+00 0.000000000000000000e+00
1.098557128906250000e+02 0.000000000000000000e+00 0.000000000000000000e+00
1.104259033203125000e+02 0.000000000000000000e+00 0.000000000000000000e+00
1.110801391601562500e+02 0.000000000000000000e+00 0.000000000000000000e+00
1.116388549804687500e+02 0.000000000000000000e+00 0.000000000000000000e+00
1.122133178710937500e+02 0.000000000000000000e+00 0.000000000000000000e+00
1.127261962890625000e+02 0.000000000000000000e+00 0.000000000000000000e+00
1.131445312500000000e+02 0.000000000000000000e+00 0.000000000000000000e+00
1.135773925781250000e+02 0.000000000000000000e+00 0.000000000000000000e+00
1.140552368164062500e+02 0.000000000000000000e+00 0.000000000000000000e+00
1.141651611328125000e+02 0.000000000000000000e+00 0.000000000000000000e+00
1.150233154296875000e+02 0.000000000000000000e+00 0.000000000000000000e+00
1.153059082031250000e+02 0.000000000000000000e+00 0.000000000000000000e+00
1.159215698242187500e+02 0.000000000000000000e+00 0.000000000000000000e+00
1.162561645507812500e+02 0.000000000000000000e+00 0.000000000000000000e+00
1.165065307617187500e+02 0.000000000000000000e+00 0.000000000000000000e+00
1.150407714843750000e+02 0.000000000000000000e+00 0.000000000000000000e+00
1.109739379882812500e+02 0.000000000000000000e+00 0.000000000000000000e+00
1.078621826171875000e+02 0.000000000000000000e+00 0.000000000000000000e+00
1.059590454101562500e+02 0.000000000000000000e+00 0.000000000000000000e+00
1.047962646484375000e+02 0.000000000000000000e+00 0.000000000000000000e+00
1.043916015625000000e+02 0.000000000000000000e+00 0.000000000000000000e+00
1.043796386718750000e+02 0.000000000000000000e+00 0.000000000000000000e+00
1.046843261718750000e+02 0.000000000000000000e+00 0.000000000000000000e+00
1.052141723632812500e+02 0.000000000000000000e+00 0.000000000000000000e+00
1.057058105468750000e+02 0.000000000000000000e+00 0.000000000000000000e+00
1.064895019531250000e+02 0.000000000000000000e+00 0.000000000000000000e+00
1.071300048828125000e+02 0.000000000000000000e+00 0.000000000000000000e+00
1.074096069335937500e+02 0.000000000000000000e+00 0.000000000000000000e+00
1.076513671875000000e+02 0.000000000000000000e+00 0.000000000000000000e+00
1.077025146484375000e+02 0.000000000000000000e+00 0.000000000000000000e+00
1.076146850585937500e+02 0.000000000000000000e+00 0.000000000000000000e+00
1.075656127929687500e+02 0.000000000000000000e+00 0.000000000000000000e+00
1.077589111328125000e+02 0.000000000000000000e+00 0.000000000000000000e+00
1.078556518554687500e+02 0.000000000000000000e+00 0.000000000000000000e+00
1.082639160156250000e+02 0.000000000000000000e+00 0.000000000000000000e+00
1.089509277343750000e+02 0.000000000000000000e+00 0.000000000000000000e+00
1.098285522460937500e+02 0.000000000000000000e+00 0.000000000000000000e+00
1.105581665039062500e+02 0.000000000000000000e+00 0.000000000000000000e+00
1.112396850585937500e+02 0.000000000000000000e+00 0.000000000000000000e+00
1.121195678710937500e+02 0.000000000000000000e+00 0.000000000000000000e+00
1.127864379882812500e+02 0.000000000000000000e+00 0.000000000000000000e+00
1.131904296875000000e+02 0.000000000000000000e+00 0.000000000000000000e+00
1.136369018554687500e+02 0.000000000000000000e+00 0.000000000000000000e+00
1.138044433593750000e+02 0.000000000000000000e+00 0.000000000000000000e+00
1.142825317382812500e+02 0.000000000000000000e+00 0.000000000000000000e+00
1.147303466796875000e+02 0.000000000000000000e+00 0.000000000000000000e+00
1.149390869140625000e+02 0.000000000000000000e+00 0.000000000000000000e+00
1.156416625976562500e+02 0.000000000000000000e+00 0.000000000000000000e+00
1.161525878906250000e+02 0.000000000000000000e+00 0.000000000000000000e+00
1.169215698242187500e+02 0.000000000000000000e+00 0.000000000000000000e+00
1.172422485351562500e+02 0.000000000000000000e+00 0.000000000000000000e+00
1.162169799804687500e+02 0.000000000000000000e+00 0.000000000000000000e+00
1.121769409179687500e+02 0.000000000000000000e+00 0.000000000000000000e+00
1.085082397460937500e+02 0.000000000000000000e+00 0.000000000000000000e+00
1.061307373046875000e+02 0.000000000000000000e+00 0.000000000000000000e+00
1.050767211914062500e+02 0.000000000000000000e+00 0.000000000000000000e+00
1.047308959960937500e+02 0.000000000000000000e+00 0.000000000000000000e+00
