1.027927246093750000e+02 0.000000000000000000e+00 0.000000000000000000e+00
1.027927246093750000e+02 0.000000000000000000e+00 0.000000000000000000e+00
1.027927246093750000e+02 0.000000000000000000e+00 0.000000000000000000e+00
1.026683349609375000e+02 0.000000000000000000e+00 0.000000000000000000e+00
1.022680053710937500e+02 0.000000000000000000e+00 0.000000000000000000e+00
1.018973999023437500e+02 0.000000000000000000e+00 0.000000000000000000e+00
1.016901245117187500e+02 0.000000000000000000e+00 0.000000000000000000e+00
1.015637817382812500e+02 0.000000000000000000e+00 0.000000000000000000e+00
1.013831787109375000e+02 0.000000000000000000e+00 0.000000000000000000e+00
1.018539428710937500e+02 0.000000000000000000e+00 0.000000000000000000e+00
1.021383666992187500e+02 0.000000000000000000e+00 0.000000000000000000e+00
1.024370727539062500e+02 0.000000000000000000e+00 0.000000000000000000e+00
1.028058471679687500e+02 0.000000000000000000e+00 0.000000000000000000e+00
1.035729370117187500e+02 0.000000000000000000e+00 0.000000000000000000e+00
1.038451538085937500e+02 0.000000000000000000e+00 0.000000000000000000e+00
1.041325073242187500e+02 0.000000000000000000e+00 0.000000000000000000e+00
1.046124267578125000e+02 0.000000000000000000e+00 0.000000000000000000e+00
1.049938354492187500e+02 0.000000000000000000e+00 0.000000000000000000e+00
1.051821899414062500e+02 0.000000000000000000e+00 0.000000000000000000e+00
1.052412719726562500e+02 0.000000000000000000e+00 0.000000000000000000e+00
1.051588134765625000e+02 0.000000000000000000e+00 0.000000000000000000e+00
1.054305419921875000e+02 0.000000000000000000e+00 0.000000000000000000e+00
1.057546386718750000e+02 0.000000000000000000e+00 0.000000000000000000e+00
1.062673339843750000e+02 0.000000000000000000e+00 0.000000000000000000e+00
1.066011352539062500e+02 0.000000000000000000e+00 0.000000000000000000e+00
1.068677978515625000e+02 0.000000000000000000e+00 0.000000000000000000e+00
1.072355346679687500e+02 0.000000000000000000e+00 0.000000000000000000e+00
1.068582153320312500e+02 0.000000000000000000e+00 0.000000000000000000e+00
1.050406494140625000e+02 0.000000000000000000e+00 0.000000000000000000e+00
1.031389160156250000e+02 0.000000000000000000e+00 0.000000000000000000e+00
1.016162719726562500e+02 0.000000000000000000e+00 0.000000000000000000e+00
1.007329711914062500e+02 0.000000000000000000e+00 0.000000000000000000e+00
1.005294799804687500e+02 0.000000000000000000e+00 0.000000000000000000e+00
1.004158935546875000e+02 0.000000000000000000e+00 0.000000000000000000e+00
1.005935668945312500e+02 0.000000000000000000e+00 0.000000000000000000e+00
1.009445190429687500e+02 0.000000000000000000e+00 0.000000000000000000e+00
1.012477416992187500e+02 0.000000000000000000e+00 0.000000000000000000e+00
1.015989379882812500e+02 0.000000000000000000e+00 0.000000000000000000e+00
1.018602294921875000e+02 0.000000000000000000e+00 0.000000000000000000e+00
1.021412353515625000e+02 0.000000000000000000e+00 0.000000000000000000e+00
1.024423217773437500e+02 0.000000000000000000e+00 0.000000000000000000e+00
1.024606323242187500e+02 0.000000000000000000e+00 0.000000000000000000e+00
1.023806152343750000e+02 0.000000000000000000e+00 0.000000000000000000e+00
1.023854980468750000e+02 0.000000000000000000e+00 0.000000000000000000e+00
1.024533081054687500e+02 0.000000000000000000e+00 0.000000000000000000e+00
1.025682983398437500e+02 0.000000000000000000e+00 0.000000000000000000e+00
1.029814453125000000e+02 0.000000000000000000e+00 0.000000000000000000e+00
1.032886352539062500e+02 0.000000000000000000e+00 0.000000000000000000e+00
1.035465698242187500e+02 0.000000000000000000e+00 0.000000000000000000e+00
1.038143920898437500e+02 0.000000000000000000e+00 0.000000000000000000e+00
1.040626831054687500e+02 0.000000000000000000e+00 0.000000000000000000e+00
1.044699096679687500e+02 0.000000000000000000e+00 0.000000000000000000e+00
1.051860961914062500e+02 0.000000000000000000e+00 0.000000000000000000e+00
1.057584838867187500e+02 0.000000000000000000e+00 0.000000000000000000e+00
1.061851196289062500e+02 0.000000000000000000e+00 0.000000000000000000e+00
1.066342163085937500e+02 0.000000000000000000e+00 0.000000000000000000e+00
1.068144531250000000e+02 0.000000000000000000e+00 0.000000000000000000e+00
1.070932006835937500e+02 0.000000000000000000e+00 0.000000000000000000e+00
1.073811035156250000e+02 0.000000000000000000e+00 0.000000000000000000e+00
1.076968994140625000e+02 0.000000000000000000e+00 0.000000000000000000e+00
1.084393920898437500e+02 0.000000000000000000e+00 0.000000000000000000e+00
1.082905273437500000e+02 0.000000000000000000e+00 0.000000000000000000e+00
1.085399780273437500e+02 0.000000000000000000e+00 0.000000000000000000e+00
1.085070800781250000e+02 0.000000000000000000e+00 0.000000000000000000e+00
1.074503173828125000e+02 0.000000000000000000e+00 0.000000000000000000e+00
1.058800048828125000e+02 0.000000000000000000e+00 0.000000000000000000e+00
1.049860839843750000e+02 0.000000000000000000e+00 0.000000000000000000e+00
1.044571533203125000e+02 0.000000000000000000e+00 0.000000000000000000e+00
1.036907958984375000e+02 0.000000000000000000e+00 0.000000000000000000e+00
1.034569091796875000e+02 0.000000000000000000e+00 0.000000000000000000e+00
1.034575195312500000e+02 0.000000000000000000e+00 0.000000000000000000e+00
1.038931884765625000e+02 0.000000000000000000e+00 0.000000000000000000e+00
1.042416381835937500e+02 0.000000000000000000e+00 0.000000000000000000e+00
1.043720703125000000e+02 0.000000000000000000e+00 0.000000000000000000e+00
1.049780273437500000e+02 0.000000000000000000e+00 0.000000000000000000e+00
1.053391113281250000e+02 0.000000000000000000e+00 0.000000000000000000e+00
1.055902099609375000e+02 0.000000000000000000e+00 0.000000000000000000e+00
1.057653808593750000e+02 0.000000000000000000e+00 0.000000000000000000e+00
1.058213500976562500e+02 0.000000000000000000e+00 0.000000000000000000e+00
1.058275146484375000e+02 0.000000000000000000e+00 0.000000000000000000e+00
1.060144653320312500e+02 0.000000000000000000e+00 0.000000000000000000e+00
1.061909790039062500e+02 0.000000000000000000e+00 0.000000000000000000e+00
1.064104614257812500e+02 0.000000000000000000e+00 0.000000000000000000e+00
1.066245727539062500e+02 0.000000000000000000e+00 0.000000000000000000e+00
1.070075073242187500e+02 0.000000000000000000e+00 0.000000000000000000e+00
1.074151000976562500e+02 0.000000000000000000e+00 0.000000000000000000e+00
1.080225830078125000e+02 0.000000000000000000e+00 0.000000000000000000e+00
1.082665405273437500e+02 0.000000000000000000e+00 0.000000000000000000e+00
1.085725708007812500e+02 0.000000000000000000e+00 0.000000000000000000e+00
1.090929565429687500e+02 0.000000000000000000e+00 0.000000000000000000e+00
1.097334594726562500e+02 0.000000000000000000e+00 0.000000000000000000e+00
1.099809570312500000e+02 0.000000000000000000e+00 0.000000000000000000e+00
1.101373291015625000e+02 0.000000000000000000e+00 0.000000000000000000e+00
1.101837158203125000e+02 0.000000000000000000e+00 0.000000000000000000e+00
1.104047851562500000e+02 0.000000000000000000e+00 0.000000000000000000e+00
1.106945800781250000e+02 0.000000000000000000e+00 0.000000000000000000e+00
1.108717651367187500e+02 0.000000000000000000e+00 0.000000000000000000e+00
1.111130981445312500e+02 0.000000000000000000e+00 0.000000000000000000e+00
1.114278564453125000e+02 0.000000000000000000e+00 0.000000000000000000e+00
1.116484985351562500e+02 0.000000000000000000e+00 0.000000000000000000e+00
1.117678222656250000e+02 0.000000000000000000e+00 0.000000000000000000e+00
1.113100585937500000e+02 0.000000000000000000e+00 0.000000000000000000e+00
1.091027832031250000e+02 0.000000000000000000e+00 0.000000000000000000e+00
1.074624023437500000e+02 0.000000000000000000e+00 0.000000000000000000e+00
1.064909667968750000e+02 0.000000000000000000e+00 0.000000000000000000e+00
1.058140869140625000e+02 0.000000000000000000e+00 0.000000000000000000e+00
1.054208984375000000e+02 0.000000000000000000e+00 0.000000000000000000e+00
1.053767700195312500e+02 0.000000000000000000e+00 0.000000000000000000e+00
1.054594726562500000e+02 0.000000000000000000e+00 0.000000000000000000e+00
1.057206420898437500e+02 0.000000000000000000e+00 0.000000000000000000e+00
1.059809570312500000e+02 0.000000000000000000e+00 0.000000000000000000e+00
1.065221557617187500e+02 0.000000000000000000e+00 0.000000000000000000e+00
1.070062866210937500e+02 0.000000000000000000e+00 0.000000000000000000e+00
1.070793457031250000e+02 0.000000000000000000e+00 0.000000000000000000e+00
1.068809204101562500e+02 0.000000000000000000e+00 0.000000000000000000e+00
1.069347534179687500e+02 0.000000000000000000e+00 0.000000000000000000e+00
1.069298706054687500e+02 0.000000000000000000e+00 0.000000000000000000e+00
1.070762939453125000e+02 0.000000000000000000e+00 0.000000000000000000e+00
1.071654052734375000e+02 0.000000000000000000e+00 0.000000000000000000e+00
1.074270019531250000e+02 0.000000000000000000e+00 0.000000000000000000e+00
1.081343994140625000e+02 0.000000000000000000e+00 0.000000000000000000e+00
1.083252563476562500e+02 0.000000000000000000e+00 0.000000000000000000e+00
1.084234619140625000e+02 0.000000000000000000e+00 0.000000000000000000e+00
1.087535400390625000e+02 0.000000000000000000e+00 0.000000000000000000e+00
1.091437988281250000e+02 0.000000000000000000e+00 0.000000000000000000e+00
1.093146972656250000e+02 0.000000000000000000e+00 0.000000000000000000e+00
1.097869873046875000e+02 0.000000000000000000e+00 0.000000000000000000e+00
1.103291625976562500e+02 0.000000000000000000e+00 0.000000000000000000e+00
1.106994018554687500e+02 0.000000000000000000e+00 0.000000000000000000e+00
1.110689697265625000e+02 0.000000000000000000e+00 0.000000000000000000e+00
1.112070312500000000e+02 0.000000000000000000e+00 0.000000000000000000e+00
1.113927612304687500e+02 0.000000000000000000e+00 0.000000000000000000e+00
1.116692504882812500e+02 0.000000000000000000e+00 0.000000000000000000e+00
1.120800781250000000e+02 0.000000000000000000e+00 0.000000000000000000e+00
1.126571044921875000e+02 0.000000000000000000e+00 0.000000000000000000e+00
1.129706420898437500e+02 0.000000000000000000e+00 0.000000000000000000e+00
1.132602539062500000e+02 0.000000000000000000e+00 0.000000000000000000e+00
1.137877197265625000e+02 0.000000000000000000e+00 0.000000000000000000e+00
1.141933593750000000e+02 0.000000000000000000e+00 0.000000000000000000e+00
1.140333251953125000e+02 0.000000000000000000e+00 0.000000000000000000e+00
1.125317382812500000e+02 0.000000000000000000e+00 0.000000000000000000e+00
1.111243896484375000e+02 0.000000000000000000e+00 0.000000000000000000e+00
1.098442382812500000e+02 0.000000000000000000e+00 0.000000000000000000e+00
1.091623535156250000e+02 0.000000000000000000e+00 0.000000000000000000e+00
1.089152221679687500e+02 0.000000000000000000e+00 0.000000000000000000e+00
1.089253540039062500e+02 0.000000000000000000e+00 0.000000000000000000e+00
1.090073242187500000e+02 0.000000000000000000e+00 0.000000000000000000e+00
1.090861206054687500e+02 0.000000000000000000e+00 0.000000000000000000e+00
1.092717895507812500e+02 0.000000000000000000e+00 0.000000000000000000e+00
1.097046508789062500e+02 0.000000000000000000e+00 0.000000000000000000e+00
1.099888916015625000e+02 0.000000000000000000e+00 0.000000000000000000e+00
1.103261108398437500e+02 0.000000000000000000e+00 0.000000000000000000e+00
1.103979492187500000e+02 0.000000000000000000e+00 0.000000000000000000e+00
1.103850708007812500e+02 0.000000000000000000e+00 0.000000000000000000e+00
1.104329223632812500e+02 0.000000000000000000e+00 0.000000000000000000e+00
1.104167480468750000e+02 0.000000000000000000e+00 0.000000000000000000e+00
1.103956298828125000e+02 0.000000000000000000e+00 0.000000000000000000e+00
1.104067993164062500e+02 0.000000000000000000e+00 0.000000000000000000e+00
1.105441894531250000e+02 0.000000000000000000e+00 0.000000000000000000e+00
1.109137573242187500e+02 0.000000000000000000e+00 0.000000000000000000e+00
1.112989501953125000e+02 0.000000000000000000e+00 0.000000000000000000e+00
1.116331787109375000e+02 0.000000000000000000e+00 0.000000000000000000e+00
1.121257324218750000e+02 0.000000000000000000e+00 0.000000000000000000e+00
1.125619506835937500e+02 0.000000000000000000e+00 0.000000000000000000e+00
1.129073486328125000e+02 0.000000000000000000e+00 0.000000000000000000e+00
1.130001220703125000e+02 0.000000000000000000e+00 0.000000000000000000e+00
1.130620117187500000e+02 0.000000000000000000e+00 0.000000000000000000e+00
1.133910522460937500e+02 0.000000000000000000e+00 0.000000000000000000e+00
1.132763671875000000e+02 0.000000000000000000e+00 0.000000000000000000e+00
1.135116577148437500e+02 0.000000000000000000e+00 0.000000000000000000e+00
1.138078002929687500e+02 0.000000000000000000e+00 0.000000000000000000e+00
1.141167602539062500e+02 0.000000000000000000e+00 0.000000000000000000e+00
1.141269531250000000e+02 0.000000000000000000e+00 0.000000000000000000e+00
1.144250488281250000e+02 0.000000000000000000e+00 0.000000000000000000e+00
1.145552368164062500e+02 0.000000000000000000e+00 0.000000000000000000e+00
1.148370361328125000e+02 0.000000000000000000e+00 0.000000000000000000e+00
1.152330932617187500e+02 0.000000000000000000e+00 0.000000000000000000e+00
1.152477416992187500e+02 0.000000000000000000e+00 0.000000000000000000e+00
1.145084838867187500e+02 0.000000000000000000e+00 0.000000000000000000e+00
1.129108886718750000e+02 0.000000000000000000e+00 0.000000000000000000e+00
1.114552612304687500e+02 0.000000000000000000e+00 0.000000000000000000e+00
1.104653320312500000e+02 0.000000000000000000e+00 0.000000000000000000e+00
1.098302612304687500e+02 0.000000000000000000e+00 0.000000000000000000e+00
1.098276367187500000e+02 0.000000000000000000e+00 0.000000000000000000e+00
1.098399658203125000e+02 0.000000000000000000e+00 0.000000000000000000e+00
1.098336791992187500e+02 0.000000000000000000e+00 0.000000000000000000e+00
1.098262329101562500e+02 0.000000000000000000e+00 0.000000000000000000e+00
1.099095458984375000e+02 0.000000000000000000e+00 0.000000000000000000e+00
1.104127197265625000e+02 0.000000000000000000e+00 0.000000000000000000e+00
1.107019042968750000e+02 0.000000000000000000e+00 0.000000000000000000e+00
1.108723754882812500e+02 0.000000000000000000e+00 0.000000000000000000e+00
1.109372558593750000e+02 0.000000000000000000e+00 0.000000000000000000e+00
1.109756469726562500e+02 0.000000000000000000e+00 0.000000000000000000e+00
1.110175781250000000e+02 0.000000000000000000e+00 0.000000000000000000e+00
1.110885009765625000e+02 0.000000000000000000e+00 0.000000000000000000e+00
1.110614624023437500e+02 0.000000000000000000e+00 0.000000000000000000e+00
1.111788330078125000e+02 0.000000000000000000e+00 0.000000000000000000e+00
1.113535766601562500e+02 0.000000000000000000e+00 0.000000000000000000e+00
1.116822509765625000e+02 0.000000000000000000e+00 0.000000000000000000e+00
1.119634399414062500e+02 0.000000000000000000e+00 0.000000000000000000e+00
1.122584838867187500e+02 0.000000000000000000e+00 0.000000000000000000e+00
1.124620361328125000e+02 0.000000000000000000e+00 0.000000000000000000e+00
1.127589721679687500e+02 0.000000000000000000e+00 0.000000000000000000e+00
1.132947998046875000e+02 0.000000000000000000e+00 0.000000000000000000e+00
1.134183959960937500e+02 0.000000000000000000e+00 0.000000000000000000e+00
1.135778198242187500e+02 0.000000000000000000e+00 0.000000000000000000e+00
1.136806640625000000e+02 0.000000000000000000e+00 0.000000000000000000e+00
1.138593139648437500e+02 0.000000000000000000e+00 0.000000000000000000e+00
1.141127929687500000e+02 0.000000000000000000e+00 0.000000000000000000e+00
1.145818481445312500e+02 0.000000000000000000e+00 0.000000000000000000e+00
1.153631591796875000e+02 0.000000000000000000e+00 0.000000000000000000e+00
1.158842163085937500e+02 0.000000000000000000e+00 0.000000000000000000e+00
1.160729370117187500e+02 0.000000000000000000e+00 0.000000000000000000e+00
1.160299682617187500e+02 0.000000000000000000e+00 0.000000000000000000e+00
1.150623168945312500e+02 0.000000000000000000e+00 0.000000000000000000e+00
1.132510375976562500e+02 0.000000000000000000e+00 0.000000000000000000e+00
1.122823486328125000e+02 0.000000000000000000e+00 0.000000000000000000e+00
1.115261230468750000e+02 0.000000000000000000e+00 0.000000000000000000e+00
1.107042846679687500e+02 0.000000000000000000e+00 0.000000000000000000e+00
1.104747924804687500e+02 0.000000000000000000e+00 0.000000000000000000e+00
1.106119384765625000e+02 0.000000000000000000e+00 0.000000000000000000e+00
1.108125610351562500e+02 0.000000000000000000e+00 0.000000000000000000e+00
1.109185791015625000e+02 0.000000000000000000e+00 0.000000000000000000e+00
1.115579223632812500e+02 0.000000000000000000e+00 0.000000000000000000e+00
1.118463134765625000e+02 0.000000000000000000e+00 0.000000000000000000e+00
1.120258178710937500e+02 0.000000000000000000e+00 0.000000000000000000e+00
1.120959472656250000e+02 0.000000000000000000e+00 0.000000000000000000e+00
1.120820312500000000e+02 0.000000000000000000e+00 0.000000000000000000e+00
1.122901611328125000e+02 0.000000000000000000e+00 0.000000000000000000e+00
1.123776855468750000e+02 0.000000000000000000e+00 0.000000000000000000e+00
1.124378662109375000e+02 0.000000000000000000e+00 0.000000000000000000e+00
1.126285400390625000e+02 0.000000000000000000e+00 0.000000000000000000e+00
1.127420654296875000e+02 0.000000000000000000e+00 0.000000000000000000e+00
1.130565185546875000e+02 0.000000000000000000e+00 0.000000000000000000e+00
1.134133911132812500e+02 0.000000000000000000e+00 0.000000000000000000e+00
1.136687622070312500e+02 0.000000000000000000e+00 0.000000000000000000e+00
1.139421386718750000e+02 0.000000000000000000e+00 0.000000000000000000e+00
1.142812500000000000e+02 0.000000000000000000e+00 0.000000000000000000e+00
1.146978149414062500e+02 0.000000000000000000e+00 0.000000000000000000e+00
1.148742065429687500e+02 0.000000000000000000e+00 0.000000000000000000e+00
1.154950561523437500e+02 0.000000000000000000e+00 0.000000000000000000e+00
1.156424560546875000e+02 0.000000000000000000e+00 0.000000000000000000e+00
1.157770385742187500e+02 0.000000000000000000e+00 0.000000000000000000e+00
1.158944091796875000e+02 0.000000000000000000e+00 0.000000000000000000e+00
1.161358032226562500e+02 0.000000000000000000e+00 0.000000000000000000e+00
1.163693847656250000e+02 0.000000000000000000e+00 0.000000000000000000e+00
1.164252929687500000e+02 0.000000000000000000e+00 0.000000000000000000e+00
1.164551391601562500e+02 0.000000000000000000e+00 0.000000000000000000e+00
1.165444335937500000e+02 0.000000000000000000e+00 0.000000000000000000e+00
1.169518432617187500e+02 0.000000000000000000e+00 0.000000000000000000e+00
1.171447753906250000e+02 0.000000000000000000e+00 0.000000000000000000e+00
1.169851684570312500e+02 0.000000000000000000e+00 0.000000000000000000e+00
1.160700073242187500e+02 0.000000000000000000e+00 0.000000000000000000e+00
1.141885986328125000e+02 0.000000000000000000e+00 0.000000000000000000e+00
1.126859130859375000e+02 0.000000000000000000e+00 0.000000000000000000e+00
1.114099731445312500e+02 0.000000000000000000e+00 0.000000000000000000e+00
1.109208984375000000e+02 0.000000000000000000e+00 0.000000000000000000e+00
1.105640258789062500e+02 0.000000000000000000e+00 0.000000000000000000e+00
1.105065307617187500e+02 0.000000000000000000e+00 0.000000000000000000e+00
1.104993896484375000e+02 0.000000000000000000e+00 0.000000000000000000e+00
1.105628662109375000e+02 0.000000000000000000e+00 0.000000000000000000e+00
1.107935180664062500e+02 0.000000000000000000e+00 0.000000000000000000e+00
1.110769653320312500e+02 0.000000000000000000e+00 0.000000000000000000e+00
1.113195190429687500e+02 0.000000000000000000e+00 0.000000000000000000e+00
1.113701171875000000e+02 0.000000000000000000e+00 0.000000000000000000e+00
1.113951416015625000e+02 0.000000000000000000e+00 0.000000000000000000e+00
1.111726074218750000e+02 0.000000000000000000e+00 0.000000000000000000e+00
1.112310180664062500e+02 0.000000000000000000e+00 0.000000000000000000e+00
1.112224121093750000e+02 0.000000000000000000e+00 0.000000000000000000e+00
1.111873779296875000e+02 0.000000000000000000e+00 0.000000000000000000e+00
1.111413574218750000e+02 0.000000000000000000e+00 0.000000000000000000e+00
1.112667236328125000e+02 0.000000000000000000e+00 0.000000000000000000e+00
1.113362426757812500e+02 0.000000000000000000e+00 0.000000000000000000e+00
1.116149902343750000e+02 0.000000000000000000e+00 0.000000000000000000e+00
1.119096069335937500e+02 0.000000000000000000e+00 0.000000000000000000e+00
1.120219116210937500e+02 0.000000000000000000e+00 0.000000000000000000e+00
1.121431274414062500e+02 0.000000000000000000e+00 0.000000000000000000e+00
1.124249877929687500e+02 0.000000000000000000e+00 0.000000000000000000e+00
1.127428588867187500e+02 0.000000000000000000e+00 0.000000000000000000e+00
1.129755859375000000e+02 0.000000000000000000e+00 0.000000000000000000e+00
1.132962646484375000e+02 0.000000000000000000e+00 0.000000000000000000e+00
1.134318847656250000e+02 0.000000000000000000e+00 0.000000000000000000e+00
1.136075439453125000e+02 0.000000000000000000e+00 0.000000000000000000e+00
1.138489990234375000e+02 0.000000000000000000e+00 0.000000000000000000e+00
1.140862426757812500e+02 0.000000000000000000e+00 0.000000000000000000e+00
1.142561035156250000e+02 0.000000000000000000e+00 0.000000000000000000e+00
1.144426879882812500e+02 0.000000000000000000e+00 0.000000000000000000e+00
1.148156738281250000e+02 0.000000000000000000e+00 0.000000000000000000e+00
1.156074829101562500e+02 0.000000000000000000e+00 0.000000000000000000e+00
1.158876953125000000e+02 0.000000000000000000e+00 0.000000000000000000e+00
1.158470458984375000e+02 0.000000000000000000e+00 0.000000000000000000e+00
1.149896850585937500e+02 0.000000000000000000e+00 0.000000000000000000e+00
1.128987426757812500e+02 0.000000000000000000e+00 0.000000000000000000e+00
1.111088867187500000e+02 0.000000000000000000e+00 0.000000000000000000e+00
1.098321533203125000e+02 0.000000000000000000e+00 0.000000000000000000e+00
1.089371337890625000e+02 0.000000000000000000e+00 0.000000000000000000e+00
1.087081298828125000e+02 0.000000000000000000e+00 0.000000000000000000e+00
1.086644897460937500e+02 0.000000000000000000e+00 0.000000000000000000e+00
1.086666870117187500e+02 0.000000000000000000e+00 0.000000000000000000e+00
1.087622070312500000e+02 0.000000000000000000e+00 0.000000000000000000e+00
1.093709106445312500e+02 0.000000000000000000e+00 0.000000000000000000e+00
1.093887329101562500e+02 0.000000000000000000e+00 0.000000000000000000e+00
1.097031250000000000e+02 0.000000000000000000e+00 0.000000000000000000e+00
1.096484985351562500e+02 0.000000000000000000e+00 0.000000000000000000e+00
1.098064575195312500e+02 0.000000000000000000e+00 0.000000000000000000e+00
1.098087158203125000e+02 0.000000000000000000e+00 0.000000000000000000e+00
1.097669067382812500e+02 0.000000000000000000e+00 0.000000000000000000e+00
1.097416992187500000e+02 0.000000000000000000e+00 0.000000000000000000e+00
1.097275390625000000e+02 0.000000000000000000e+00 0.000000000000000000e+00
1.097498779296875000e+02 0.000000000000000000e+00 0.000000000000000000e+00
1.098277587890625000e+02 0.000000000000000000e+00 0.000000000000000000e+00
1.096305541992187500e+02 0.000000000000000000e+00 0.000000000000000000e+00
1.096008911132812500e+02 0.000000000000000000e+00 0.000000000000000000e+00
1.096821899414062500e+02 0.000000000000000000e+00 0.000000000000000000e+00
1.098480834960937500e+02 0.000000000000000000e+00 0.000000000000000000e+00
1.101491088867187500e+02 0.000000000000000000e+00 0.000000000000000000e+00
1.104067382812500000e+02 0.000000000000000000e+00 0.000000000000000000e+00
1.106647338867187500e+02 0.000000000000000000e+00 0.000000000000000000e+00
1.109628906250000000e+02 0.000000000000000000e+00 0.000000000000000000e+00
1.110051269531250000e+02 0.000000000000000000e+00 0.000000000000000000e+00
1.111373901367187500e+02 0.000000000000000000e+00 0.000000000000000000e+00
1.111723022460937500e+02 0.000000000000000000e+00 0.000000000000000000e+00
1.112301025390625000e+02 0.000000000000000000e+00 0.000000000000000000e+00
1.114212036132812500e+02 0.000000000000000000e+00 0.000000000000000000e+00
1.116793823242187500e+02 0.000000000000000000e+00 0.000000000000000000e+00
1.118629760742187500e+02 0.000000000000000000e+00 0.000000000000000000e+00
1.119395751953125000e+02 0.000000000000000000e+00 0.000000000000000000e+00
1.120291748046875000e+02 0.000000000000000000e+00 0.000000000000000000e+00
1.122135620117187500e+02 0.000000000000000000e+00 0.000000000000000000e+00
1.123976440429687500e+02 0.000000000000000000e+00 0.000000000000000000e+00
1.121723632812500000e+02 0.000000000000000000e+00 0.000000000000000000e+00
1.100579223632812500e+02 0.000000000000000000e+00 0.000000000000000000e+00
1.073494262695312500e+02 0.000000000000000000e+00 0.000000000000000000e+00
1.056499633789062500e+02 0.000000000000000000e+00 0.000000000000000000e+00
1.047500000000000000e+02 0.000000000000000000e+00 0.000000000000000000e+00
1.043834838867187500e+02 0.000000000000000000e+00 0.000000000000000000e+00
1.043078613281250000e+02 0.000000000000000000e+00 0.000000000000000000e+00
1.045588989257812500e+02 0.000000000000000000e+00 0.000000000000000000e+00
1.045661621093750000e+02 0.000000000000000000e+00 0.000000000000000000e+00
1.047098999023437500e+02 0.000000000000000000e+00 0.000000000000000000e+00
1.049043579101562500e+02 0.000000000000000000e+00 0.000000000000000000e+00
1.049104003906250000e+02 0.000000000000000000e+00 0.000000000000000000e+00
1.050661010742187500e+02 0.000000000000000000e+00 0.000000000000000000e+00
1.048908691406250000e+02 0.000000000000000000e+00 0.000000000000000000e+00
1.049065551757812500e+02 0.000000000000000000e+00 0.000000000000000000e+00
1.046992187500000000e+02 0.000000000000000000e+00 0.000000000000000000e+00
1.046534423828125000e+02 0.000000000000000000e+00 0.000000000000000000e+00
1.045522460937500000e+02 0.000000000000000000e+00 0.000000000000000000e+00
1.045108032226562500e+02 0.000000000000000000e+00 0.000000000000000000e+00
1.046670532226562500e+02 0.000000000000000000e+00 0.000000000000000000e+00
1.049035034179687500e+02 0.000000000000000000e+00 0.000000000000000000e+00
1.053218994140625000e+02 0.000000000000000000e+00 0.000000000000000000e+00
1.056743164062500000e+02 0.000000000000000000e+00 0.000000000000000000e+00
1.059518432617187500e+02 0.000000000000000000e+00 0.000000000000000000e+00
1.061914672851562500e+02 0.000000000000000000e+00 0.000000000000000000e+00
1.065599975585937500e+02 0.000000000000000000e+00 0.000000000000000000e+00
1.069777832031250000e+02 0.000000000000000000e+00 0.000000000000000000e+00
1.073551025390625000e+02 0.000000000000000000e+00 0.000000000000000000e+00
1.077800292968750000e+02 0.000000000000000000e+00 0.000000000000000000e+00
1.079956665039062500e+02 0.000000000000000000e+00 0.000000000000000000e+00
1.086155395507812500e+02 0.000000000000000000e+00 0.000000000000000000e+00
1.086306762695312500e+02 0.000000000000000000e+00 0.000000000000000000e+00
1.086531982421875000e+02 0.000000000000000000e+00 0.000000000000000000e+00
1.087246704101562500e+02 0.000000000000000000e+00 0.000000000000000000e+00
1.089326782226562500e+02 0.000000000000000000e+00 0.000000000000000000e+00
1.094083251953125000e+02 0.000000000000000000e+00 0.000000000000000000e+00
1.094960937500000000e+02 0.000000000000000000e+00 0.000000000000000000e+00
1.090352172851562500e+02 0.000000000000000000e+00 0.000000000000000000e+00
1.068913574218750000e+02 0.000000000000000000e+00 0.000000000000000000e+00
1.050489501953125000e+02 0.000000000000000000e+00 0.000000000000000000e+00
1.038377075195312500e+02 0.000000000000000000e+00 0.000000000000000000e+00
1.031400756835937500e+02 0.000000000000000000e+00 0.000000000000000000e+00
1.028898925781250000e+02 0.000000000000000000e+00 0.000000000000000000e+00
1.028893432617187500e+02 0.000000000000000000e+00 0.000000000000000000e+00
1.030476074218750000e+02 0.000000000000000000e+00 0.000000000000000000e+00
1.035977172851562500e+02 0.000000000000000000e+00 0.000000000000000000e+00
1.039758300781250000e+02 0.000000000000000000e+00 0.000000000000000000e+00
1.047640380859375000e+02 0.000000000000000000e+00 0.000000000000000000e+00
1.053861083984375000e+02 0.000000000000000000e+00 0.000000000000000000e+00
1.057880249023437500e+02 0.000000000000000000e+00 0.000000000000000000e+00
1.058602905273437500e+02 0.000000000000000000e+00 0.000000000000000000e+00
1.058551025390625000e+02 0.000000000000000000e+00 0.000000000000000000e+00
1.058663940429687500e+02 0.000000000000000000e+00 0.000000000000000000e+00
1.058808593750000000e+02 0.000000000000000000e+00 0.000000000000000000e+00
1.059753417968750000e+02 0.000000000000000000e+00 0.000000000000000000e+00
1.060599365234375000e+02 0.000000000000000000e+00 0.000000000000000000e+00
1.061661376953125000e+02 0.000000000000000000e+00 0.000000000000000000e+00
1.065844116210937500e+02 0.000000000000000000e+00 0.000000000000000000e+00
1.070199584960937500e+02 0.000000000000000000e+00 0.000000000000000000e+00
1.071685180664062500e+02 0.000000000000000000e+00 0.000000000000000000e+00
1.076359252929687500e+02 0.000000000000000000e+00 0.000000000000000000e+00
1.078526611328125000e+02 0.000000000000000000e+00 0.000000000000000000e+00
1.084624023437500000e+02 0.000000000000000000e+00 0.000000000000000000e+00
1.086860351562500000e+02 0.000000000000000000e+00 0.000000000000000000e+00
1.091004028320312500e+02 0.000000000000000000e+00 0.000000000000000000e+00
1.094725341796875000e+02 0.000000000000000000e+00 0.000000000000000000e+00
1.097570190429687500e+02 0.000000000000000000e+00 0.000000000000000000e+00
1.099521484375000000e+02 0.000000000000000000e+00 0.000000000000000000e+00
1.100619506835937500e+02 0.000000000000000000e+00 0.000000000000000000e+00
1.102395019531250000e+02 0.000000000000000000e+00 0.000000000000000000e+00
1.103030395507812500e+02 0.000000000000000000e+00 0.000000000000000000e+00
1.106943359375000000e+02 0.000000000000000000e+00 0.000000000000000000e+00
1.110167236328125000e+02 0.000000000000000000e+00 0.000000000000000000e+00
1.111499633789062500e+02 0.000000000000000000e+00 0.000000000000000000e+00
1.110468750000000000e+02 0.000000000000000000e+00 0.000000000000000000e+00
1.095686035156250000e+02 0.000000000000000000e+00 0.000000000000000000e+00
1.073436889648437500e+02 0.000000000000000000e+00 0.000000000000000000e+00
1.056618652343750000e+02 0.000000000000000000e+00 0.000000000000000000e+00
1.045566406250000000e+02 0.000000000000000000e+00 0.000000000000000000e+00
1.039752807617187500e+02 0.000000000000000000e+00 0.000000000000000000e+00
1.039751586914062500e+02 0.000000000000000000e+00 0.000000000000000000e+00
1.040173339843750000e+02 0.000000000000000000e+00 0.000000000000000000e+00
1.041432495117187500e+02 0.000000000000000000e+00 0.000000000000000000e+00
1.043065185546875000e+02 0.000000000000000000e+00 0.000000000000000000e+00
1.047640380859375000e+02 0.000000000000000000e+00 0.000000000000000000e+00
1.054635009765625000e+02 0.000000000000000000e+00 0.000000000000000000e+00
1.057869262695312500e+02 0.000000000000000000e+00 0.000000000000000000e+00
1.059888305664062500e+02 0.000000000000000000e+00 0.000000000000000000e+00
1.062597045898437500e+02 0.000000000000000000e+00 0.000000000000000000e+00
1.062259521484375000e+02 0.000000000000000000e+00 0.000000000000000000e+00
1.061007080078125000e+02 0.000000000000000000e+00 0.000000000000000000e+00
1.061409912109375000e+02 0.000000000000000000e+00 0.000000000000000000e+00
1.061341552734375000e+02 0.000000000000000000e+00 0.000000000000000000e+00
1.063676757812500000e+02 0.000000000000000000e+00 0.000000000000000000e+00
1.066968994140625000e+02 0.000000000000000000e+00 0.000000000000000000e+00
1.072676391601562500e+02 0.000000000000000000e+00 0.000000000000000000e+00
1.078645019531250000e+02 0.000000000000000000e+00 0.000000000000000000e+00
1.081075439453125000e+02 0.000000000000000000e+00 0.000000000000000000e+00
1.085682983398437500e+02 0.000000000000000000e+00 0.000000000000000000e+00
1.089521484375000000e+02 0.000000000000000000e+00 0.000000000000000000e+00
1.093903808593750000e+02 0.000000000000000000e+00 0.000000000000000000e+00
1.097600708007812500e+02 0.000000000000000000e+00 0.000000000000000000e+00
1.099134521484375000e+02 0.000000000000000000e+00 0.000000000000000000e+00
1.101317138671875000e+02 0.000000000000000000e+00 0.000000000000000000e+00
1.106131591796875000e+02 0.000000000000000000e+00 0.000000000000000000e+00
1.109875488281250000e+02 0.000000000000000000e+00 0.000000000000000000e+00
1.111410522460937500e+02 0.000000000000000000e+00 0.000000000000000000e+00
1.112979125976562500e+02 0.000000000000000000e+00 0.000000000000000000e+00
1.116149291992187500e+02 0.000000000000000000e+00 0.000000000000000000e+00
1.120398559570312500e+02 0.000000000000000000e+00 0.000000000000000000e+00
1.123245849609375000e+02 0.000000000000000000e+00 0.000000000000000000e+00
1.129037475585937500e+02 0.000000000000000000e+00 0.000000000000000000e+00
1.131231689453125000e+02 0.000000000000000000e+00 0.000000000000000000e+00
1.123015747070312500e+02 0.000000000000000000e+00 0.000000000000000000e+00
1.099757690429687500e+02 0.000000000000000000e+00 0.000000000000000000e+00
1.079937133789062500e+02 0.000000000000000000e+00 0.000000000000000000e+00
1.066992797851562500e+02 0.000000000000000000e+00 0.000000000000000000e+00
1.061056518554687500e+02 0.000000000000000000e+00 0.000000000000000000e+00
1.059461059570312500e+02 0.000000000000000000e+00 0.000000000000000000e+00
1.060401611328125000e+02 0.000000000000000000e+00 0.000000000000000000e+00
1.061846313476562500e+02 0.000000000000000000e+00 0.000000000000000000e+00
1.063718872070312500e+02 0.000000000000000000e+00 0.000000000000000000e+00
1.064840087890625000e+02 0.000000000000000000e+00 0.000000000000000000e+00
1.067065429687500000e+02 0.000000000000000000e+00 0.000000000000000000e+00
1.070307006835937500e+02 0.000000000000000000e+00 0.000000000000000000e+00
1.071434326171875000e+02 0.000000000000000000e+00 0.000000000000000000e+00
1.072206420898437500e+02 0.000000000000000000e+00 0.000000000000000000e+00
1.071137695312500000e+02 0.000000000000000000e+00 0.000000000000000000e+00
1.070067138671875000e+02 0.000000000000000000e+00 0.000000000000000000e+00
1.066785888671875000e+02 0.000000000000000000e+00 0.000000000000000000e+00
1.064273681640625000e+02 0.000000000000000000e+00 0.000000000000000000e+00
1.065780029296875000e+02 0.000000000000000000e+00 0.000000000000000000e+00
1.067099609375000000e+02 0.000000000000000000e+00 0.000000000000000000e+00
1.068370361328125000e+02 0.000000000000000000e+00 0.000000000000000000e+00
1.069891357421875000e+02 0.000000000000000000e+00 0.000000000000000000e+00
1.072454833984375000e+02 0.000000000000000000e+00 0.000000000000000000e+00
1.076539916992187500e+02 0.000000000000000000e+00 0.000000000000000000e+00
1.079034423828125000e+02 0.000000000000000000e+00 0.000000000000000000e+00
1.080665893554687500e+02 0.000000000000000000e+00 0.000000000000000000e+00
1.082836914062500000e+02 0.000000000000000000e+00 0.000000000000000000e+00
1.085393676757812500e+02 0.000000000000000000e+00 0.000000000000000000e+00
1.087552490234375000e+02 0.000000000000000000e+00 0.000000000000000000e+00
1.088380126953125000e+02 0.000000000000000000e+00 0.000000000000000000e+00
1.090623168945312500e+02 0.000000000000000000e+00 0.000000000000000000e+00
1.092785644531250000e+02 0.000000000000000000e+00 0.000000000000000000e+00
1.094377441406250000e+02 0.000000000000000000e+00 0.000000000000000000e+00
1.096842651367187500e+02 0.000000000000000000e+00 0.000000000000000000e+00
1.097328491210937500e+02 0.000000000000000000e+00 0.000000000000000000e+00
1.097471923828125000e+02 0.000000000000000000e+00 0.000000000000000000e+00
1.101679077148437500e+02 0.000000000000000000e+00 0.000000000000000000e+00
1.108544311523437500e+02 0.000000000000000000e+00 0.000000000000000000e+00
1.104968872070312500e+02 0.000000000000000000e+00 0.000000000000000000e+00
1.086572265625000000e+02 0.000000000000000000e+00 0.000000000000000000e+00
1.061482543945312500e+02 0.000000000000000000e+00 0.000000000000000000e+00
1.043157348632812500e+02 0.000000000000000000e+00 0.000000000000000000e+00
1.032317504882812500e+02 0.000000000000000000e+00 0.000000000000000000e+00
1.028022460937500000e+02 0.000000000000000000e+00 0.000000000000000000e+00
1.027506103515625000e+02 0.000000000000000000e+00 0.000000000000000000e+00
1.026998291015625000e+02 0.000000000000000000e+00 0.000000000000000000e+00
1.031410522460937500e+02 0.000000000000000000e+00 0.000000000000000000e+00
1.034652709960937500e+02 0.000000000000000000e+00 0.000000000000000000e+00
1.037726440429687500e+02 0.000000000000000000e+00 0.000000000000000000e+00
1.042651977539062500e+02 0.000000000000000000e+00 0.000000000000000000e+00
1.044511108398437500e+02 0.000000000000000000e+00 0.000000000000000000e+00
1.044437866210937500e+02 0.000000000000000000e+00 0.000000000000000000e+00
1.044123535156250000e+02 0.000000000000000000e+00 0.000000000000000000e+00
1.042408447265625000e+02 0.000000000000000000e+00 0.000000000000000000e+00
1.039733276367187500e+02 0.000000000000000000e+00 0.000000000000000000e+00
1.038416748046875000e+02 0.000000000000000000e+00 0.000000000000000000e+00
1.041492919921875000e+02 0.000000000000000000e+00 0.000000000000000000e+00
1.046101074218750000e+02 0.000000000000000000e+00 0.000000000000000000e+00
1.049442749023437500e+02 0.000000000000000000e+00 0.000000000000000000e+00
1.052265625000000000e+02 0.000000000000000000e+00 0.000000000000000000e+00
1.055707397460937500e+02 0.000000000000000000e+00 0.000000000000000000e+00
1.058407592773437500e+02 0.000000000000000000e+00 0.000000000000000000e+00
1.061705932617187500e+02 0.000000000000000000e+00 0.000000000000000000e+00
1.064072875976562500e+02 0.000000000000000000e+00 0.000000000000000000e+00
1.067655639648437500e+02 0.000000000000000000e+00 0.000000000000000000e+00
1.071277465820312500e+02 0.000000000000000000e+00 0.000000000000000000e+00
1.074850463867187500e+02 0.000000000000000000e+00 0.000000000000000000e+00
1.078554687500000000e+02 0.000000000000000000e+00 0.000000000000000000e+00
1.081991577148437500e+02 0.000000000000000000e+00 0.000000000000000000e+00
1.083707275390625000e+02 0.000000000000000000e+00 0.000000000000000000e+00
1.085414428710937500e+02 0.000000000000000000e+00 0.000000000000000000e+00
1.089000854492187500e+02 0.000000000000000000e+00 0.000000000000000000e+00
1.093221435546875000e+02 0.000000000000000000e+00 0.000000000000000000e+00
1.091895141601562500e+02 0.000000000000000000e+00 0.000000000000000000e+00
1.079923095703125000e+02 0.000000000000000000e+00 0.000000000000000000e+00
1.056913452148437500e+02 0.000000000000000000e+00 0.000000000000000000e+00
1.041300048828125000e+02 0.000000000000000000e+00 0.000000000000000000e+00
1.031607055664062500e+02 0.000000000000000000e+00 0.000000000000000000e+00
1.028511962890625000e+02 0.000000000000000000e+00 0.000000000000000000e+00
1.028632202148437500e+02 0.000000000000000000e+00 0.000000000000000000e+00
1.032028808593750000e+02 0.000000000000000000e+00 0.000000000000000000e+00
1.035374755859375000e+02 0.000000000000000000e+00 0.000000000000000000e+00
1.038109741210937500e+02 0.000000000000000000e+00 0.000000000000000000e+00
1.042903442382812500e+02 0.000000000000000000e+00 0.000000000000000000e+00
1.047415771484375000e+02 0.000000000000000000e+00 0.000000000000000000e+00
1.052822265625000000e+02 0.000000000000000000e+00 0.000000000000000000e+00
1.055299072265625000e+02 0.000000000000000000e+00 0.000000000000000000e+00
1.055302734375000000e+02 0.000000000000000000e+00 0.000000000000000000e+00
1.054168090820312500e+02 0.000000000000000000e+00 0.000000000000000000e+00
1.052850952148437500e+02 0.000000000000000000e+00 0.000000000000000000e+00
1.053051147460937500e+02 0.000000000000000000e+00 0.000000000000000000e+00
1.053106689453125000e+02 0.000000000000000000e+00 0.000000000000000000e+00
1.056906127929687500e+02 0.000000000000000000e+00 0.000000000000000000e+00
1.060888061523437500e+02 0.000000000000000000e+00 0.000000000000000000e+00
1.064982299804687500e+02 0.000000000000000000e+00 0.000000000000000000e+00
1.069098510742187500e+02 0.000000000000000000e+00 0.000000000000000000e+00
1.074038085937500000e+02 0.000000000000000000e+00 0.000000000000000000e+00
1.081301269531250000e+02 0.000000000000000000e+00 0.000000000000000000e+00
1.081455688476562500e+02 0.000000000000000000e+00 0.000000000000000000e+00
1.082258300781250000e+02 0.000000000000000000e+00 0.000000000000000000e+00
1.085996093750000000e+02 0.000000000000000000e+00 0.000000000000000000e+00
1.087360839843750000e+02 0.000000000000000000e+00 0.000000000000000000e+00
1.090715942382812500e+02 0.000000000000000000e+00 0.000000000000000000e+00
1.093077392578125000e+02 0.000000000000000000e+00 0.000000000000000000e+00
1.096541748046875000e+02 0.000000000000000000e+00 0.000000000000000000e+00
1.097644653320312500e+02 0.000000000000000000e+00 0.000000000000000000e+00
1.098349609375000000e+02 0.000000000000000000e+00 0.000000000000000000e+00
1.099307861328125000e+02 0.000000000000000000e+00 0.000000000000000000e+00
1.101033325195312500e+02 0.000000000000000000e+00 0.000000000000000000e+00
1.102734985351562500e+02 0.000000000000000000e+00 0.000000000000000000e+00
1.095433959960937500e+02 0.000000000000000000e+00 0.000000000000000000e+00
1.070641479492187500e+02 0.000000000000000000e+00 0.000000000000000000e+00
1.050211181640625000e+02 0.000000000000000000e+00 0.000000000000000000e+00
1.037346801757812500e+02 0.000000000000000000e+00 0.000000000000000000e+00
1.029973754882812500e+02 0.000000000000000000e+00 0.000000000000000000e+00
1.029458007812500000e+02 0.000000000000000000e+00 0.000000000000000000e+00
1.030086059570312500e+02 0.000000000000000000e+00 0.000000000000000000e+00
1.032625122070312500e+02 0.000000000000000000e+00 0.000000000000000000e+00
1.034473266601562500e+02 0.000000000000000000e+00 0.000000000000000000e+00
1.037509155273437500e+02 0.000000000000000000e+00 0.000000000000000000e+00
1.040850830078125000e+02 0.000000000000000000e+00 0.000000000000000000e+00
1.046411743164062500e+02 0.000000000000000000e+00 0.000000000000000000e+00
1.050057983398437500e+02 0.000000000000000000e+00 0.000000000000000000e+00
1.052369995117187500e+02 0.000000000000000000e+00 0.000000000000000000e+00
1.052525634765625000e+02 0.000000000000000000e+00 0.000000000000000000e+00
1.054185791015625000e+02 0.000000000000000000e+00 0.000000000000000000e+00
1.054089355468750000e+02 0.000000000000000000e+00 0.000000000000000000e+00
1.055922241210937500e+02 0.000000000000000000e+00 0.000000000000000000e+00
1.057250976562500000e+02 0.000000000000000000e+00 0.000000000000000000e+00
1.062302246093750000e+02 0.000000000000000000e+00 0.000000000000000000e+00
1.069205932617187500e+02 0.000000000000000000e+00 0.000000000000000000e+00
1.072983398437500000e+02 0.000000000000000000e+00 0.000000000000000000e+00
1.078051757812500000e+02 0.000000000000000000e+00 0.000000000000000000e+00
1.083778076171875000e+02 0.000000000000000000e+00 0.000000000000000000e+00
1.087781982421875000e+02 0.000000000000000000e+00 0.000000000000000000e+00
1.091367187500000000e+02 0.000000000000000000e+00 0.000000000000000000e+00
1.093159790039062500e+02 0.000000000000000000e+00 0.000000000000000000e+00
1.096406250000000000e+02 0.000000000000000000e+00 0.000000000000000000e+00
1.096755371093750000e+02 0.000000000000000000e+00 0.000000000000000000e+00
1.097875366210937500e+02 0.000000000000000000e+00 0.000000000000000000e+00
1.099882812500000000e+02 0.000000000000000000e+00 0.000000000000000000e+00
1.103150024414062500e+02 0.000000000000000000e+00 0.000000000000000000e+00
1.101356201171875000e+02 0.000000000000000000e+00 0.000000000000000000e+00
1.100236816406250000e+02 0.000000000000000000e+00 0.000000000000000000e+00
1.100789184570312500e+02 0.000000000000000000e+00 0.000000000000000000e+00
1.101188354492187500e+02 0.000000000000000000e+00 0.000000000000000000e+00
1.101823730468750000e+02 0.000000000000000000e+00 0.000000000000000000e+00
1.101753540039062500e+02 0.000000000000000000e+00 0.000000000000000000e+00
1.096200561523437500e+02 0.000000000000000000e+00 0.000000000000000000e+00
1.072979125976562500e+02 0.000000000000000000e+00 0.000000000000000000e+00
1.051139526367187500e+02 0.000000000000000000e+00 0.000000000000000000e+00
1.034855346679687500e+02 0.000000000000000000e+00 0.000000000000000000e+00
1.025376586914062500e+02 0.000000000000000000e+00 0.000000000000000000e+00
1.022201538085937500e+02 0.000000000000000000e+00 0.000000000000000000e+00
1.022683715820312500e+02 0.000000000000000000e+00 0.000000000000000000e+00
1.025009765625000000e+02 0.000000000000000000e+00 0.000000000000000000e+00
1.026299438476562500e+02 0.000000000000000000e+00 0.000000000000000000e+00
1.035167236328125000e+02 0.000000000000000000e+00 0.000000000000000000e+00
1.037355346679687500e+02 0.000000000000000000e+00 0.000000000000000000e+00
1.037765502929687500e+02 0.000000000000000000e+00 0.000000000000000000e+00
1.041446533203125000e+02 0.000000000000000000e+00 0.000000000000000000e+00
1.043165893554687500e+02 0.000000000000000000e+00 0.000000000000000000e+00
1.042286376953125000e+02 0.000000000000000000e+00 0.000000000000000000e+00
1.041907958984375000e+02 0.000000000000000000e+00 0.000000000000000000e+00
1.038516235351562500e+02 0.000000000000000000e+00 0.000000000000000000e+00
1.034944458007812500e+02 0.000000000000000000e+00 0.000000000000000000e+00
1.033805541992187500e+02 0.000000000000000000e+00 0.000000000000000000e+00
1.032943115234375000e+02 0.000000000000000000e+00 0.000000000000000000e+00
1.031848144531250000e+02 0.000000000000000000e+00 0.000000000000000000e+00
1.032601928710937500e+02 0.000000000000000000e+00 0.000000000000000000e+00
1.033320312500000000e+02 0.000000000000000000e+00 0.000000000000000000e+00
1.035215454101562500e+02 0.000000000000000000e+00 0.000000000000000000e+00
1.036353149414062500e+02 0.000000000000000000e+00 0.000000000000000000e+00
1.038423461914062500e+02 0.000000000000000000e+00 0.000000000000000000e+00
1.039257202148437500e+02 0.000000000000000000e+00 0.000000000000000000e+00
1.040515747070312500e+02 0.000000000000000000e+00 0.000000000000000000e+00
1.043388061523437500e+02 0.000000000000000000e+00 0.000000000000000000e+00
1.046523437500000000e+02 0.000000000000000000e+00 0.000000000000000000e+00
1.047468261718750000e+02 0.000000000000000000e+00 0.000000000000000000e+00
1.047844848632812500e+02 0.000000000000000000e+00 0.000000000000000000e+00
1.049440917968750000e+02 0.000000000000000000e+00 0.000000000000000000e+00
1.051151733398437500e+02 0.000000000000000000e+00 0.000000000000000000e+00
1.051790771484375000e+02 0.000000000000000000e+00 0.000000000000000000e+00
1.053456420898437500e+02 0.000000000000000000e+00 0.000000000000000000e+00
1.054876708984375000e+02 0.000000000000000000e+00 0.000000000000000000e+00
1.056026000976562500e+02 0.000000000000000000e+00 0.000000000000000000e+00
1.051585693359375000e+02 0.000000000000000000e+00 0.000000000000000000e+00
1.033053588867187500e+02 0.000000000000000000e+00 0.000000000000000000e+00
1.008155517578125000e+02 0.000000000000000000e+00 0.000000000000000000e+00
9.926177978515625000e+01 0.000000000000000000e+00 0.000000000000000000e+00
9.883557128906250000e+01 0.000000000000000000e+00 0.000000000000000000e+00
9.855450439453125000e+01 0.000000000000000000e+00 0.000000000000000000e+00
9.851495361328125000e+01 0.000000000000000000e+00 0.000000000000000000e+00
9.881256103515625000e+01 0.000000000000000000e+00 0.000000000000000000e+00
9.920013427734375000e+01 0.000000000000000000e+00 0.000000000000000000e+00
9.955139160156250000e+01 0.000000000000000000e+00 0.000000000000000000e+00
9.985522460937500000e+01 0.000000000000000000e+00 0.000000000000000000e+00
1.004577026367187500e+02 0.000000000000000000e+00 0.000000000000000000e+00
1.008654174804687500e+02 0.000000000000000000e+00 0.000000000000000000e+00
1.008446655273437500e+02 0.000000000000000000e+00 0.000000000000000000e+00
1.007735595703125000e+02 0.000000000000000000e+00 0.000000000000000000e+00
1.006607055664062500e+02 0.000000000000000000e+00 0.000000000000000000e+00
1.005703735351562500e+02 0.000000000000000000e+00 0.000000000000000000e+00
1.006564331054687500e+02 0.000000000000000000e+00 0.000000000000000000e+00
1.008265380859375000e+02 0.000000000000000000e+00 0.000000000000000000e+00
1.011365356445312500e+02 0.000000000000000000e+00 0.000000000000000000e+00
1.015194702148437500e+02 0.000000000000000000e+00 0.000000000000000000e+00
1.019673461914062500e+02 0.000000000000000000e+00 0.000000000000000000e+00
1.022766113281250000e+02 0.000000000000000000e+00 0.000000000000000000e+00
1.026022949218750000e+02 0.000000000000000000e+00 0.000000000000000000e+00
1.031202392578125000e+02 0.000000000000000000e+00 0.000000000000000000e+00
1.034589233398437500e+02 0.000000000000000000e+00 0.000000000000000000e+00
1.037206420898437500e+02 0.000000000000000000e+00 0.000000000000000000e+00
1.039136962890625000e+02 0.000000000000000000e+00 0.000000000000000000e+00
1.040451049804687500e+02 0.000000000000000000e+00 0.000000000000000000e+00
1.043460693359375000e+02 0.000000000000000000e+00 0.000000000000000000e+00
1.045089111328125000e+02 0.000000000000000000e+00 0.000000000000000000e+00
1.052548828125000000e+02 0.000000000000000000e+00 0.000000000000000000e+00
1.053324584960937500e+02 0.000000000000000000e+00 0.000000000000000000e+00
1.053472900390625000e+02 0.000000000000000000e+00 0.000000000000000000e+00
1.052550048828125000e+02 0.000000000000000000e+00 0.000000000000000000e+00
1.049872436523437500e+02 0.000000000000000000e+00 0.000000000000000000e+00
1.029273071289062500e+02 0.000000000000000000e+00 0.000000000000000000e+00
1.007888183593750000e+02 0.000000000000000000e+00 0.000000000000000000e+00
9.956671142578125000e+01 0.000000000000000000e+00 0.000000000000000000e+00
9.878753662109375000e+01 0.000000000000000000e+00 0.000000000000000000e+00
9.858380126953125000e+01 0.000000000000000000e+00 0.000000000000000000e+00
9.877209472656250000e+01 0.000000000000000000e+00 0.000000000000000000e+00
9.911248779296875000e+01 0.000000000000000000e+00 0.000000000000000000e+00
9.929669189453125000e+01 0.000000000000000000e+00 0.000000000000000000e+00
9.981188964843750000e+01 0.000000000000000000e+00 0.000000000000000000e+00
1.004622192382812500e+02 0.000000000000000000e+00 0.000000000000000000e+00
1.008395385742187500e+02 0.000000000000000000e+00 0.000000000000000000e+00
1.011078491210937500e+02 0.000000000000000000e+00 0.000000000000000000e+00
1.012824096679687500e+02 0.000000000000000000e+00 0.000000000000000000e+00
1.014589843750000000e+02 0.000000000000000000e+00 0.000000000000000000e+00
1.014024047851562500e+02 0.000000000000000000e+00 0.000000000000000000e+00
1.014068603515625000e+02 0.000000000000000000e+00 0.000000000000000000e+00
1.012666625976562500e+02 0.000000000000000000e+00 0.000000000000000000e+00
1.014771728515625000e+02 0.000000000000000000e+00 0.000000000000000000e+00
1.019219970703125000e+02 0.000000000000000000e+00 0.000000000000000000e+00
1.021099243164062500e+02 0.000000000000000000e+00 0.000000000000000000e+00
1.025806274414062500e+02 0.000000000000000000e+00 0.000000000000000000e+00
1.029632568359375000e+02 0.000000000000000000e+00 0.000000000000000000e+00
1.032994995117187500e+02 0.000000000000000000e+00 0.000000000000000000e+00
1.035052490234375000e+02 0.000000000000000000e+00 0.000000000000000000e+00
1.037148437500000000e+02 0.000000000000000000e+00 0.000000000000000000e+00
1.040341186523437500e+02 0.000000000000000000e+00 0.000000000000000000e+00
1.042866821289062500e+02 0.000000000000000000e+00 0.000000000000000000e+00
1.044564208984375000e+02 0.000000000000000000e+00 0.000000000000000000e+00
1.047845458984375000e+02 0.000000000000000000e+00 0.000000000000000000e+00
1.050043945312500000e+02 0.000000000000000000e+00 0.000000000000000000e+00
1.053332519531250000e+02 0.000000000000000000e+00 0.000000000000000000e+00
1.056089477539062500e+02 0.000000000000000000e+00 0.000000000000000000e+00
1.057470092773437500e+02 0.000000000000000000e+00 0.000000000000000000e+00
1.057559204101562500e+02 0.000000000000000000e+00 0.000000000000000000e+00
1.058870849609375000e+02 0.000000000000000000e+00 0.000000000000000000e+00
1.060490112304687500e+02 0.000000000000000000e+00 0.000000000000000000e+00
1.057459716796875000e+02 0.000000000000000000e+00 0.000000000000000000e+00
1.036105346679687500e+02 0.000000000000000000e+00 0.000000000000000000e+00
1.010021362304687500e+02 0.000000000000000000e+00 0.000000000000000000e+00
9.963238525390625000e+01 0.000000000000000000e+00 0.000000000000000000e+00
9.879174804687500000e+01 0.000000000000000000e+00 0.000000000000000000e+00
9.859191894531250000e+01 0.000000000000000000e+00 0.000000000000000000e+00
9.857043457031250000e+01 0.000000000000000000e+00 0.000000000000000000e+00
9.886291503906250000e+01 0.000000000000000000e+00 0.000000000000000000e+00
9.902801513671875000e+01 0.000000000000000000e+00 0.000000000000000000e+00
9.948791503906250000e+01 0.000000000000000000e+00 0.000000000000000000e+00
9.994482421875000000e+01 0.000000000000000000e+00 0.000000000000000000e+00
1.005187377929687500e+02 0.000000000000000000e+00 0.000000000000000000e+00
1.010301513671875000e+02 0.000000000000000000e+00 0.000000000000000000e+00
1.013915405273437500e+02 0.000000000000000000e+00 0.000000000000000000e+00
1.013964843750000000e+02 0.000000000000000000e+00 0.000000000000000000e+00
1.012846069335937500e+02 0.000000000000000000e+00 0.000000000000000000e+00
1.011799926757812500e+02 0.000000000000000000e+00 0.000000000000000000e+00
1.011604614257812500e+02 0.000000000000000000e+00 0.000000000000000000e+00
1.014793090820312500e+02 0.000000000000000000e+00 0.000000000000000000e+00
1.023264770507812500e+02 0.000000000000000000e+00 0.000000000000000000e+00
1.025908203125000000e+02 0.000000000000000000e+00 0.000000000000000000e+00
1.027225952148437500e+02 0.000000000000000000e+00 0.000000000000000000e+00
1.029500732421875000e+02 0.000000000000000000e+00 0.000000000000000000e+00
1.032816162109375000e+02 0.000000000000000000e+00 0.000000000000000000e+00
1.036727294921875000e+02 0.000000000000000000e+00 0.000000000000000000e+00
1.039371948242187500e+02 0.000000000000000000e+00 0.000000000000000000e+00
1.040377197265625000e+02 0.000000000000000000e+00 0.000000000000000000e+00
1.043060302734375000e+02 0.000000000000000000e+00 0.000000000000000000e+00
1.045742797851562500e+02 0.000000000000000000e+00 0.000000000000000000e+00
1.050308837890625000e+02 0.000000000000000000e+00 0.000000000000000000e+00
1.050378417968750000e+02 0.000000000000000000e+00 0.000000000000000000e+00
1.051246337890625000e+02 0.000000000000000000e+00 0.000000000000000000e+00
1.052421264648437500e+02 0.000000000000000000e+00 0.000000000000000000e+00
1.056110839843750000e+02 0.000000000000000000e+00 0.000000000000000000e+00
1.056425781250000000e+02 0.000000000000000000e+00 0.000000000000000000e+00
1.057121582031250000e+02 0.000000000000000000e+00 0.000000000000000000e+00
1.058473510742187500e+02 0.000000000000000000e+00 0.000000000000000000e+00
1.058921508789062500e+02 0.000000000000000000e+00 0.000000000000000000e+00
1.057284545898437500e+02 0.000000000000000000e+00 0.000000000000000000e+00
1.047074584960937500e+02 0.000000000000000000e+00 0.000000000000000000e+00
1.018290405273437500e+02 0.000000000000000000e+00 0.000000000000000000e+00
9.974169921875000000e+01 0.000000000000000000e+00 0.000000000000000000e+00
9.860980224609375000e+01 0.000000000000000000e+00 0.000000000000000000e+00
9.794085693359375000e+01 0.000000000000000000e+00 0.000000000000000000e+00
9.763366699218750000e+01 0.000000000000000000e+00 0.000000000000000000e+00
9.774731445312500000e+01 0.000000000000000000e+00 0.000000000000000000e+00
9.802111816406250000e+01 0.000000000000000000e+00 0.000000000000000000e+00
9.802783203125000000e+01 0.000000000000000000e+00 0.000000000000000000e+00
9.816979980468750000e+01 0.000000000000000000e+00 0.000000000000000000e+00
9.858209228515625000e+01 0.000000000000000000e+00 0.000000000000000000e+00
9.881011962890625000e+01 0.000000000000000000e+00 0.000000000000000000e+00
9.876672363281250000e+01 0.000000000000000000e+00 0.000000000000000000e+00
9.880865478515625000e+01 0.000000000000000000e+00 0.000000000000000000e+00
9.859735107421875000e+01 0.000000000000000000e+00 0.000000000000000000e+00
9.838586425781250000e+01 0.000000000000000000e+00 0.000000000000000000e+00
9.838275146484375000e+01 0.000000000000000000e+00 0.000000000000000000e+00
9.836358642578125000e+01 0.000000000000000000e+00 0.000000000000000000e+00
9.844281005859375000e+01 0.000000000000000000e+00 0.000000000000000000e+00
9.855273437500000000e+01 0.000000000000000000e+00 0.000000000000000000e+00
9.873895263671875000e+01 0.000000000000000000e+00 0.000000000000000000e+00
9.894421386718750000e+01 0.000000000000000000e+00 0.000000000000000000e+00
9.947692871093750000e+01 0.000000000000000000e+00 0.000000000000000000e+00
9.994824218750000000e+01 0.000000000000000000e+00 0.000000000000000000e+00
1.002714843750000000e+02 0.000000000000000000e+00 0.000000000000000000e+00
1.007235107421875000e+02 0.000000000000000000e+00 0.000000000000000000e+00
1.011379394531250000e+02 0.000000000000000000e+00 0.000000000000000000e+00
1.013397216796875000e+02 0.000000000000000000e+00 0.000000000000000000e+00
1.017102661132812500e+02 0.000000000000000000e+00 0.000000000000000000e+00
1.018196411132812500e+02 0.000000000000000000e+00 0.000000000000000000e+00
1.020418701171875000e+02 0.000000000000000000e+00 0.000000000000000000e+00
1.020895385742187500e+02 0.000000000000000000e+00 0.000000000000000000e+00
1.021841430664062500e+02 0.000000000000000000e+00 0.000000000000000000e+00
1.023788452148437500e+02 0.000000000000000000e+00 0.000000000000000000e+00
1.025699462890625000e+02 0.000000000000000000e+00 0.000000000000000000e+00
1.025676269531250000e+02 0.000000000000000000e+00 0.000000000000000000e+00
1.018704833984375000e+02 0.000000000000000000e+00 0.000000000000000000e+00
9.957989501953125000e+01 0.000000000000000000e+00 0.000000000000000000e+00
9.763989257812500000e+01 0.000000000000000000e+00 0.000000000000000000e+00
9.659454345703125000e+01 0.000000000000000000e+00 0.000000000000000000e+00
9.594622802734375000e+01 0.000000000000000000e+00 0.000000000000000000e+00
9.587652587890625000e+01 0.000000000000000000e+00 0.000000000000000000e+00
9.623803710937500000e+01 0.000000000000000000e+00 0.000000000000000000e+00
9.675653076171875000e+01 0.000000000000000000e+00 0.000000000000000000e+00
9.729797363281250000e+01 0.000000000000000000e+00 0.000000000000000000e+00
9.804174804687500000e+01 0.000000000000000000e+00 0.000000000000000000e+00
9.852838134765625000e+01 0.000000000000000000e+00 0.000000000000000000e+00
9.893908691406250000e+01 0.000000000000000000e+00 0.000000000000000000e+00
9.923089599609375000e+01 0.000000000000000000e+00 0.000000000000000000e+00
9.925244140625000000e+01 0.000000000000000000e+00 0.000000000000000000e+00
9.908349609375000000e+01 0.000000000000000000e+00 0.000000000000000000e+00
9.893774414062500000e+01 0.000000000000000000e+00 0.000000000000000000e+00
9.881152343750000000e+01 0.000000000000000000e+00 0.000000000000000000e+00
9.891168212890625000e+01 0.000000000000000000e+00 0.000000000000000000e+00
9.911676025390625000e+01 0.000000000000000000e+00 0.000000000000000000e+00
9.933740234375000000e+01 0.000000000000000000e+00 0.000000000000000000e+00
9.966741943359375000e+01 0.000000000000000000e+00 0.000000000000000000e+00
1.002335815429687500e+02 0.000000000000000000e+00 0.000000000000000000e+00
1.006164550781250000e+02 0.000000000000000000e+00 0.000000000000000000e+00
1.008392333984375000e+02 0.000000000000000000e+00 0.000000000000000000e+00
1.011566162109375000e+02 0.000000000000000000e+00 0.000000000000000000e+00
1.014134521484375000e+02 0.000000000000000000e+00 0.000000000000000000e+00
1.014368896484375000e+02 0.000000000000000000e+00 0.000000000000000000e+00
1.017625122070312500e+02 0.000000000000000000e+00 0.000000000000000000e+00
1.020770263671875000e+02 0.000000000000000000e+00 0.000000000000000000e+00
1.025585937500000000e+02 0.000000000000000000e+00 0.000000000000000000e+00
1.029627685546875000e+02 0.000000000000000000e+00 0.000000000000000000e+00
1.030936889648437500e+02 0.000000000000000000e+00 0.000000000000000000e+00
1.031914062500000000e+02 0.000000000000000000e+00 0.000000000000000000e+00
1.035011596679687500e+02 0.000000000000000000e+00 0.000000000000000000e+00
1.039930419921875000e+02 0.000000000000000000e+00 0.000000000000000000e+00
1.039473266601562500e+02 0.000000000000000000e+00 0.000000000000000000e+00
1.023202514648437500e+02 0.000000000000000000e+00 0.000000000000000000e+00
9.992913818359375000e+01 0.000000000000000000e+00 0.000000000000000000e+00
9.820355224609375000e+01 0.000000000000000000e+00 0.000000000000000000e+00
9.728057861328125000e+01 0.000000000000000000e+00 0.000000000000000000e+00
9.691546630859375000e+01 0.000000000000000000e+00 0.000000000000000000e+00
9.702038574218750000e+01 0.000000000000000000e+00 0.000000000000000000e+00
9.710571289062500000e+01 0.000000000000000000e+00 0.000000000000000000e+00
9.751300048828125000e+01 0.000000000000000000e+00 0.000000000000000000e+00
9.776391601562500000e+01 0.000000000000000000e+00 0.000000000000000000e+00
9.815246582031250000e+01 0.000000000000000000e+00 0.000000000000000000e+00
9.854345703125000000e+01 0.000000000000000000e+00 0.000000000000000000e+00
9.858129882812500000e+01 0.000000000000000000e+00 0.000000000000000000e+00
9.876068115234375000e+01 0.000000000000000000e+00 0.000000000000000000e+00
9.904089355468750000e+01 0.000000000000000000e+00 0.000000000000000000e+00
9.903430175781250000e+01 0.000000000000000000e+00 0.000000000000000000e+00
9.872564697265625000e+01 0.000000000000000000e+00 0.000000000000000000e+00
9.877832031250000000e+01 0.000000000000000000e+00 0.000000000000000000e+00
9.894091796875000000e+01 0.000000000000000000e+00 0.000000000000000000e+00
9.927178955078125000e+01 0.000000000000000000e+00 0.000000000000000000e+00
9.968255615234375000e+01 0.000000000000000000e+00 0.000000000000000000e+00
1.000054931640625000e+02 0.000000000000000000e+00 0.000000000000000000e+00
1.004998779296875000e+02 0.000000000000000000e+00 0.000000000000000000e+00
1.008308105468750000e+02 0.000000000000000000e+00 0.000000000000000000e+00
1.011092529296875000e+02 0.000000000000000000e+00 0.000000000000000000e+00
1.013821411132812500e+02 0.000000000000000000e+00 0.000000000000000000e+00
1.018062133789062500e+02 0.000000000000000000e+00 0.000000000000000000e+00
1.019457397460937500e+02 0.000000000000000000e+00 0.000000000000000000e+00
1.021745605468750000e+02 0.000000000000000000e+00 0.000000000000000000e+00
1.025191650390625000e+02 0.000000000000000000e+00 0.000000000000000000e+00
1.023878173828125000e+02 0.000000000000000000e+00 0.000000000000000000e+00
1.025808105468750000e+02 0.000000000000000000e+00 0.000000000000000000e+00
1.028263549804687500e+02 0.000000000000000000e+00 0.000000000000000000e+00
1.030914306640625000e+02 0.000000000000000000e+00 0.000000000000000000e+00
1.033049316406250000e+02 0.000000000000000000e+00 0.000000000000000000e+00
1.035316162109375000e+02 0.000000000000000000e+00 0.000000000000000000e+00
1.036562500000000000e+02 0.000000000000000000e+00 0.000000000000000000e+00
1.034788208007812500e+02 0.000000000000000000e+00 0.000000000000000000e+00
1.015930175781250000e+02 0.000000000000000000e+00 0.000000000000000000e+00
9.906420898437500000e+01 0.000000000000000000e+00 0.000000000000000000e+00
9.672045898437500000e+01 0.000000000000000000e+00 0.000000000000000000e+00
9.557672119140625000e+01 0.000000000000000000e+00 0.000000000000000000e+00
9.544970703125000000e+01 0.000000000000000000e+00 0.000000000000000000e+00
9.542413330078125000e+01 0.000000000000000000e+00 0.000000000000000000e+00
9.561096191406250000e+01 0.000000000000000000e+00 0.000000000000000000e+00
9.570684814453125000e+01 0.000000000000000000e+00 0.000000000000000000e+00
9.580633544921875000e+01 0.000000000000000000e+00 0.000000000000000000e+00
9.615051269531250000e+01 0.000000000000000000e+00 0.000000000000000000e+00
9.662500000000000000e+01 0.000000000000000000e+00 0.000000000000000000e+00
9.689044189453125000e+01 0.000000000000000000e+00 0.000000000000000000e+00
9.689672851562500000e+01 0.000000000000000000e+00 0.000000000000000000e+00
9.692541503906250000e+01 0.000000000000000000e+00 0.000000000000000000e+00
9.661791992187500000e+01 0.000000000000000000e+00 0.000000000000000000e+00
9.648535156250000000e+01 0.000000000000000000e+00 0.000000000000000000e+00
9.652514648437500000e+01 0.000000000000000000e+00 0.000000000000000000e+00
9.679193115234375000e+01 0.000000000000000000e+00 0.000000000000000000e+00
9.713073730468750000e+01 0.000000000000000000e+00 0.000000000000000000e+00
9.764379882812500000e+01 0.000000000000000000e+00 0.000000000000000000e+00
9.818786621093750000e+01 0.000000000000000000e+00 0.000000000000000000e+00
9.863836669921875000e+01 0.000000000000000000e+00 0.000000000000000000e+00
9.896051025390625000e+01 0.000000000000000000e+00 0.000000000000000000e+00
9.923382568359375000e+01 0.000000000000000000e+00 0.000000000000000000e+00
9.947094726562500000e+01 0.000000000000000000e+00 0.000000000000000000e+00
9.980810546875000000e+01 0.000000000000000000e+00 0.000000000000000000e+00
1.001936035156250000e+02 0.000000000000000000e+00 0.000000000000000000e+00
1.006154785156250000e+02 0.000000000000000000e+00 0.000000000000000000e+00
1.007785644531250000e+02 0.000000000000000000e+00 0.000000000000000000e+00
1.008859252929687500e+02 0.000000000000000000e+00 0.000000000000000000e+00
1.011910400390625000e+02 0.000000000000000000e+00 0.000000000000000000e+00
1.011612548828125000e+02 0.000000000000000000e+00 0.000000000000000000e+00
1.013705444335937500e+02 0.000000000000000000e+00 0.000000000000000000e+00
1.014917602539062500e+02 0.000000000000000000e+00 0.000000000000000000e+00
1.016623535156250000e+02 0.000000000000000000e+00 0.000000000000000000e+00
1.018114624023437500e+02 0.000000000000000000e+00 0.000000000000000000e+00
1.013074951171875000e+02 0.000000000000000000e+00 0.000000000000000000e+00
9.897961425781250000e+01 0.000000000000000000e+00 0.000000000000000000e+00
9.685009765625000000e+01 0.000000000000000000e+00 0.000000000000000000e+00
9.521380615234375000e+01 0.000000000000000000e+00 0.000000000000000000e+00
9.438494873046875000e+01 0.000000000000000000e+00 0.000000000000000000e+00
9.412164306640625000e+01 0.000000000000000000e+00 0.000000000000000000e+00
9.430895996093750000e+01 0.000000000000000000e+00 0.000000000000000000e+00
9.438269042968750000e+01 0.000000000000000000e+00 0.000000000000000000e+00
9.448266601562500000e+01 0.000000000000000000e+00 0.000000000000000000e+00
9.483666992187500000e+01 0.000000000000000000e+00 0.000000000000000000e+00
9.578332519531250000e+01 0.000000000000000000e+00 0.000000000000000000e+00
9.644036865234375000e+01 0.000000000000000000e+00 0.000000000000000000e+00
9.685150146484375000e+01 0.000000000000000000e+00 0.000000000000000000e+00
9.719525146484375000e+01 0.000000000000000000e+00 0.000000000000000000e+00
9.715423583984375000e+01 0.000000000000000000e+00 0.000000000000000000e+00
9.722650146484375000e+01 0.000000000000000000e+00 0.000000000000000000e+00
9.731066894531250000e+01 0.000000000000000000e+00 0.000000000000000000e+00
9.722381591796875000e+01 0.000000000000000000e+00 0.000000000000000000e+00
9.728131103515625000e+01 0.000000000000000000e+00 0.000000000000000000e+00
9.734271240234375000e+01 0.000000000000000000e+00 0.000000000000000000e+00
9.742620849609375000e+01 0.000000000000000000e+00 0.000000000000000000e+00
9.765539550781250000e+01 0.000000000000000000e+00 0.000000000000000000e+00
9.817895507812500000e+01 0.000000000000000000e+00 0.000000000000000000e+00
9.826086425781250000e+01 0.000000000000000000e+00 0.000000000000000000e+00
9.851599121093750000e+01 0.000000000000000000e+00 0.000000000000000000e+00
9.866265869140625000e+01 0.000000000000000000e+00 0.000000000000000000e+00
9.867364501953125000e+01 0.000000000000000000e+00 0.000000000000000000e+00
9.874517822265625000e+01 0.000000000000000000e+00 0.000000000000000000e+00
9.899224853515625000e+01 0.000000000000000000e+00 0.000000000000000000e+00
9.904675292968750000e+01 0.000000000000000000e+00 0.000000000000000000e+00
9.902160644531250000e+01 0.000000000000000000e+00 0.000000000000000000e+00
9.916387939453125000e+01 0.000000000000000000e+00 0.000000000000000000e+00
9.930645751953125000e+01 0.000000000000000000e+00 0.000000000000000000e+00
9.951641845703125000e+01 0.000000000000000000e+00 0.000000000000000000e+00
9.919628906250000000e+01 0.000000000000000000e+00 0.000000000000000000e+00
9.746545410156250000e+01 0.000000000000000000e+00 0.000000000000000000e+00
9.534539794921875000e+01 0.000000000000000000e+00 0.000000000000000000e+00
9.378155517578125000e+01 0.000000000000000000e+00 0.000000000000000000e+00
9.317272949218750000e+01 0.000000000000000000e+00 0.000000000000000000e+00
9.283282470703125000e+01 0.000000000000000000e+00 0.000000000000000000e+00
9.285864257812500000e+01 0.000000000000000000e+00 0.000000000000000000e+00
9.305877685546875000e+01 0.000000000000000000e+00 0.000000000000000000e+00
9.337921142578125000e+01 0.000000000000000000e+00 0.000000000000000000e+00
9.353948974609375000e+01 0.000000000000000000e+00 0.000000000000000000e+00
9.432305908203125000e+01 0.000000000000000000e+00 0.000000000000000000e+00
9.480029296875000000e+01 0.000000000000000000e+00 0.000000000000000000e+00
9.532830810546875000e+01 0.000000000000000000e+00 0.000000000000000000e+00
9.557128906250000000e+01 0.000000000000000000e+00 0.000000000000000000e+00
9.560876464843750000e+01 0.000000000000000000e+00 0.000000000000000000e+00
9.565167236328125000e+01 0.000000000000000000e+00 0.000000000000000000e+00
9.576287841796875000e+01 0.000000000000000000e+00 0.000000000000000000e+00
9.576043701171875000e+01 0.000000000000000000e+00 0.000000000000000000e+00
9.602191162109375000e+01 0.000000000000000000e+00 0.000000000000000000e+00
9.716784667968750000e+01 0.000000000000000000e+00 0.000000000000000000e+00
9.781671142578125000e+01 0.000000000000000000e+00 0.000000000000000000e+00
9.833306884765625000e+01 0.000000000000000000e+00 0.000000000000000000e+00
9.891284179687500000e+01 0.000000000000000000e+00 0.000000000000000000e+00
9.942504882812500000e+01 0.000000000000000000e+00 0.000000000000000000e+00
9.995092773437500000e+01 0.000000000000000000e+00 0.000000000000000000e+00
1.003350219726562500e+02 0.000000000000000000e+00 0.000000000000000000e+00
1.005470581054687500e+02 0.000000000000000000e+00 0.000000000000000000e+00
1.009448852539062500e+02 0.000000000000000000e+00 0.000000000000000000e+00
1.013842163085937500e+02 0.000000000000000000e+00 0.000000000000000000e+00
1.017357788085937500e+02 0.000000000000000000e+00 0.000000000000000000e+00
1.020069580078125000e+02 0.000000000000000000e+00 0.000000000000000000e+00
1.024392089843750000e+02 0.000000000000000000e+00 0.000000000000000000e+00
1.027152709960937500e+02 0.000000000000000000e+00 0.000000000000000000e+00
1.030373535156250000e+02 0.000000000000000000e+00 0.000000000000000000e+00
1.032691650390625000e+02 0.000000000000000000e+00 0.000000000000000000e+00
1.036261596679687500e+02 0.000000000000000000e+00 0.000000000000000000e+00
1.035927734375000000e+02 0.000000000000000000e+00 0.000000000000000000e+00
1.025993041992187500e+02 0.000000000000000000e+00 0.000000000000000000e+00
1.007272338867187500e+02 0.000000000000000000e+00 0.000000000000000000e+00
9.886810302734375000e+01 0.000000000000000000e+00 0.000000000000000000e+00
9.779736328125000000e+01 0.000000000000000000e+00 0.000000000000000000e+00
9.712573242187500000e+01 0.000000000000000000e+00 0.000000000000000000e+00
9.697448730468750000e+01 0.000000000000000000e+00 0.000000000000000000e+00
9.689245605468750000e+01 0.000000000000000000e+00 0.000000000000000000e+00
9.681286621093750000e+01 0.000000000000000000e+00 0.000000000000000000e+00
9.690118408203125000e+01 0.000000000000000000e+00 0.000000000000000000e+00
9.675421142578125000e+01 0.000000000000000000e+00 0.000000000000000000e+00
9.697662353515625000e+01 0.000000000000000000e+00 0.000000000000000000e+00
9.736712646484375000e+01 0.000000000000000000e+00 0.000000000000000000e+00
9.776397705078125000e+01 0.000000000000000000e+00 0.000000000000000000e+00
9.787817382812500000e+01 0.000000000000000000e+00 0.000000000000000000e+00
9.792895507812500000e+01 0.000000000000000000e+00 0.000000000000000000e+00
9.809130859375000000e+01 0.000000000000000000e+00 0.000000000000000000e+00
9.828552246093750000e+01 0.000000000000000000e+00 0.000000000000000000e+00
9.854919433593750000e+01 0.000000000000000000e+00 0.000000000000000000e+00
9.905175781250000000e+01 0.000000000000000000e+00 0.000000000000000000e+00
9.946856689453125000e+01 0.000000000000000000e+00 0.000000000000000000e+00
9.989440917968750000e+01 0.000000000000000000e+00 0.000000000000000000e+00
1.005245361328125000e+02 0.000000000000000000e+00 0.000000000000000000e+00
1.006201782226562500e+02 0.000000000000000000e+00 0.000000000000000000e+00
1.009476318359375000e+02 0.000000000000000000e+00 0.000000000000000000e+00
1.012142944335937500e+02 0.000000000000000000e+00 0.000000000000000000e+00
1.016209106445312500e+02 0.000000000000000000e+00 0.000000000000000000e+00
1.018955688476562500e+02 0.000000000000000000e+00 0.000000000000000000e+00
1.021204833984375000e+02 0.000000000000000000e+00 0.000000000000000000e+00
1.022397460937500000e+02 0.000000000000000000e+00 0.000000000000000000e+00
1.024369506835937500e+02 0.000000000000000000e+00 0.000000000000000000e+00
1.024189453125000000e+02 0.000000000000000000e+00 0.000000000000000000e+00
1.025500488281250000e+02 0.000000000000000000e+00 0.000000000000000000e+00
1.026209106445312500e+02 0.000000000000000000e+00 0.000000000000000000e+00
1.027151489257812500e+02 0.000000000000000000e+00 0.000000000000000000e+00
1.026713256835937500e+02 0.000000000000000000e+00 0.000000000000000000e+00
1.027270507812500000e+02 0.000000000000000000e+00 0.000000000000000000e+00
1.029949340820312500e+02 0.000000000000000000e+00 0.000000000000000000e+00
1.030301513671875000e+02 0.000000000000000000e+00 0.000000000000000000e+00
1.018895263671875000e+02 0.000000000000000000e+00 0.000000000000000000e+00
9.982415771484375000e+01 0.000000000000000000e+00 0.000000000000000000e+00
9.791198730468750000e+01 0.000000000000000000e+00 0.000000000000000000e+00
9.708880615234375000e+01 0.000000000000000000e+00 0.000000000000000000e+00
9.668682861328125000e+01 0.000000000000000000e+00 0.000000000000000000e+00
9.673645019531250000e+01 0.000000000000000000e+00 0.000000000000000000e+00
9.693688964843750000e+01 0.000000000000000000e+00 0.000000000000000000e+00
9.718048095703125000e+01 0.000000000000000000e+00 0.000000000000000000e+00
9.744909667968750000e+01 0.000000000000000000e+00 0.000000000000000000e+00
9.750305175781250000e+01 0.000000000000000000e+00 0.000000000000000000e+00
9.780950927734375000e+01 0.000000000000000000e+00 0.000000000000000000e+00
9.786468505859375000e+01 0.000000000000000000e+00 0.000000000000000000e+00
9.801019287109375000e+01 0.000000000000000000e+00 0.000000000000000000e+00
9.799798583984375000e+01 0.000000000000000000e+00 0.000000000000000000e+00
9.783972167968750000e+01 0.000000000000000000e+00 0.000000000000000000e+00
9.762695312500000000e+01 0.000000000000000000e+00 0.000000000000000000e+00
9.758697509765625000e+01 0.000000000000000000e+00 0.000000000000000000e+00
9.768017578125000000e+01 0.000000000000000000e+00 0.000000000000000000e+00
9.787860107421875000e+01 0.000000000000000000e+00 0.000000000000000000e+00
9.829968261718750000e+01 0.000000000000000000e+00 0.000000000000000000e+00
9.869036865234375000e+01 0.000000000000000000e+00 0.000000000000000000e+00
9.913458251953125000e+01 0.000000000000000000e+00 0.000000000000000000e+00
9.947100830078125000e+01 0.000000000000000000e+00 0.000000000000000000e+00
9.982318115234375000e+01 0.000000000000000000e+00 0.000000000000000000e+00
1.002079467773437500e+02 0.000000000000000000e+00 0.000000000000000000e+00
1.004375000000000000e+02 0.000000000000000000e+00 0.000000000000000000e+00
1.013019409179687500e+02 0.000000000000000000e+00 0.000000000000000000e+00
1.013862915039062500e+02 0.000000000000000000e+00 0.000000000000000000e+00
1.019619750976562500e+02 0.000000000000000000e+00 0.000000000000000000e+00
1.022548828125000000e+02 0.000000000000000000e+00 0.000000000000000000e+00
1.027360229492187500e+02 0.000000000000000000e+00 0.000000000000000000e+00
1.030106811523437500e+02 0.000000000000000000e+00 0.000000000000000000e+00
1.034600219726562500e+02 0.000000000000000000e+00 0.000000000000000000e+00
1.037907714843750000e+02 0.000000000000000000e+00 0.000000000000000000e+00
1.039017944335937500e+02 0.000000000000000000e+00 0.000000000000000000e+00
1.039878540039062500e+02 0.000000000000000000e+00 0.000000000000000000e+00
1.038253173828125000e+02 0.000000000000000000e+00 0.000000000000000000e+00
1.024396972656250000e+02 0.000000000000000000e+00 0.000000000000000000e+00
1.009548339843750000e+02 0.000000000000000000e+00 0.000000000000000000e+00
9.984094238281250000e+01 0.000000000000000000e+00 0.000000000000000000e+00
9.949523925781250000e+01 0.000000000000000000e+00 0.000000000000000000e+00
9.928942871093750000e+01 0.000000000000000000e+00 0.000000000000000000e+00
9.905889892578125000e+01 0.000000000000000000e+00 0.000000000000000000e+00
9.934075927734375000e+01 0.000000000000000000e+00 0.000000000000000000e+00
9.931994628906250000e+01 0.000000000000000000e+00 0.000000000000000000e+00
9.959985351562500000e+01 0.000000000000000000e+00 0.000000000000000000e+00
1.002216186523437500e+02 0.000000000000000000e+00 0.000000000000000000e+00
1.006444091796875000e+02 0.000000000000000000e+00 0.000000000000000000e+00
1.010558471679687500e+02 0.000000000000000000e+00 0.000000000000000000e+00
1.012304687500000000e+02 0.000000000000000000e+00 0.000000000000000000e+00
1.011710205078125000e+02 0.000000000000000000e+00 0.000000000000000000e+00
1.010447387695312500e+02 0.000000000000000000e+00 0.000000000000000000e+00
1.010377807617187500e+02 0.000000000000000000e+00 0.000000000000000000e+00
1.010299072265625000e+02 0.000000000000000000e+00 0.000000000000000000e+00
1.014237060546875000e+02 0.000000000000000000e+00 0.000000000000000000e+00
1.018399658203125000e+02 0.000000000000000000e+00 0.000000000000000000e+00
1.022397460937500000e+02 0.000000000000000000e+00 0.000000000000000000e+00
1.027957153320312500e+02 0.000000000000000000e+00 0.000000000000000000e+00
1.030449829101562500e+02 0.000000000000000000e+00 0.000000000000000000e+00
1.034454345703125000e+02 0.000000000000000000e+00 0.000000000000000000e+00
1.038072509765625000e+02 0.000000000000000000e+00 0.000000000000000000e+00
1.043271484375000000e+02 0.000000000000000000e+00 0.000000000000000000e+00
1.044831542968750000e+02 0.000000000000000000e+00 0.000000000000000000e+00
1.050444335937500000e+02 0.000000000000000000e+00 0.000000000000000000e+00
1.053660278320312500e+02 0.000000000000000000e+00 0.000000000000000000e+00
1.056168212890625000e+02 0.000000000000000000e+00 0.000000000000000000e+00
1.059439086914062500e+02 0.000000000000000000e+00 0.000000000000000000e+00
1.060382080078125000e+02 0.000000000000000000e+00 0.000000000000000000e+00
1.063021240234375000e+02 0.000000000000000000e+00 0.000000000000000000e+00
1.063367919921875000e+02 0.000000000000000000e+00 0.000000000000000000e+00
1.070145874023437500e+02 0.000000000000000000e+00 0.000000000000000000e+00
1.071515502929687500e+02 0.000000000000000000e+00 0.000000000000000000e+00
1.073900756835937500e+02 0.000000000000000000e+00 0.000000000000000000e+00
1.068350219726562500e+02 0.000000000000000000e+00 0.000000000000000000e+00
1.055006713867187500e+02 0.000000000000000000e+00 0.000000000000000000e+00
1.038446655273437500e+02 0.000000000000000000e+00 0.000000000000000000e+00
1.028969726562500000e+02 0.000000000000000000e+00 0.000000000000000000e+00
1.026365356445312500e+02 0.000000000000000000e+00 0.000000000000000000e+00
1.027629394531250000e+02 0.000000000000000000e+00 0.000000000000000000e+00
1.032064208984375000e+02 0.000000000000000000e+00 0.000000000000000000e+00
1.035311889648437500e+02 0.000000000000000000e+00 0.000000000000000000e+00
1.038978881835937500e+02 0.000000000000000000e+00 0.000000000000000000e+00
1.041721801757812500e+02 0.000000000000000000e+00 0.000000000000000000e+00
1.049890136718750000e+02 0.000000000000000000e+00 0.000000000000000000e+00
1.053834838867187500e+02 0.000000000000000000e+00 0.000000000000000000e+00
1.059359741210937500e+02 0.000000000000000000e+00 0.000000000000000000e+00
1.065019531250000000e+02 0.000000000000000000e+00 0.000000000000000000e+00
1.062371215820312500e+02 0.000000000000000000e+00 0.000000000000000000e+00
1.062224121093750000e+02 0.000000000000000000e+00 0.000000000000000000e+00
1.061393432617187500e+02 0.000000000000000000e+00 0.000000000000000000e+00
1.060958862304687500e+02 0.000000000000000000e+00 0.000000000000000000e+00
1.061046142578125000e+02 0.000000000000000000e+00 0.000000000000000000e+00
1.063204956054687500e+02 0.000000000000000000e+00 0.000000000000000000e+00
1.064736938476562500e+02 0.000000000000000000e+00 0.000000000000000000e+00
1.068895263671875000e+02 0.000000000000000000e+00 0.000000000000000000e+00
1.071660766601562500e+02 0.000000000000000000e+00 0.000000000000000000e+00
1.075657348632812500e+02 0.000000000000000000e+00 0.000000000000000000e+00
1.078492431640625000e+02 0.000000000000000000e+00 0.000000000000000000e+00
1.080950927734375000e+02 0.000000000000000000e+00 0.000000000000000000e+00
1.083072509765625000e+02 0.000000000000000000e+00 0.000000000000000000e+00
1.083288574218750000e+02 0.000000000000000000e+00 0.000000000000000000e+00
1.084199218750000000e+02 0.000000000000000000e+00 0.000000000000000000e+00
1.084630737304687500e+02 0.000000000000000000e+00 0.000000000000000000e+00
1.085941162109375000e+02 0.000000000000000000e+00 0.000000000000000000e+00
1.088768310546875000e+02 0.000000000000000000e+00 0.000000000000000000e+00
1.089442749023437500e+02 0.000000000000000000e+00 0.000000000000000000e+00
1.090111694335937500e+02 0.000000000000000000e+00 0.000000000000000000e+00
1.092715454101562500e+02 0.000000000000000000e+00 0.000000000000000000e+00
1.095651245117187500e+02 0.000000000000000000e+00 0.000000000000000000e+00
1.100275878906250000e+02 0.000000000000000000e+00 0.000000000000000000e+00
1.104790039062500000e+02 0.000000000000000000e+00 0.000000000000000000e+00
1.105380859375000000e+02 0.000000000000000000e+00 0.000000000000000000e+00
1.099445190429687500e+02 0.000000000000000000e+00 0.000000000000000000e+00
1.083958740234375000e+02 0.000000000000000000e+00 0.000000000000000000e+00
1.068519897460937500e+02 0.000000000000000000e+00 0.000000000000000000e+00
1.059744262695312500e+02 0.000000000000000000e+00 0.000000000000000000e+00
1.056054687500000000e+02 0.000000000000000000e+00 0.000000000000000000e+00
1.053102416992187500e+02 0.000000000000000000e+00 0.000000000000000000e+00
1.054113159179687500e+02 0.000000000000000000e+00 0.000000000000000000e+00
1.054742431640625000e+02 0.000000000000000000e+00 0.000000000000000000e+00
1.051951904296875000e+02 0.000000000000000000e+00 0.000000000000000000e+00
1.053459472656250000e+02 0.000000000000000000e+00 0.000000000000000000e+00
1.055407104492187500e+02 0.000000000000000000e+00 0.000000000000000000e+00
1.058591918945312500e+02 0.000000000000000000e+00 0.000000000000000000e+00
1.059819335937500000e+02 0.000000000000000000e+00 0.000000000000000000e+00
1.059404296875000000e+02 0.000000000000000000e+00 0.000000000000000000e+00
1.057754516601562500e+02 0.000000000000000000e+00 0.000000000000000000e+00
1.055821533203125000e+02 0.000000000000000000e+00 0.000000000000000000e+00
1.053747558593750000e+02 0.000000000000000000e+00 0.000000000000000000e+00
1.052376098632812500e+02 0.000000000000000000e+00 0.000000000000000000e+00
1.052874145507812500e+02 0.000000000000000000e+00 0.000000000000000000e+00
1.054437866210937500e+02 0.000000000000000000e+00 0.000000000000000000e+00
1.057258911132812500e+02 0.000000000000000000e+00 0.000000000000000000e+00
1.061624145507812500e+02 0.000000000000000000e+00 0.000000000000000000e+00
1.063481445312500000e+02 0.000000000000000000e+00 0.000000000000000000e+00
1.065734252929687500e+02 0.000000000000000000e+00 0.000000000000000000e+00
1.068223876953125000e+02 0.000000000000000000e+00 0.000000000000000000e+00
1.068734741210937500e+02 0.000000000000000000e+00 0.000000000000000000e+00
1.069862670898437500e+02 0.000000000000000000e+00 0.000000000000000000e+00
1.071239624023437500e+02 0.000000000000000000e+00 0.000000000000000000e+00
1.072295532226562500e+02 0.000000000000000000e+00 0.000000000000000000e+00
1.072267456054687500e+02 0.000000000000000000e+00 0.000000000000000000e+00
1.075302124023437500e+02 0.000000000000000000e+00 0.000000000000000000e+00
1.078484497070312500e+02 0.000000000000000000e+00 0.000000000000000000e+00
1.080823974609375000e+02 0.000000000000000000e+00 0.000000000000000000e+00
1.084465942382812500e+02 0.000000000000000000e+00 0.000000000000000000e+00
1.087802734375000000e+02 0.000000000000000000e+00 0.000000000000000000e+00
1.088930664062500000e+02 0.000000000000000000e+00 0.000000000000000000e+00
1.092211914062500000e+02 0.000000000000000000e+00 0.000000000000000000e+00
1.093629150390625000e+02 0.000000000000000000e+00 0.000000000000000000e+00
1.095820312500000000e+02 0.000000000000000000e+00 0.000000000000000000e+00
1.091270141601562500e+02 0.000000000000000000e+00 0.000000000000000000e+00
1.073096923828125000e+02 0.000000000000000000e+00 0.000000000000000000e+00
1.055784301757812500e+02 0.000000000000000000e+00 0.000000000000000000e+00
1.043572998046875000e+02 0.000000000000000000e+00 0.000000000000000000e+00
1.035426635742187500e+02 0.000000000000000000e+00 0.000000000000000000e+00
1.031358032226562500e+02 0.000000000000000000e+00 0.000000000000000000e+00
1.029944458007812500e+02 0.000000000000000000e+00 0.000000000000000000e+00
1.030204467773437500e+02 0.000000000000000000e+00 0.000000000000000000e+00
1.029887695312500000e+02 0.000000000000000000e+00 0.000000000000000000e+00
1.029008789062500000e+02 0.000000000000000000e+00 0.000000000000000000e+00
1.026901245117187500e+02 0.000000000000000000e+00 0.000000000000000000e+00
1.027673950195312500e+02 0.000000000000000000e+00 0.000000000000000000e+00
1.029878540039062500e+02 0.000000000000000000e+00 0.000000000000000000e+00
1.030413208007812500e+02 0.000000000000000000e+00 0.000000000000000000e+00
1.027871704101562500e+02 0.000000000000000000e+00 0.000000000000000000e+00
1.028035888671875000e+02 0.000000000000000000e+00 0.000000000000000000e+00
1.027670898437500000e+02 0.000000000000000000e+00 0.000000000000000000e+00
1.028299560546875000e+02 0.000000000000000000e+00 0.000000000000000000e+00
1.028485717773437500e+02 0.000000000000000000e+00 0.000000000000000000e+00
1.030591430664062500e+02 0.000000000000000000e+00 0.000000000000000000e+00
1.036486816406250000e+02 0.000000000000000000e+00 0.000000000000000000e+00
1.043175048828125000e+02 0.000000000000000000e+00 0.000000000000000000e+00
1.047179565429687500e+02 0.000000000000000000e+00 0.000000000000000000e+00
1.050946044921875000e+02 0.000000000000000000e+00 0.000000000000000000e+00
1.052717285156250000e+02 0.000000000000000000e+00 0.000000000000000000e+00
1.055570068359375000e+02 0.000000000000000000e+00 0.000000000000000000e+00
1.057048339843750000e+02 0.000000000000000000e+00 0.000000000000000000e+00
1.060226440429687500e+02 0.000000000000000000e+00 0.000000000000000000e+00
1.062912597656250000e+02 0.000000000000000000e+00 0.000000000000000000e+00
1.064664916992187500e+02 0.000000000000000000e+00 0.000000000000000000e+00
1.067500000000000000e+02 0.000000000000000000e+00 0.000000000000000000e+00
1.069940185546875000e+02 0.000000000000000000e+00 0.000000000000000000e+00
1.071126098632812500e+02 0.000000000000000000e+00 0.000000000000000000e+00
1.072481079101562500e+02 0.000000000000000000e+00 0.000000000000000000e+00
1.076384277343750000e+02 0.000000000000000000e+00 0.000000000000000000e+00
1.080835571289062500e+02 0.000000000000000000e+00 0.000000000000000000e+00
1.082658081054687500e+02 0.000000000000000000e+00 0.000000000000000000e+00
1.080816650390625000e+02 0.000000000000000000e+00 0.000000000000000000e+00
1.065205688476562500e+02 0.000000000000000000e+00 0.000000000000000000e+00
1.046393432617187500e+02 0.000000000000000000e+00 0.000000000000000000e+00
1.033341064453125000e+02 0.000000000000000000e+00 0.000000000000000000e+00
1.023228149414062500e+02 0.000000000000000000e+00 0.000000000000000000e+00
1.020813598632812500e+02 0.000000000000000000e+00 0.000000000000000000e+00
1.020912475585937500e+02 0.000000000000000000e+00 0.000000000000000000e+00
1.023993530273437500e+02 0.000000000000000000e+00 0.000000000000000000e+00
1.028150634765625000e+02 0.000000000000000000e+00 0.000000000000000000e+00
1.032077636718750000e+02 0.000000000000000000e+00 0.000000000000000000e+00
1.039781494140625000e+02 0.000000000000000000e+00 0.000000000000000000e+00
1.045765991210937500e+02 0.000000000000000000e+00 0.000000000000000000e+00
1.048697509765625000e+02 0.000000000000000000e+00 0.000000000000000000e+00
1.050760498046875000e+02 0.000000000000000000e+00 0.000000000000000000e+00
1.052675781250000000e+02 0.000000000000000000e+00 0.000000000000000000e+00
1.052223510742187500e+02 0.000000000000000000e+00 0.000000000000000000e+00
