2.430211791992187500e+02 4.051251220703125000e+01 5.616638183593750000e+00
2.429851684570312500e+02 4.048577880859375000e+01 5.564331054687500000e+00
2.429080200195312500e+02 4.042614746093750000e+01 5.501037597656250000e+00
2.422935791015625000e+02 3.980358886718750000e+01 4.923828125000000000e+00
2.415959472656250000e+02 3.908605957031250000e+01 4.326416015625000000e+00
2.410789794921875000e+02 3.860095214843750000e+01 3.929199218750000000e+00
2.407608642578125000e+02 3.833209228515625000e+01 3.743164062500000000e+00
2.404783325195312500e+02 3.812408447265625000e+01 3.736022949218750000e+00
2.399047851562500000e+02 3.820855712890625000e+01 4.023681640625000000e+00
2.396430053710937500e+02 3.843273925781250000e+01 3.994201660156250000e+00
2.395247802734375000e+02 3.871441650390625000e+01 4.596618652343750000e+00
2.394904785156250000e+02 3.885198974609375000e+01 4.208679199218750000e+00
2.396613769531250000e+02 3.898858642578125000e+01 4.279785156250000000e+00
2.397098388671875000e+02 3.930987548828125000e+01 4.315429687500000000e+00
2.398206787109375000e+02 3.936798095703125000e+01 4.516540527343750000e+00
2.398521728515625000e+02 3.939080810546875000e+01 4.410339355468750000e+00
2.394956054687500000e+02 3.897351074218750000e+01 4.217956542968750000e+00
2.388494873046875000e+02 3.806378173828125000e+01 3.355346679687500000e+00
2.384176025390625000e+02 3.701531982421875000e+01 3.340148925781250000e+00
2.383077392578125000e+02 3.678247070312500000e+01 3.326416015625000000e+00
2.383902587890625000e+02 3.701885986328125000e+01 3.210815429687500000e+00
2.386179809570312500e+02 3.773944091796875000e+01 3.135925292968750000e+00
2.389181518554687500e+02 3.791046142578125000e+01 3.741149902343750000e+00
2.391390991210937500e+02 3.826696777343750000e+01 4.002929687500000000e+00
2.394012451171875000e+02 3.880035400390625000e+01 4.097656250000000000e+00
2.397185058593750000e+02 3.927575683593750000e+01 4.335266113281250000e+00
2.398480224609375000e+02 3.956127929687500000e+01 4.004699707031250000e+00
2.400127563476562500e+02 3.942932128906250000e+01 4.330017089843750000e+00
2.400098266601562500e+02 3.915863037109375000e+01 4.389099121093750000e+00
2.398323974609375000e+02 3.920678710937500000e+01 4.302001953125000000e+00
2.397437744140625000e+02 3.889544677734375000e+01 4.240295410156250000e+00
2.396678466796875000e+02 3.880303955078125000e+01 4.091796875000000000e+00
2.396369018554687500e+02 3.879711914062500000e+01 4.507934570312500000e+00
2.397163696289062500e+02 3.901367187500000000e+01 4.754638671875000000e+00
2.398823242187500000e+02 3.900372314453125000e+01 4.838195800781250000e+00
2.399115600585937500e+02 3.912512207031250000e+01 4.813232421875000000e+00
2.399836425781250000e+02 3.925335693359375000e+01 4.841186523437500000e+00
2.400534667968750000e+02 3.951983642578125000e+01 4.600402832031250000e+00
2.401817016601562500e+02 3.959338378906250000e+01 4.218505859375000000e+00
2.402472534179687500e+02 3.979705810546875000e+01 4.550537109375000000e+00
2.403596801757812500e+02 3.995294189453125000e+01 4.436035156250000000e+00
2.403355102539062500e+02 3.974218750000000000e+01 4.557128906250000000e+00
2.397320556640625000e+02 3.904119873046875000e+01 3.670349121093750000e+00
2.391531982421875000e+02 3.799963378906250000e+01 3.367492675781250000e+00
2.387435302734375000e+02 3.754382324218750000e+01 3.287841796875000000e+00
2.385643310546875000e+02 3.765032958984375000e+01 2.733947753906250000e+00
2.387005004882812500e+02 3.772595214843750000e+01 3.212158203125000000e+00
2.387366943359375000e+02 3.794781494140625000e+01 3.340515136718750000e+00
2.389503173828125000e+02 3.831347656250000000e+01 3.627136230468750000e+00
2.390831909179687500e+02 3.844842529296875000e+01 4.206787109375000000e+00
2.391974487304687500e+02 3.873693847656250000e+01 4.233154296875000000e+00
2.393126831054687500e+02 3.912292480468750000e+01 3.887268066406250000e+00
2.392597656250000000e+02 3.886541748046875000e+01 4.059875488281250000e+00
2.392082519531250000e+02 3.865240478515625000e+01 3.790771484375000000e+00
2.389940185546875000e+02 3.843841552734375000e+01 3.464294433593750000e+00
2.388635253906250000e+02 3.821215820312500000e+01 3.494873046875000000e+00
2.389218750000000000e+02 3.822845458984375000e+01 3.314086914062500000e+00
2.389336547851562500e+02 3.836700439453125000e+01 3.700988769531250000e+00
2.389706420898437500e+02 3.854315185546875000e+01 3.703552246093750000e+00
2.389086303710937500e+02 3.847991943359375000e+01 4.263366699218750000e+00
2.388085327148437500e+02 3.863018798828125000e+01 4.140625000000000000e+00
2.389089355468750000e+02 3.872570800781250000e+01 3.906799316406250000e+00
2.389760742187500000e+02 3.871386718750000000e+01 4.009399414062500000e+00
2.390083618164062500e+02 3.874566650390625000e+01 3.664916992187500000e+00
2.388663940429687500e+02 3.876135253906250000e+01 3.664978027343750000e+00
2.389827880859375000e+02 3.880731201171875000e+01 3.862121582031250000e+00
2.389328613281250000e+02 3.877801513671875000e+01 3.674499511718750000e+00
2.386556396484375000e+02 3.765966796875000000e+01 3.656127929687500000e+00
2.381583251953125000e+02 3.655718994140625000e+01 3.797302246093750000e+00
2.378061523437500000e+02 3.591265869140625000e+01 3.545654296875000000e+00
2.377947387695312500e+02 3.557714843750000000e+01 3.393127441406250000e+00
2.379366455078125000e+02 3.556298828125000000e+01 3.710571289062500000e+00
2.378544921875000000e+02 3.593988037109375000e+01 4.060302734375000000e+00
2.379952392578125000e+02 3.610552978515625000e+01 4.106323242187500000e+00
2.378634643554687500e+02 3.666217041015625000e+01 4.552673339843750000e+00
2.380075073242187500e+02 3.678564453125000000e+01 4.325073242187500000e+00
2.379256591796875000e+02 3.697406005859375000e+01 4.503295898437500000e+00
2.378613891601562500e+02 3.697851562500000000e+01 3.730834960937500000e+00
2.378375244140625000e+02 3.701336669921875000e+01 3.268127441406250000e+00
2.377189331054687500e+02 3.662103271484375000e+01 2.932495117187500000e+00
2.376629638671875000e+02 3.639428710937500000e+01 2.678405761718750000e+00
2.376045532226562500e+02 3.629528808593750000e+01 2.391845703125000000e+00
2.376494750976562500e+02 3.604211425781250000e+01 2.877197265625000000e+00
2.376373291015625000e+02 3.630419921875000000e+01 2.746520996093750000e+00
2.375914306640625000e+02 3.633587646484375000e+01 2.676147460937500000e+00
2.376546020507812500e+02 3.633843994140625000e+01 2.557128906250000000e+00
2.377193603515625000e+02 3.640197753906250000e+01 2.834594726562500000e+00
2.375280151367187500e+02 3.645874023437500000e+01 2.630371093750000000e+00
2.374603271484375000e+02 3.667437744140625000e+01 2.259277343750000000e+00
2.374338989257812500e+02 3.695886230468750000e+01 2.127075195312500000e+00
2.374235839843750000e+02 3.701177978515625000e+01 1.892944335937500000e+00
2.374113769531250000e+02 3.702813720703125000e+01 2.009033203125000000e+00
2.371457519531250000e+02 3.635498046875000000e+01 2.087707519531250000e+00
2.366473388671875000e+02 3.504693603515625000e+01 1.988220214843750000e+00
2.362999267578125000e+02 3.402825927734375000e+01 1.869812011718750000e+00
2.361113891601562500e+02 3.379339599609375000e+01 1.943420410156250000e+00
2.362172851562500000e+02 3.411889648437500000e+01 1.931274414062500000e+00
2.364360961914062500e+02 3.439489746093750000e+01 2.105468750000000000e+00
2.365328979492187500e+02 3.460394287109375000e+01 2.416931152343750000e+00
2.366709594726562500e+02 3.503112792968750000e+01 2.459228515625000000e+00
2.368403930664062500e+02 3.527777099609375000e+01 2.512756347656250000e+00
2.368104858398437500e+02 3.567047119140625000e+01 2.575683593750000000e+00
2.367118530273437500e+02 3.564868164062500000e+01 2.916259765625000000e+00
2.366802978515625000e+02 3.535186767578125000e+01 2.705078125000000000e+00
2.365193481445312500e+02 3.471331787109375000e+01 2.855957031250000000e+00
2.364350585937500000e+02 3.448956298828125000e+01 2.977294921875000000e+00
2.364376220703125000e+02 3.425665283203125000e+01 3.080200195312500000e+00
2.361795654296875000e+02 3.435839843750000000e+01 2.640319824218750000e+00
2.360880126953125000e+02 3.457965087890625000e+01 2.010070800781250000e+00
2.360259399414062500e+02 3.458905029296875000e+01 2.044433593750000000e+00
2.360128173828125000e+02 3.452386474609375000e+01 2.024597167968750000e+00
2.357641601562500000e+02 3.471588134765625000e+01 1.934814453125000000e+00
2.355747070312500000e+02 3.441186523437500000e+01 1.829162597656250000e+00
2.355081787109375000e+02 3.397308349609375000e+01 2.634338378906250000e+00
2.354757690429687500e+02 3.406951904296875000e+01 2.184509277343750000e+00
2.354498291015625000e+02 3.398236083984375000e+01 2.435241699218750000e+00
2.353208618164062500e+02 3.383966064453125000e+01 2.441101074218750000e+00
2.347060546875000000e+02 3.311932373046875000e+01 1.780517578125000000e+00
2.342233886718750000e+02 3.208758544921875000e+01 1.770263671875000000e+00
2.337187500000000000e+02 3.156591796875000000e+01 1.358154296875000000e+00
2.333163452148437500e+02 3.111645507812500000e+01 1.269653320312500000e+00
2.334840087890625000e+02 3.106268310546875000e+01 1.523315429687500000e+00
2.337399291992187500e+02 3.135668945312500000e+01 1.884155273437500000e+00
2.340794677734375000e+02 3.185345458984375000e+01 2.084838867187500000e+00
2.344544677734375000e+02 3.225531005859375000e+01 2.119262695312500000e+00
2.347915649414062500e+02 3.277368164062500000e+01 2.393371582031250000e+00
2.349935913085937500e+02 3.304272460937500000e+01 2.664672851562500000e+00
2.352493286132812500e+02 3.326501464843750000e+01 2.311767578125000000e+00
2.350604858398437500e+02 3.330218505859375000e+01 2.055664062500000000e+00
2.349420776367187500e+02 3.309057617187500000e+01 2.198852539062500000e+00
2.349351806640625000e+02 3.310266113281250000e+01 2.088928222656250000e+00
2.350794067382812500e+02 3.319183349609375000e+01 2.370361328125000000e+00
2.351348876953125000e+02 3.320245361328125000e+01 2.472778320312500000e+00
2.353673095703125000e+02 3.336865234375000000e+01 2.335937500000000000e+00
2.353141479492187500e+02 3.352404785156250000e+01 2.902954101562500000e+00
2.354661254882812500e+02 3.356616210937500000e+01 2.839172363281250000e+00
2.359031982421875000e+02 3.392724609375000000e+01 2.765014648437500000e+00
2.361395263671875000e+02 3.403179931640625000e+01 3.302368164062500000e+00
2.361842041015625000e+02 3.430517578125000000e+01 2.863708496093750000e+00
2.362427978515625000e+02 3.436553955078125000e+01 3.324340820312500000e+00
2.363134155273437500e+02 3.469024658203125000e+01 2.977050781250000000e+00
2.363410644531250000e+02 3.469281005859375000e+01 2.985412597656250000e+00
2.360900878906250000e+02 3.451824951171875000e+01 2.178649902343750000e+00
2.355581054687500000e+02 3.322686767578125000e+01 1.929870605468750000e+00
2.349809570312500000e+02 3.266107177734375000e+01 1.608032226562500000e+00
2.347932128906250000e+02 3.245196533203125000e+01 1.204711914062500000e+00
2.349022827148437500e+02 3.254382324218750000e+01 1.058837890625000000e+00
2.351113281250000000e+02 3.261657714843750000e+01 1.952331542968750000e+00
2.352720336914062500e+02 3.309033203125000000e+01 1.861999511718750000e+00
2.354897460937500000e+02 3.368035888671875000e+01 1.864501953125000000e+00
2.357531738281250000e+02 3.429766845703125000e+01 1.978332519531250000e+00
2.359671630859375000e+02 3.438110351562500000e+01 2.079895019531250000e+00
2.361889038085937500e+02 3.466119384765625000e+01 2.004150390625000000e+00
2.361280517578125000e+02 3.438806152343750000e+01 2.039672851562500000e+00
2.358750610351562500e+02 3.391455078125000000e+01 2.012817382812500000e+00
2.355856933593750000e+02 3.366168212890625000e+01 1.915832519531250000e+00
2.356198120117187500e+02 3.364050292968750000e+01 2.171569824218750000e+00
2.356415405273437500e+02 3.359246826171875000e+01 2.449584960937500000e+00
2.357384643554687500e+02 3.395153808593750000e+01 1.993652343750000000e+00
2.357030029296875000e+02 3.389135742187500000e+01 2.453918457031250000e+00
2.355979614257812500e+02 3.432794189453125000e+01 2.307617187500000000e+00
2.356212158203125000e+02 3.420184326171875000e+01 2.403564453125000000e+00
2.357652587890625000e+02 3.438610839843750000e+01 2.217773437500000000e+00
2.356269531250000000e+02 3.445288085937500000e+01 1.913940429687500000e+00
2.357802734375000000e+02 3.439843750000000000e+01 2.739807128906250000e+00
2.358253784179687500e+02 3.454718017578125000e+01 2.658386230468750000e+00
2.356707763671875000e+02 3.460858154296875000e+01 2.237792968750000000e+00
2.354732666015625000e+02 3.414190673828125000e+01 1.919555664062500000e+00
2.348306274414062500e+02 3.303558349609375000e+01 1.144104003906250000e+00
2.343510742187500000e+02 3.258154296875000000e+01 9.936523437500000000e-01
2.341176147460937500e+02 3.225323486328125000e+01 1.129333496093750000e+00
2.342148437500000000e+02 3.237615966796875000e+01 9.874877929687500000e-01
2.342954101562500000e+02 3.264331054687500000e+01 9.425048828125000000e-01
2.343439941406250000e+02 3.245812988281250000e+01 1.135559082031250000e+00
2.342753906250000000e+02 3.249133300781250000e+01 1.149597167968750000e+00
2.341572265625000000e+02 3.235467529296875000e+01 1.322448730468750000e+00
2.343909912109375000e+02 3.243792724609375000e+01 1.490661621093750000e+00
2.345059814453125000e+02 3.256719970703125000e+01 1.641418457031250000e+00
2.344855957031250000e+02 3.251843261718750000e+01 1.712219238281250000e+00
2.343664550781250000e+02 3.217901611328125000e+01 1.845947265625000000e+00
2.342638549804687500e+02 3.231152343750000000e+01 1.704040527343750000e+00
2.342800903320312500e+02 3.230102539062500000e+01 1.681823730468750000e+00
2.343268432617187500e+02 3.213397216796875000e+01 1.954956054687500000e+00
2.343104248046875000e+02 3.204046630859375000e+01 2.138793945312500000e+00
2.343519897460937500e+02 3.202783203125000000e+01 2.047058105468750000e+00
2.344063720703125000e+02 3.218041992187500000e+01 1.742309570312500000e+00
2.344835815429687500e+02 3.225817871093750000e+01 2.034545898437500000e+00
2.343244628906250000e+02 3.284857177734375000e+01 2.077758789062500000e+00
2.341611938476562500e+02 3.295764160156250000e+01 2.288024902343750000e+00
2.341815795898437500e+02 3.278948974609375000e+01 2.091552734375000000e+00
2.342890625000000000e+02 3.313226318359375000e+01 2.191528320312500000e+00
2.343267211914062500e+02 3.319042968750000000e+01 1.888793945312500000e+00
2.338541870117187500e+02 3.246545410156250000e+01 1.428344726562500000e+00
2.335416870117187500e+02 3.134936523437500000e+01 1.478759765625000000e+00
2.330949707031250000e+02 3.086596679687500000e+01 1.390441894531250000e+00
2.330559082031250000e+02 3.075366210937500000e+01 1.384582519531250000e+00
2.331354980468750000e+02 3.095947265625000000e+01 1.328247070312500000e+00
2.333311157226562500e+02 3.133276367187500000e+01 1.621337890625000000e+00
2.336406250000000000e+02 3.174456787109375000e+01 1.832153320312500000e+00
2.337893676757812500e+02 3.200323486328125000e+01 1.950195312500000000e+00
2.340847778320312500e+02 3.226409912109375000e+01 1.897399902343750000e+00
2.341767578125000000e+02 3.258496093750000000e+01 1.985656738281250000e+00
2.342341918945312500e+02 3.263549804687500000e+01 2.047058105468750000e+00
2.341899414062500000e+02 3.267028808593750000e+01 1.821960449218750000e+00
2.340486450195312500e+02 3.234423828125000000e+01 1.775329589843750000e+00
2.338246459960937500e+02 3.220770263671875000e+01 1.377746582031250000e+00
2.339034423828125000e+02 3.236944580078125000e+01 1.345520019531250000e+00
2.339805297851562500e+02 3.206628417968750000e+01 1.553222656250000000e+00
2.340012207031250000e+02 3.224896240234375000e+01 1.501953125000000000e+00
2.342244262695312500e+02 3.235662841796875000e+01 1.685791015625000000e+00
2.344896240234375000e+02 3.264123535156250000e+01 1.473510742187500000e+00
2.347162475585937500e+02 3.288507080078125000e+01 1.895629882812500000e+00
2.348743286132812500e+02 3.315765380859375000e+01 1.415771484375000000e+00
2.349546508789062500e+02 3.356457519531250000e+01 1.027770996093750000e+00
2.351293945312500000e+02 3.399707031250000000e+01 1.096984863281250000e+00
2.352633666992187500e+02 3.419726562500000000e+01 1.009582519531250000e+00
2.353551025390625000e+02 3.433416748046875000e+01 1.013854980468750000e+00
2.350860595703125000e+02 3.395202636718750000e+01 1.244934082031250000e+00
2.347566528320312500e+02 3.307153320312500000e+01 1.335021972656250000e+00
2.341907958984375000e+02 3.209014892578125000e+01 1.281066894531250000e+00
2.340934448242187500e+02 3.204571533203125000e+01 1.348388671875000000e+00
2.342709350585937500e+02 3.216931152343750000e+01 1.553649902343750000e+00
2.346564331054687500e+02 3.255255126953125000e+01 1.734313964843750000e+00
2.348287353515625000e+02 3.328430175781250000e+01 1.610900878906250000e+00
2.352891845703125000e+02 3.335534667968750000e+01 2.348571777343750000e+00
2.357286987304687500e+02 3.389459228515625000e+01 2.499694824218750000e+00
2.359777221679687500e+02 3.438244628906250000e+01 2.668701171875000000e+00
2.361736450195312500e+02 3.459149169921875000e+01 2.817810058593750000e+00
2.361327514648437500e+02 3.491784667968750000e+01 2.696289062500000000e+00
2.359658203125000000e+02 3.470672607421875000e+01 2.897338867187500000e+00
2.359403076171875000e+02 3.468817138671875000e+01 2.766357421875000000e+00
2.357508544921875000e+02 3.469226074218750000e+01 2.817138671875000000e+00
2.356755981445312500e+02 3.484899902343750000e+01 2.306701660156250000e+00
2.356696777343750000e+02 3.496112060546875000e+01 2.008544921875000000e+00
2.359395141601562500e+02 3.529412841796875000e+01 1.794006347656250000e+00
2.361543579101562500e+02 3.534710693359375000e+01 2.112060546875000000e+00
2.363464965820312500e+02 3.549627685546875000e+01 2.363342285156250000e+00
2.362955322265625000e+02 3.568011474609375000e+01 2.224426269531250000e+00
2.366281738281250000e+02 3.567736816406250000e+01 2.560729980468750000e+00
2.367161865234375000e+02 3.598150634765625000e+01 2.480163574218750000e+00
2.367879028320312500e+02 3.628656005859375000e+01 2.945434570312500000e+00
2.367908325195312500e+02 3.634631347656250000e+01 2.901000976562500000e+00
2.368488769531250000e+02 3.618170166015625000e+01 2.472778320312500000e+00
2.363923339843750000e+02 3.571636962890625000e+01 2.268493652343750000e+00
2.360264282226562500e+02 3.450976562500000000e+01 2.034851074218750000e+00
2.355858154296875000e+02 3.394305419921875000e+01 1.896179199218750000e+00
2.355308837890625000e+02 3.387280273437500000e+01 1.899230957031250000e+00
2.356219482421875000e+02 3.398114013671875000e+01 2.140869140625000000e+00
2.356549072265625000e+02 3.456433105468750000e+01 2.182861328125000000e+00
2.357706298828125000e+02 3.496527099609375000e+01 2.518920898437500000e+00
2.359619750976562500e+02 3.521929931640625000e+01 2.632629394531250000e+00
2.360645751953125000e+02 3.540228271484375000e+01 2.661682128906250000e+00
2.363562011718750000e+02 3.564868164062500000e+01 2.285217285156250000e+00
2.363645019531250000e+02 3.557440185546875000e+01 2.399597167968750000e+00
2.361666259765625000e+02 3.531414794921875000e+01 2.336975097656250000e+00
2.360955200195312500e+02 3.523321533203125000e+01 2.057922363281250000e+00
2.359413452148437500e+02 3.500646972656250000e+01 1.752746582031250000e+00
2.357673339843750000e+02 3.482373046875000000e+01 1.928894042968750000e+00
2.356190795898437500e+02 3.487133789062500000e+01 1.652282714843750000e+00
2.357249145507812500e+02 3.476428222656250000e+01 1.676086425781250000e+00
2.357363891601562500e+02 3.473248291015625000e+01 1.658020019531250000e+00
2.357914428710937500e+02 3.470953369140625000e+01 1.701538085937500000e+00
2.355678100585937500e+02 3.473809814453125000e+01 1.955444335937500000e+00
2.354456176757812500e+02 3.464758300781250000e+01 2.469177246093750000e+00
2.355062866210937500e+02 3.483044433593750000e+01 2.801147460937500000e+00
2.355204467773437500e+02 3.481317138671875000e+01 2.791198730468750000e+00
2.355186157226562500e+02 3.479595947265625000e+01 2.506164550781250000e+00
2.353991088867187500e+02 3.518853759765625000e+01 2.041625976562500000e+00
2.353112792968750000e+02 3.452001953125000000e+01 1.666442871093750000e+00
2.349393310546875000e+02 3.331475830078125000e+01 1.273864746093750000e+00
2.343602294921875000e+02 3.257208251953125000e+01 9.797973632812500000e-01
2.341483764648437500e+02 3.215698242187500000e+01 1.150634765625000000e+00
2.341920166015625000e+02 3.206402587890625000e+01 1.632446289062500000e+00
2.342334594726562500e+02 3.228234863281250000e+01 1.944213867187500000e+00
2.344957885742187500e+02 3.279492187500000000e+01 2.255615234375000000e+00
2.347036132812500000e+02 3.326153564453125000e+01 2.546447753906250000e+00
2.348969116210937500e+02 3.370855712890625000e+01 2.909729003906250000e+00
2.350787353515625000e+02 3.384338378906250000e+01 3.014526367187500000e+00
2.352097167968750000e+02 3.412084960937500000e+01 2.933044433593750000e+00
2.351942138671875000e+02 3.392675781250000000e+01 2.605102539062500000e+00
2.351149291992187500e+02 3.361236572265625000e+01 2.461853027343750000e+00
2.350086669921875000e+02 3.340966796875000000e+01 2.628479003906250000e+00
2.348272094726562500e+02 3.328192138671875000e+01 1.568176269531250000e+00
2.347969970703125000e+02 3.340380859375000000e+01 1.451660156250000000e+00
2.347076416015625000e+02 3.344891357421875000e+01 1.195068359375000000e+00
2.346204223632812500e+02 3.363745117187500000e+01 9.783325195312500000e-01
2.345974731445312500e+02 3.391857910156250000e+01 1.189453125000000000e+00
2.347904663085937500e+02 3.389624023437500000e+01 1.568298339843750000e+00
2.346647338867187500e+02 3.390222167968750000e+01 2.049987792968750000e+00
2.348112182617187500e+02 3.387127685546875000e+01 2.434204101562500000e+00
2.348438110351562500e+02 3.402416992187500000e+01 2.446289062500000000e+00
2.350532226562500000e+02 3.416235351562500000e+01 2.798828125000000000e+00
2.350516357421875000e+02 3.444451904296875000e+01 2.082946777343750000e+00
2.348482666015625000e+02 3.407751464843750000e+01 2.193359375000000000e+00
2.344107666015625000e+02 3.325091552734375000e+01 1.806274414062500000e+00
2.338260498046875000e+02 3.239813232421875000e+01 1.830627441406250000e+00
2.337208251953125000e+02 3.188128662109375000e+01 1.870483398437500000e+00
2.336809082031250000e+02 3.169012451171875000e+01 1.923095703125000000e+00
2.339384765625000000e+02 3.196343994140625000e+01 2.121582031250000000e+00
2.339669799804687500e+02 3.262988281250000000e+01 2.148925781250000000e+00
2.341842041015625000e+02 3.332629394531250000e+01 2.444763183593750000e+00
2.344583740234375000e+02 3.333215332031250000e+01 2.711853027343750000e+00
2.347591552734375000e+02 3.370117187500000000e+01 2.130920410156250000e+00
2.349078369140625000e+02 3.376861572265625000e+01 2.064208984375000000e+00
2.348687744140625000e+02 3.407873535156250000e+01 1.858642578125000000e+00
2.346907348632812500e+02 3.411480712890625000e+01 1.648803710937500000e+00
2.346678466796875000e+02 3.367321777343750000e+01 1.600280761718750000e+00
2.344907226562500000e+02 3.353198242187500000e+01 1.464233398437500000e+00
2.344191894531250000e+02 3.325091552734375000e+01 2.017517089843750000e+00
2.344064941406250000e+02 3.345343017578125000e+01 1.593383789062500000e+00
2.345617675781250000e+02 3.362103271484375000e+01 1.929016113281250000e+00
2.346712036132812500e+02 3.363098144531250000e+01 1.850585937500000000e+00
2.348359375000000000e+02 3.395556640625000000e+01 1.350158691406250000e+00
2.349051513671875000e+02 3.422033691406250000e+01 1.459533691406250000e+00
2.350360107421875000e+02 3.449774169921875000e+01 1.504272460937500000e+00
2.352688598632812500e+02 3.473034667968750000e+01 1.374938964843750000e+00
2.354141235351562500e+02 3.485900878906250000e+01 1.480712890625000000e+00
2.356044311523437500e+02 3.512939453125000000e+01 1.579833984375000000e+00
2.357180175781250000e+02 3.535479736328125000e+01 1.514709472656250000e+00
2.359684448242187500e+02 3.561999511718750000e+01 1.936218261718750000e+00
2.359646606445312500e+02 3.567987060546875000e+01 1.835205078125000000e+00
2.355863647460937500e+02 3.494604492187500000e+01 1.820373535156250000e+00
2.349351196289062500e+02 3.372088623046875000e+01 1.436828613281250000e+00
2.344296264648437500e+02 3.300885009765625000e+01 1.105895996093750000e+00
2.344712524414062500e+02 3.267443847656250000e+01 1.116516113281250000e+00
2.345678100585937500e+02 3.286602783203125000e+01 1.105834960937500000e+00
2.348248901367187500e+02 3.308270263671875000e+01 1.463745117187500000e+00
2.350793457031250000e+02 3.374981689453125000e+01 1.362731933593750000e+00
2.352792968750000000e+02 3.413476562500000000e+01 1.192138671875000000e+00
2.354435424804687500e+02 3.465386962890625000e+01 1.293945312500000000e+00
2.355239257812500000e+02 3.504266357421875000e+01 1.516662597656250000e+00
2.358117065429687500e+02 3.537335205078125000e+01 1.520507812500000000e+00
2.358583984375000000e+02 3.546228027343750000e+01 1.551330566406250000e+00
2.357055053710937500e+02 3.516821289062500000e+01 1.648986816406250000e+00
2.357584838867187500e+02 3.481939697265625000e+01 1.717102050781250000e+00
2.355219726562500000e+02 3.474597167968750000e+01 1.555725097656250000e+00
2.354557495117187500e+02 3.505133056640625000e+01 1.443786621093750000e+00
2.356486206054687500e+02 3.471563720703125000e+01 2.100585937500000000e+00
2.356160278320312500e+02 3.470697021484375000e+01 2.043823242187500000e+00
2.357192382812500000e+02 3.456427001953125000e+01 2.202514648437500000e+00
2.359427490234375000e+02 3.487634277343750000e+01 2.543090820312500000e+00
2.361059570312500000e+02 3.504302978515625000e+01 2.575683593750000000e+00
2.361064453125000000e+02 3.529730224609375000e+01 2.226074218750000000e+00
2.360663452148437500e+02 3.548675537109375000e+01 2.350524902343750000e+00
2.359253540039062500e+02 3.542578125000000000e+01 2.444946289062500000e+00
2.360830078125000000e+02 3.538861083984375000e+01 2.789001464843750000e+00
2.360456542968750000e+02 3.556884765625000000e+01 2.786743164062500000e+00
2.362897338867187500e+02 3.575164794921875000e+01 2.670043945312500000e+00
2.361876220703125000e+02 3.535070800781250000e+01 2.535217285156250000e+00
2.356061401367187500e+02 3.450579833984375000e+01 1.692443847656250000e+00
2.352153930664062500e+02 3.378985595703125000e+01 1.560913085937500000e+00
2.350350952148437500e+02 3.313940429687500000e+01 1.514404296875000000e+00
2.350026245117187500e+02 3.326281738281250000e+01 1.761840820312500000e+00
2.350983886718750000e+02 3.373767089843750000e+01 1.615722656250000000e+00
2.350618896484375000e+02 3.432019042968750000e+01 1.447814941406250000e+00
2.349190063476562500e+02 3.479168701171875000e+01 1.807617187500000000e+00
2.352713623046875000e+02 3.496313476562500000e+01 1.930664062500000000e+00
2.356770019531250000e+02 3.506427001953125000e+01 2.348876953125000000e+00
2.358726806640625000e+02 3.505676269531250000e+01 2.825439453125000000e+00
2.358650512695312500e+02 3.512103271484375000e+01 2.589294433593750000e+00
2.354300537109375000e+02 3.436486816406250000e+01 2.565368652343750000e+00
2.352048339843750000e+02 3.397436523437500000e+01 2.307312011718750000e+00
2.348234863281250000e+02 3.354864501953125000e+01 1.963623046875000000e+00
2.349460449218750000e+02 3.346417236328125000e+01 1.857482910156250000e+00
2.347024536132812500e+02 3.359381103515625000e+01 1.534423828125000000e+00
2.349165649414062500e+02 3.366760253906250000e+01 1.304443359375000000e+00
2.349497680664062500e+02 3.327697753906250000e+01 1.847595214843750000e+00
2.348517456054687500e+02 3.357391357421875000e+01 1.802795410156250000e+00
2.350963134765625000e+02 3.381036376953125000e+01 2.023437500000000000e+00
2.349769287109375000e+02 3.414709472656250000e+01 2.006896972656250000e+00
2.350848999023437500e+02 3.455468750000000000e+01 1.802917480468750000e+00
2.351668090820312500e+02 3.490216064453125000e+01 1.868041992187500000e+00
2.353472290039062500e+02 3.469604492187500000e+01 2.199523925781250000e+00
2.354722290039062500e+02 3.494158935546875000e+01 2.116210937500000000e+00
2.354602661132812500e+02 3.472882080078125000e+01 2.261108398437500000e+00
2.350497436523437500e+02 3.361724853515625000e+01 1.595703125000000000e+00
2.345461425781250000e+02 3.270263671875000000e+01 1.724792480468750000e+00
2.340827636718750000e+02 3.242779541015625000e+01 1.286254882812500000e+00
2.341297607421875000e+02 3.254382324218750000e+01 1.114807128906250000e+00
2.341292114257812500e+02 3.272070312500000000e+01 1.221008300781250000e+00
2.342747192382812500e+02 3.320739746093750000e+01 1.427368164062500000e+00
2.345098266601562500e+02 3.361602783203125000e+01 1.220764160156250000e+00
2.346843261718750000e+02 3.395190429687500000e+01 1.615783691406250000e+00
2.348884277343750000e+02 3.393566894531250000e+01 1.711181640625000000e+00
2.349248046875000000e+02 3.414965820312500000e+01 1.917846679687500000e+00
2.349221801757812500e+02 3.413116455078125000e+01 1.891662597656250000e+00
2.345769653320312500e+02 3.385357666015625000e+01 1.877929687500000000e+00
2.341966552734375000e+02 3.368243408203125000e+01 1.581237792968750000e+00
2.341352539062500000e+02 3.356201171875000000e+01 1.418395996093750000e+00
2.340905151367187500e+02 3.343658447265625000e+01 1.270019531250000000e+00
2.342111206054687500e+02 3.352368164062500000e+01 1.420837402343750000e+00
2.344577026367187500e+02 3.391821289062500000e+01 1.620178222656250000e+00
2.348934326171875000e+02 3.453186035156250000e+01 1.393615722656250000e+00
2.350444946289062500e+02 3.482421875000000000e+01 1.827026367187500000e+00
2.352807006835937500e+02 3.498553466796875000e+01 2.225830078125000000e+00
2.354222412109375000e+02 3.532055664062500000e+01 2.189270019531250000e+00
2.355281372070312500e+02 3.556909179687500000e+01 2.310729980468750000e+00
2.356988525390625000e+02 3.565307617187500000e+01 2.107238769531250000e+00
2.359979858398437500e+02 3.612780761718750000e+01 1.580932617187500000e+00
2.359139404296875000e+02 3.610833740234375000e+01 1.468627929687500000e+00
2.357838745117187500e+02 3.559930419921875000e+01 1.175659179687500000e+00
2.353009033203125000e+02 3.427185058593750000e+01 9.841918945312500000e-01
2.347505493164062500e+02 3.407293701171875000e+01 8.194580078125000000e-01
2.346577758789062500e+02 3.387011718750000000e+01 1.026733398437500000e+00
2.347912597656250000e+02 3.424298095703125000e+01 8.970947265625000000e-01
2.351123046875000000e+02 3.452844238281250000e+01 1.130249023437500000e+00
2.354168090820312500e+02 3.492425537109375000e+01 1.145446777343750000e+00
2.354346923828125000e+02 3.546978759765625000e+01 1.562500000000000000e+00
2.356851806640625000e+02 3.580456542968750000e+01 1.858886718750000000e+00
2.358667602539062500e+02 3.609020996093750000e+01 2.125122070312500000e+00
2.361018676757812500e+02 3.635736083984375000e+01 2.413635253906250000e+00
2.360009765625000000e+02 3.628338623046875000e+01 2.011291503906250000e+00
2.358813476562500000e+02 3.594085693359375000e+01 1.841430664062500000e+00
2.359935913085937500e+02 3.585369873046875000e+01 1.404602050781250000e+00
2.360846557617187500e+02 3.597381591796875000e+01 1.345214843750000000e+00
2.361740112304687500e+02 3.612402343750000000e+01 1.351623535156250000e+00
2.363123168945312500e+02 3.635113525390625000e+01 1.541870117187500000e+00
2.363853759765625000e+02 3.664190673828125000e+01 1.509399414062500000e+00
2.365308837890625000e+02 3.683374023437500000e+01 1.766296386718750000e+00
2.365543823242187500e+02 3.700634765625000000e+01 1.764038085937500000e+00
2.366392211914062500e+02 3.717608642578125000e+01 1.700073242187500000e+00
2.369485473632812500e+02 3.736334228515625000e+01 2.006164550781250000e+00
2.370137939453125000e+02 3.763177490234375000e+01 2.062622070312500000e+00
2.371602172851562500e+02 3.787982177734375000e+01 2.137207031250000000e+00
2.373724975585937500e+02 3.832995605468750000e+01 2.505310058593750000e+00
2.374222412109375000e+02 3.836383056640625000e+01 2.282531738281250000e+00
2.370429077148437500e+02 3.799218750000000000e+01 2.254699707031250000e+00
2.368776855468750000e+02 3.706915283203125000e+01 1.802673339843750000e+00
2.365403442382812500e+02 3.659820556640625000e+01 1.408325195312500000e+00
2.363871459960937500e+02 3.640307617187500000e+01 1.283142089843750000e+00
2.367220458984375000e+02 3.666735839843750000e+01 1.350097656250000000e+00
2.367977294921875000e+02 3.685699462890625000e+01 1.692871093750000000e+00
2.370049438476562500e+02 3.712963867187500000e+01 1.821411132812500000e+00
2.370895385742187500e+02 3.742712402343750000e+01 1.923278808593750000e+00
2.374316406250000000e+02 3.779577636718750000e+01 2.038574218750000000e+00
2.375142822265625000e+02 3.795404052734375000e+01 2.125793457031250000e+00
2.376759643554687500e+02 3.801171875000000000e+01 2.204101562500000000e+00
2.377153320312500000e+02 3.796850585937500000e+01 2.371337890625000000e+00
2.374230346679687500e+02 3.778002929687500000e+01 2.214416503906250000e+00
2.373253173828125000e+02 3.738311767578125000e+01 2.079284667968750000e+00
2.371032104492187500e+02 3.713549804687500000e+01 1.913452148437500000e+00
2.369574584960937500e+02 3.695233154296875000e+01 1.938232421875000000e+00
2.370328979492187500e+02 3.699389648437500000e+01 1.937377929687500000e+00
2.368170166015625000e+02 3.693420410156250000e+01 1.880249023437500000e+00
2.367522583007812500e+02 3.682971191406250000e+01 2.045288085937500000e+00
2.366718750000000000e+02 3.692492675781250000e+01 2.084228515625000000e+00
2.366538696289062500e+02 3.700848388671875000e+01 1.955139160156250000e+00
2.366195068359375000e+02 3.706439208984375000e+01 1.773925781250000000e+00
2.365675659179687500e+02 3.697637939453125000e+01 1.885009765625000000e+00
2.365835571289062500e+02 3.688122558593750000e+01 1.662536621093750000e+00
2.365689086914062500e+02 3.682342529296875000e+01 1.611450195312500000e+00
2.362846069335937500e+02 3.644512939453125000e+01 1.488403320312500000e+00
2.359045410156250000e+02 3.551483154296875000e+01 1.067626953125000000e+00
2.353262939453125000e+02 3.420404052734375000e+01 9.522094726562500000e-01
2.348851318359375000e+02 3.372229003906250000e+01 9.170532226562500000e-01
2.346977539062500000e+02 3.365136718750000000e+01 9.387207031250000000e-01
2.347363281250000000e+02 3.379107666015625000e+01 9.894409179687500000e-01
2.344832763671875000e+02 3.376593017578125000e+01 1.208862304687500000e+00
2.343820190429687500e+02 3.376525878906250000e+01 1.804199218750000000e+00
2.344937133789062500e+02 3.413598632812500000e+01 1.741821289062500000e+00
2.346383666992187500e+02 3.450170898437500000e+01 2.015808105468750000e+00
2.350140991210937500e+02 3.481555175781250000e+01 1.975097656250000000e+00
2.349863891601562500e+02 3.509497070312500000e+01 1.583862304687500000e+00
2.348010864257812500e+02 3.490399169921875000e+01 1.207275390625000000e+00
2.347691040039062500e+02 3.469470214843750000e+01 1.037170410156250000e+00
2.345391845703125000e+02 3.451507568359375000e+01 9.091796875000000000e-01
2.345675048828125000e+02 3.459045410156250000e+01 8.973999023437500000e-01
2.346950683593750000e+02 3.454406738281250000e+01 1.127441406250000000e+00
2.350532836914062500e+02 3.489062500000000000e+01 1.343994140625000000e+00
2.350869140625000000e+02 3.495629882812500000e+01 1.697692871093750000e+00
2.352778930664062500e+02 3.525335693359375000e+01 1.574584960937500000e+00
2.353887939453125000e+02 3.533666992187500000e+01 1.718933105468750000e+00
2.352690429687500000e+02 3.561730957031250000e+01 1.481079101562500000e+00
2.354003295898437500e+02 3.580969238281250000e+01 1.428405761718750000e+00
2.355031738281250000e+02 3.581414794921875000e+01 1.342895507812500000e+00
2.353341064453125000e+02 3.575036621093750000e+01 1.289428710937500000e+00
2.353737182617187500e+02 3.576269531250000000e+01 1.382629394531250000e+00
2.350541381835937500e+02 3.511126708984375000e+01 1.152587890625000000e+00
2.345113525390625000e+02 3.390814208984375000e+01 9.373168945312500000e-01
2.338680419921875000e+02 3.332427978515625000e+01 8.380737304687500000e-01
2.339456787109375000e+02 3.271136474609375000e+01 6.552734375000000000e-01
2.339660034179687500e+02 3.311779785156250000e+01 6.538696289062500000e-01
2.339202270507812500e+02 3.350421142578125000e+01 9.016723632812500000e-01
2.340581054687500000e+02 3.380816650390625000e+01 1.190795898437500000e+00
2.343106079101562500e+02 3.423223876953125000e+01 1.460632324218750000e+00
2.344644165039062500e+02 3.483911132812500000e+01 1.492858886718750000e+00
2.346558227539062500e+02 3.510186767578125000e+01 1.692382812500000000e+00
2.349005126953125000e+02 3.535803222656250000e+01 1.894042968750000000e+00
2.350343017578125000e+02 3.511291503906250000e+01 2.385864257812500000e+00
2.347024536132812500e+02 3.462377929687500000e+01 1.785888671875000000e+00
2.347603149414062500e+02 3.421850585937500000e+01 1.933532714843750000e+00
2.345347900390625000e+02 3.405639648437500000e+01 1.752868652343750000e+00
2.344155273437500000e+02 3.378460693359375000e+01 1.356445312500000000e+00
2.342490234375000000e+02 3.370727539062500000e+01 1.452575683593750000e+00
2.341592407226562500e+02 3.402734375000000000e+01 1.163330078125000000e+00
2.344692993164062500e+02 3.426568603515625000e+01 1.403625488281250000e+00
2.345218505859375000e+02 3.449578857421875000e+01 1.496337890625000000e+00
2.347824096679687500e+02 3.472595214843750000e+01 1.448547363281250000e+00
2.349907836914062500e+02 3.477349853515625000e+01 1.361267089843750000e+00
2.350711669921875000e+02 3.496252441406250000e+01 1.354919433593750000e+00
2.352012329101562500e+02 3.508709716796875000e+01 1.479858398437500000e+00
2.353482055664062500e+02 3.510510253906250000e+01 1.515380859375000000e+00
2.351061401367187500e+02 3.495324707031250000e+01 1.070068359375000000e+00
2.347193603515625000e+02 3.396978759765625000e+01 8.182983398437500000e-01
2.338805541992187500e+02 3.311169433593750000e+01 6.998291015625000000e-01
2.336663208007812500e+02 3.217962646484375000e+01 5.465698242187500000e-01
2.334909057617187500e+02 3.214642333984375000e+01 5.313720703125000000e-01
2.334685058593750000e+02 3.246337890625000000e+01 6.807250976562500000e-01
2.333459472656250000e+02 3.281658935546875000e+01 8.309936523437500000e-01
2.334342651367187500e+02 3.318115234375000000e+01 8.578491210937500000e-01
2.337831420898437500e+02 3.360546875000000000e+01 1.004760742187500000e+00
2.340000000000000000e+02 3.395941162109375000e+01 1.150756835937500000e+00
2.343269042968750000e+02 3.422674560546875000e+01 1.301147460937500000e+00
2.343291015625000000e+02 3.440148925781250000e+01 1.155212402343750000e+00
2.341537475585937500e+02 3.410430908203125000e+01 1.131408691406250000e+00
2.338529052734375000e+02 3.351184082031250000e+01 1.434570312500000000e+00
2.339313354492187500e+02 3.339215087890625000e+01 1.299194335937500000e+00
2.338595581054687500e+02 3.322137451171875000e+01 1.284484863281250000e+00
2.338221435546875000e+02 3.325805664062500000e+01 8.217773437500000000e-01
2.338428955078125000e+02 3.334783935546875000e+01 9.567260742187500000e-01
2.339028320312500000e+02 3.351293945312500000e+01 8.192749023437500000e-01
2.337011108398437500e+02 3.346881103515625000e+01 1.044677734375000000e+00
2.339467773437500000e+02 3.354272460937500000e+01 1.019042968750000000e+00
2.341934814453125000e+02 3.398852539062500000e+01 1.065185546875000000e+00
2.341599121093750000e+02 3.440032958984375000e+01 9.868774414062500000e-01
2.343226318359375000e+02 3.432525634765625000e+01 1.512939453125000000e+00
2.346293945312500000e+02 3.454174804687500000e+01 1.492309570312500000e+00
2.345309448242187500e+02 3.440673828125000000e+01 1.275939941406250000e+00
2.340076904296875000e+02 3.375952148437500000e+01 1.118774414062500000e+00
2.330513916015625000e+02 3.223236083984375000e+01 9.783325195312500000e-01
2.324847412109375000e+02 3.154919433593750000e+01 9.105834960937500000e-01
2.323340454101562500e+02 3.110156250000000000e+01 1.116271972656250000e+00
2.323136596679687500e+02 3.112268066406250000e+01 1.078613281250000000e+00
2.326486816406250000e+02 3.142803955078125000e+01 1.366455078125000000e+00
2.331896362304687500e+02 3.200122070312500000e+01 1.318969726562500000e+00
2.335317993164062500e+02 3.270898437500000000e+01 1.694641113281250000e+00
2.340117797851562500e+02 3.329046630859375000e+01 1.614501953125000000e+00
2.341571655273437500e+02 3.380670166015625000e+01 1.489196777343750000e+00
2.342020874023437500e+02 3.418408203125000000e+01 1.238769531250000000e+00
2.342875976562500000e+02 3.415649414062500000e+01 1.502075195312500000e+00
2.340543212890625000e+02 3.383422851562500000e+01 1.360473632812500000e+00
2.339178466796875000e+02 3.365429687500000000e+01 1.172729492187500000e+00
2.338518676757812500e+02 3.347235107421875000e+01 1.319274902343750000e+00
2.340343627929687500e+02 3.332366943359375000e+01 1.402160644531250000e+00
2.341951293945312500e+02 3.355853271484375000e+01 1.461914062500000000e+00
2.344193725585937500e+02 3.378375244140625000e+01 1.518676757812500000e+00
2.348373413085937500e+02 3.450701904296875000e+01 1.516784667968750000e+00
2.349865722656250000e+02 3.496691894531250000e+01 1.512756347656250000e+00
2.351281738281250000e+02 3.521087646484375000e+01 1.392517089843750000e+00
2.353319702148437500e+02 3.553308105468750000e+01 1.538269042968750000e+00
2.353837890625000000e+02 3.588806152343750000e+01 1.389038085937500000e+00
2.355098876953125000e+02 3.587969970703125000e+01 1.412841796875000000e+00
2.356918334960937500e+02 3.600836181640625000e+01 1.596374511718750000e+00
2.355432739257812500e+02 3.592749023437500000e+01 1.561889648437500000e+00
2.350368652343750000e+02 3.507226562500000000e+01 1.318054199218750000e+00
2.345091552734375000e+02 3.426409912109375000e+01 1.222106933593750000e+00
2.344407348632812500e+02 3.386871337890625000e+01 1.105529785156250000e+00
2.345516967773437500e+02 3.382983398437500000e+01 1.279602050781250000e+00
2.347278442382812500e+02 3.417095947265625000e+01 1.306335449218750000e+00
2.349007568359375000e+02 3.457556152343750000e+01 1.359802246093750000e+00
2.355357055664062500e+02 3.493884277343750000e+01 1.747558593750000000e+00
2.355561523437500000e+02 3.515765380859375000e+01 1.739318847656250000e+00
2.356859741210937500e+02 3.570678710937500000e+01 1.542541503906250000e+00
2.357193603515625000e+02 3.576647949218750000e+01 1.562622070312500000e+00
2.356492309570312500e+02 3.570159912109375000e+01 1.599548339843750000e+00
2.354820556640625000e+02 3.548034667968750000e+01 1.401062011718750000e+00
2.352217407226562500e+02 3.505194091796875000e+01 1.275207519531250000e+00
2.349729614257812500e+02 3.505432128906250000e+01 1.502624511718750000e+00
2.350230712890625000e+02 3.520404052734375000e+01 1.356750488281250000e+00
2.350242919921875000e+02 3.533563232421875000e+01 1.241577148437500000e+00
2.350913085937500000e+02 3.563195800781250000e+01 1.460510253906250000e+00
2.352864379882812500e+02 3.565472412109375000e+01 1.570556640625000000e+00
2.354606323242187500e+02 3.585009765625000000e+01 1.478515625000000000e+00
2.356624755859375000e+02 3.602337646484375000e+01 1.549804687500000000e+00
2.358530273437500000e+02 3.613031005859375000e+01 1.663330078125000000e+00
2.359334106445312500e+02 3.638537597656250000e+01 1.726196289062500000e+00
2.361174316406250000e+02 3.651861572265625000e+01 1.836547851562500000e+00
2.362186279296875000e+02 3.661621093750000000e+01 1.648376464843750000e+00
2.360470581054687500e+02 3.633197021484375000e+01 1.536254882812500000e+00
2.356412353515625000e+02 3.560675048828125000e+01 1.468017578125000000e+00
2.352302246093750000e+02 3.462615966796875000e+01 1.345947265625000000e+00
2.348754882812500000e+02 3.418994140625000000e+01 1.472595214843750000e+00
2.349426879882812500e+02 3.405969238281250000e+01 1.392333984375000000e+00
2.349854125976562500e+02 3.429010009765625000e+01 1.356811523437500000e+00
2.354522094726562500e+02 3.486993408203125000e+01 1.244506835937500000e+00
2.358201293945312500e+02 3.517767333984375000e+01 1.458374023437500000e+00
2.359891357421875000e+02 3.562371826171875000e+01 1.824523925781250000e+00
2.363502807617187500e+02 3.601702880859375000e+01 2.006225585937500000e+00
2.364351196289062500e+02 3.644439697265625000e+01 2.000671386718750000e+00
2.363862304687500000e+02 3.659857177734375000e+01 1.841125488281250000e+00
2.362124633789062500e+02 3.626696777343750000e+01 1.985107421875000000e+00
2.360067749023437500e+02 3.606756591796875000e+01 1.774414062500000000e+00
2.357673950195312500e+02 3.587329101562500000e+01 1.973449707031250000e+00
2.357042236328125000e+02 3.572625732421875000e+01 1.971984863281250000e+00
2.357822265625000000e+02 3.578100585937500000e+01 1.709228515625000000e+00
2.357512207031250000e+02 3.566418457031250000e+01 1.540161132812500000e+00
2.358964843750000000e+02 3.577819824218750000e+01 1.977050781250000000e+00
2.357211914062500000e+02 3.584155273437500000e+01 2.002319335937500000e+00
2.357310180664062500e+02 3.601849365234375000e+01 1.745727539062500000e+00
2.357012329101562500e+02 3.609771728515625000e+01 2.028381347656250000e+00
2.355029296875000000e+02 3.603369140625000000e+01 2.409667968750000000e+00
2.356631469726562500e+02 3.592193603515625000e+01 2.108520507812500000e+00
2.357329711914062500e+02 3.615533447265625000e+01 2.072631835937500000e+00
2.358694458007812500e+02 3.567810058593750000e+01 1.497680664062500000e+00
2.354408569335937500e+02 3.451995849609375000e+01 1.518249511718750000e+00
2.352091674804687500e+02 3.360589599609375000e+01 1.141967773437500000e+00
2.352105712890625000e+02 3.351013183593750000e+01 1.176879882812500000e+00
2.349147949218750000e+02 3.371881103515625000e+01 1.402648925781250000e+00
2.346885986328125000e+02 3.401770019531250000e+01 1.265869140625000000e+00
2.344087524414062500e+02 3.394610595703125000e+01 1.414001464843750000e+00
2.342609252929687500e+02 3.398028564453125000e+01 1.233154296875000000e+00
2.342675170898437500e+02 3.394628906250000000e+01 1.420593261718750000e+00
2.345200805664062500e+02 3.414154052734375000e+01 1.406555175781250000e+00
2.345162353515625000e+02 3.440472412109375000e+01 1.268920898437500000e+00
2.344833984375000000e+02 3.404309082031250000e+01 1.304016113281250000e+00
2.343988647460937500e+02 3.366339111328125000e+01 1.572143554687500000e+00
2.341317749023437500e+02 3.345800781250000000e+01 1.268066406250000000e+00
2.339951171875000000e+02 3.335827636718750000e+01 1.127868652343750000e+00
2.339321289062500000e+02 3.318878173828125000e+01 1.256408691406250000e+00
2.341582031250000000e+02 3.333441162109375000e+01 1.452392578125000000e+00
2.343011474609375000e+02 3.380102539062500000e+01 1.298217773437500000e+00
2.347745361328125000e+02 3.421807861328125000e+01 1.397827148437500000e+00
2.352420654296875000e+02 3.477722167968750000e+01 1.510864257812500000e+00
2.355435791015625000e+02 3.512609863281250000e+01 1.788696289062500000e+00
2.356793212890625000e+02 3.545153808593750000e+01 1.753479003906250000e+00
2.358577270507812500e+02 3.577990722656250000e+01 1.659545898437500000e+00
2.357998657226562500e+02 3.596289062500000000e+01 2.068054199218750000e+00
2.359267578125000000e+02 3.599237060546875000e+01 2.162841796875000000e+00
2.355877685546875000e+02 3.547344970703125000e+01 1.936340332031250000e+00
2.350548095703125000e+02 3.443096923828125000e+01 1.835266113281250000e+00
2.347253417968750000e+02 3.411309814453125000e+01 1.822448730468750000e+00
2.349289550781250000e+02 3.404290771484375000e+01 1.857177734375000000e+00
2.350050659179687500e+02 3.465136718750000000e+01 1.565429687500000000e+00
2.355419311523437500e+02 3.519854736328125000e+01 1.466064453125000000e+00
2.361260986328125000e+02 3.606439208984375000e+01 1.648925781250000000e+00
2.363555297851562500e+02 3.678045654296875000e+01 2.032836914062500000e+00
2.366476440429687500e+02 3.724316406250000000e+01 2.153076171875000000e+00
2.367766723632812500e+02 3.731170654296875000e+01 2.291015625000000000e+00
2.370932617187500000e+02 3.734381103515625000e+01 2.316345214843750000e+00
2.371022338867187500e+02 3.745361328125000000e+01 2.133300781250000000e+00
2.371709594726562500e+02 3.734942626953125000e+01 1.971374511718750000e+00
2.371240234375000000e+02 3.724298095703125000e+01 2.089416503906250000e+00
2.373864746093750000e+02 3.749963378906250000e+01 1.948974609375000000e+00
2.376244506835937500e+02 3.773950195312500000e+01 2.015441894531250000e+00
2.379431762695312500e+02 3.798242187500000000e+01 2.165710449218750000e+00
2.381018066406250000e+02 3.850213623046875000e+01 2.102539062500000000e+00
2.383491210937500000e+02 3.882177734375000000e+01 2.343505859375000000e+00
2.385203857421875000e+02 3.907720947265625000e+01 2.596191406250000000e+00
2.385657348632812500e+02 3.926458740234375000e+01 2.720764160156250000e+00
2.389747314453125000e+02 3.952984619140625000e+01 3.222229003906250000e+00
2.391973266601562500e+02 3.974688720703125000e+01 2.944458007812500000e+00
2.394574584960937500e+02 4.010339355468750000e+01 3.043518066406250000e+00
2.397236938476562500e+02 4.020721435546875000e+01 2.602539062500000000e+00
2.395242919921875000e+02 3.999420166015625000e+01 2.574401855468750000e+00
2.392576293945312500e+02 3.933068847656250000e+01 2.420471191406250000e+00
2.389469604492187500e+02 3.875866699218750000e+01 2.144104003906250000e+00
2.389207153320312500e+02 3.864715576171875000e+01 2.224609375000000000e+00
2.389937744140625000e+02 3.902264404296875000e+01 2.453247070312500000e+00
2.393286743164062500e+02 3.939392089843750000e+01 2.931091308593750000e+00
2.395445556640625000e+02 3.984295654296875000e+01 3.313720703125000000e+00
2.397235717773437500e+02 4.011138916015625000e+01 3.907653808593750000e+00
2.396931762695312500e+02 4.044158935546875000e+01 3.701843261718750000e+00
2.400487060546875000e+02 4.054919433593750000e+01 3.541137695312500000e+00
2.402325439453125000e+02 4.053747558593750000e+01 3.593811035156250000e+00
2.399237670898437500e+02 4.034826660156250000e+01 3.207763671875000000e+00
2.399841308593750000e+02 4.011492919921875000e+01 3.230102539062500000e+00
2.397568359375000000e+02 3.981829833984375000e+01 3.106689453125000000e+00
2.395842895507812500e+02 3.973059082031250000e+01 3.388916015625000000e+00
2.395326538085937500e+02 3.972924804687500000e+01 3.224243164062500000e+00
2.394940185546875000e+02 3.974371337890625000e+01 3.328857421875000000e+00
2.396512451171875000e+02 4.000225830078125000e+01 3.431640625000000000e+00
2.396643066406250000e+02 3.991424560546875000e+01 3.358886718750000000e+00
2.396831665039062500e+02 4.003051757812500000e+01 3.351379394531250000e+00
2.396755981445312500e+02 4.006097412109375000e+01 3.561340332031250000e+00
2.394545288085937500e+02 4.026391601562500000e+01 3.433166503906250000e+00
2.393001098632812500e+02 4.035968017578125000e+01 3.448059082031250000e+00
2.393861083984375000e+02 4.041070556640625000e+01 3.619750976562500000e+00
2.397001342773437500e+02 4.042541503906250000e+01 3.132019042968750000e+00
2.396273803710937500e+02 4.014050292968750000e+01 3.109069824218750000e+00
2.389620971679687500e+02 3.917675781250000000e+01 2.788696289062500000e+00
2.383179321289062500e+02 3.823388671875000000e+01 2.305908203125000000e+00
2.381377563476562500e+02 3.785693359375000000e+01 2.072204589843750000e+00
2.381791381835937500e+02 3.807873535156250000e+01 2.652221679687500000e+00
2.380681152343750000e+02 3.807159423828125000e+01 3.343627929687500000e+00
2.380277099609375000e+02 3.842053222656250000e+01 3.414733886718750000e+00
2.379967041015625000e+02 3.854449462890625000e+01 3.272460937500000000e+00
2.380746459960937500e+02 3.894873046875000000e+01 3.347045898437500000e+00
2.384265136718750000e+02 3.904528808593750000e+01 2.945373535156250000e+00
2.385839843750000000e+02 3.922589111328125000e+01 2.694824218750000000e+00
2.387797241210937500e+02 3.926086425781250000e+01 2.848876953125000000e+00
2.387189331054687500e+02 3.903002929687500000e+01 2.830017089843750000e+00
2.384849243164062500e+02 3.882910156250000000e+01 2.406860351562500000e+00
2.382910156250000000e+02 3.870196533203125000e+01 2.631103515625000000e+00
2.381737670898437500e+02 3.873065185546875000e+01 2.932495117187500000e+00
2.382487182617187500e+02 3.873516845703125000e+01 3.125427246093750000e+00
2.381506347656250000e+02 3.873052978515625000e+01 2.944641113281250000e+00
2.380659179687500000e+02 3.889349365234375000e+01 3.102661132812500000e+00
2.382462768554687500e+02 3.894927978515625000e+01 2.947204589843750000e+00
2.384227294921875000e+02 3.905242919921875000e+01 2.446899414062500000e+00
2.386438598632812500e+02 3.899591064453125000e+01 2.266235351562500000e+00
2.387882080078125000e+02 3.907128906250000000e+01 2.098327636718750000e+00
2.387587280273437500e+02 3.918591308593750000e+01 2.420288085937500000e+00
2.387840576171875000e+02 3.932000732421875000e+01 2.556274414062500000e+00
2.385314331054687500e+02 3.899621582031250000e+01 2.645629882812500000e+00
2.378192138671875000e+02 3.807751464843750000e+01 2.242431640625000000e+00
2.373309936523437500e+02 3.730767822265625000e+01 2.453186035156250000e+00
2.371294555664062500e+02 3.696661376953125000e+01 2.218750000000000000e+00
2.370898437500000000e+02 3.703033447265625000e+01 2.418090820312500000e+00
2.369697265625000000e+02 3.721881103515625000e+01 2.439758300781250000e+00
2.369918823242187500e+02 3.754077148437500000e+01 2.485717773437500000e+00
2.371145019531250000e+02 3.782470703125000000e+01 2.681701660156250000e+00
2.372788085937500000e+02 3.801318359375000000e+01 2.541259765625000000e+00
2.376148071289062500e+02 3.820007324218750000e+01 2.185302734375000000e+00
2.377452392578125000e+02 3.819683837890625000e+01 2.039489746093750000e+00
2.380376586914062500e+02 3.806103515625000000e+01 1.981445312500000000e+00
2.377583007812500000e+02 3.780975341796875000e+01 1.808166503906250000e+00
2.377345581054687500e+02 3.758081054687500000e+01 1.926391601562500000e+00
2.376231079101562500e+02 3.748602294921875000e+01 1.758178710937500000e+00
2.373590087890625000e+02 3.751440429687500000e+01 1.882629394531250000e+00
2.374426269531250000e+02 3.759277343750000000e+01 2.008361816406250000e+00
2.372810058593750000e+02 3.759344482421875000e+01 2.148437500000000000e+00
2.373479614257812500e+02 3.763049316406250000e+01 1.970458984375000000e+00
2.373666992187500000e+02 3.773986816406250000e+01 2.522766113281250000e+00
2.374060668945312500e+02 3.774798583984375000e+01 3.278198242187500000e+00
2.375203247070312500e+02 3.779907226562500000e+01 3.549011230468750000e+00
2.376938476562500000e+02 3.789776611328125000e+01 3.556579589843750000e+00
2.377244873046875000e+02 3.802398681640625000e+01 3.657958984375000000e+00
2.378735961914062500e+02 3.807250976562500000e+01 3.578857421875000000e+00
2.379489135742187500e+02 3.818499755859375000e+01 3.007629394531250000e+00
2.376473999023437500e+02 3.813464355468750000e+01 2.752319335937500000e+00
2.373016357421875000e+02 3.747497558593750000e+01 2.311767578125000000e+00
2.366907958984375000e+02 3.632116699218750000e+01 2.384948730468750000e+00
2.364123535156250000e+02 3.612097167968750000e+01 1.858947753906250000e+00
2.362973022460937500e+02 3.612316894531250000e+01 1.853027343750000000e+00
2.364052734375000000e+02 3.634704589843750000e+01 2.058044433593750000e+00
2.366231079101562500e+02 3.661425781250000000e+01 2.143249511718750000e+00
2.368589477539062500e+02 3.692742919921875000e+01 1.909301757812500000e+00
2.369152221679687500e+02 3.716979980468750000e+01 2.199523925781250000e+00
2.368756103515625000e+02 3.748706054687500000e+01 2.488342285156250000e+00
2.368880004882812500e+02 3.765777587890625000e+01 2.584899902343750000e+00
2.370260009765625000e+02 3.762615966796875000e+01 2.593383789062500000e+00
2.372295532226562500e+02 3.753924560546875000e+01 2.777770996093750000e+00
2.370831298828125000e+02 3.747277832031250000e+01 2.268371582031250000e+00
2.370197753906250000e+02 3.723144531250000000e+01 1.981445312500000000e+00
2.370263061523437500e+02 3.726000976562500000e+01 1.974975585937500000e+00
2.372849121093750000e+02 3.741217041015625000e+01 1.813598632812500000e+00
2.373657226562500000e+02 3.751257324218750000e+01 1.861694335937500000e+00
2.374830932617187500e+02 3.774859619140625000e+01 2.395751953125000000e+00
2.376276855468750000e+02 3.787133789062500000e+01 2.294372558593750000e+00
2.377753906250000000e+02 3.791522216796875000e+01 2.355102539062500000e+00
2.378210449218750000e+02 3.792425537109375000e+01 2.595764160156250000e+00
2.377709960937500000e+02 3.805828857421875000e+01 2.596801757812500000e+00
2.379010620117187500e+02 3.792919921875000000e+01 3.000671386718750000e+00
2.380007934570312500e+02 3.806622314453125000e+01 2.575622558593750000e+00
2.381290283203125000e+02 3.828015136718750000e+01 2.640136718750000000e+00
2.383410644531250000e+02 3.840228271484375000e+01 2.451232910156250000e+00
2.383966674804687500e+02 3.870587158203125000e+01 2.693115234375000000e+00
2.383090209960937500e+02 3.835943603515625000e+01 2.323059082031250000e+00
2.378350830078125000e+02 3.739654541015625000e+01 1.995300292968750000e+00
2.371460571289062500e+02 3.647375488281250000e+01 1.696594238281250000e+00
2.370147705078125000e+02 3.571551513671875000e+01 1.548522949218750000e+00
2.369344482421875000e+02 3.569671630859375000e+01 1.394165039062500000e+00
2.369385986328125000e+02 3.601092529296875000e+01 1.600341796875000000e+00
2.369371948242187500e+02 3.635473632812500000e+01 1.807556152343750000e+00
2.371486816406250000e+02 3.677612304687500000e+01 2.537353515625000000e+00
2.374170532226562500e+02 3.707659912109375000e+01 2.358215332031250000e+00
2.375305786132812500e+02 3.760772705078125000e+01 2.379150390625000000e+00
2.376613159179687500e+02 3.791204833984375000e+01 2.672485351562500000e+00
2.376618652343750000e+02 3.788787841796875000e+01 2.889892578125000000e+00
2.375663452148437500e+02 3.762457275390625000e+01 2.723632812500000000e+00
2.375375366210937500e+02 3.740417480468750000e+01 2.700927734375000000e+00
2.373627929687500000e+02 3.706469726562500000e+01 2.623840332031250000e+00
2.373466186523437500e+02 3.714312744140625000e+01 2.463806152343750000e+00
2.374024658203125000e+02 3.718615722656250000e+01 2.037719726562500000e+00
2.376116943359375000e+02 3.743072509765625000e+01 2.186523437500000000e+00
2.376575927734375000e+02 3.750500488281250000e+01 2.083679199218750000e+00
2.377929687500000000e+02 3.776361083984375000e+01 1.948974609375000000e+00
2.379006347656250000e+02 3.785980224609375000e+01 2.101745605468750000e+00
2.379054565429687500e+02 3.811810302734375000e+01 1.929565429687500000e+00
2.380130004882812500e+02 3.811474609375000000e+01 1.853698730468750000e+00
2.380959472656250000e+02 3.831787109375000000e+01 2.272094726562500000e+00
2.382530517578125000e+02 3.844946289062500000e+01 2.157592773437500000e+00
2.383535766601562500e+02 3.865484619140625000e+01 2.217956542968750000e+00
2.385863647460937500e+02 3.876715087890625000e+01 2.362182617187500000e+00
2.387273559570312500e+02 3.881860351562500000e+01 2.494140625000000000e+00
2.384390869140625000e+02 3.842834472656250000e+01 2.427673339843750000e+00
2.377532958984375000e+02 3.763366699218750000e+01 2.216552734375000000e+00
2.371986083984375000e+02 3.694940185546875000e+01 1.621704101562500000e+00
2.370122680664062500e+02 3.674530029296875000e+01 1.723449707031250000e+00
2.370274047851562500e+02 3.679785156250000000e+01 1.611999511718750000e+00
2.372263793945312500e+02 3.699279785156250000e+01 1.579467773437500000e+00
2.375722045898437500e+02 3.731707763671875000e+01 1.631896972656250000e+00
2.378078613281250000e+02 3.776513671875000000e+01 2.068542480468750000e+00
2.381426391601562500e+02 3.814910888671875000e+01 2.572387695312500000e+00
2.382927246093750000e+02 3.849377441406250000e+01 2.547180175781250000e+00
2.383776855468750000e+02 3.859002685546875000e+01 2.743896484375000000e+00
2.383639526367187500e+02 3.860882568359375000e+01 2.710693359375000000e+00
2.381577148437500000e+02 3.827856445312500000e+01 2.562927246093750000e+00
2.380045166015625000e+02 3.805401611328125000e+01 2.327514648437500000e+00
2.378678588867187500e+02 3.795654296875000000e+01 2.222229003906250000e+00
2.379061889648437500e+02 3.798089599609375000e+01 1.977233886718750000e+00
2.380308837890625000e+02 3.807257080078125000e+01 2.206726074218750000e+00
2.380192871093750000e+02 3.834497070312500000e+01 2.364440917968750000e+00
2.382025756835937500e+02 3.851342773437500000e+01 2.640502929687500000e+00
2.382370605468750000e+02 3.862719726562500000e+01 2.934631347656250000e+00
2.383576049804687500e+02 3.883551025390625000e+01 2.575805664062500000e+00
2.385673828125000000e+02 3.894830322265625000e+01 2.692565917968750000e+00
2.386353149414062500e+02 3.904833984375000000e+01 2.806579589843750000e+00
2.386867065429687500e+02 3.916931152343750000e+01 2.711669921875000000e+00
2.388276367187500000e+02 3.932220458984375000e+01 2.507080078125000000e+00
2.387131958007812500e+02 3.935198974609375000e+01 2.605834960937500000e+00
2.386242065429687500e+02 3.928503417968750000e+01 2.511291503906250000e+00
2.382344970703125000e+02 3.868731689453125000e+01 2.492065429687500000e+00
2.378344116210937500e+02 3.794470214843750000e+01 2.518371582031250000e+00
2.375690307617187500e+02 3.743005371093750000e+01 2.291870117187500000e+00
2.376215820312500000e+02 3.729974365234375000e+01 2.365112304687500000e+00
2.376462402343750000e+02 3.765948486328125000e+01 2.330017089843750000e+00
2.378657226562500000e+02 3.804705810546875000e+01 2.525390625000000000e+00
2.381784667968750000e+02 3.840789794921875000e+01 2.795288085937500000e+00
2.382980346679687500e+02 3.866595458984375000e+01 2.933349609375000000e+00
2.386585693359375000e+02 3.909472656250000000e+01 2.885681152343750000e+00
2.388028564453125000e+02 3.938531494140625000e+01 2.999084472656250000e+00
2.387919921875000000e+02 3.935925292968750000e+01 3.121704101562500000e+00
2.386656494140625000e+02 3.916381835937500000e+01 2.745727539062500000e+00
2.385493164062500000e+02 3.895922851562500000e+01 2.492980957031250000e+00
2.384169311523437500e+02 3.874987792968750000e+01 2.405334472656250000e+00
2.385967407226562500e+02 3.879321289062500000e+01 2.335388183593750000e+00
2.384708862304687500e+02 3.891491699218750000e+01 2.337036132812500000e+00
2.386905517578125000e+02 3.912615966796875000e+01 2.479125976562500000e+00
2.386950073242187500e+02 3.917968750000000000e+01 2.634033203125000000e+00
2.388018188476562500e+02 3.930834960937500000e+01 2.484008789062500000e+00
2.388321533203125000e+02 3.946044921875000000e+01 2.548828125000000000e+00
2.390609741210937500e+02 3.968066406250000000e+01 2.440490722656250000e+00
2.393464965820312500e+02 3.993084716796875000e+01 2.389160156250000000e+00
2.395364990234375000e+02 4.002154541015625000e+01 2.453369140625000000e+00
2.395944824218750000e+02 4.014263916015625000e+01 2.476989746093750000e+00
2.397198486328125000e+02 4.030163574218750000e+01 2.696289062500000000e+00
2.398218994140625000e+02 4.046142578125000000e+01 2.257873535156250000e+00
2.394276123046875000e+02 4.012683105468750000e+01 2.607116699218750000e+00
2.387484130859375000e+02 3.900213623046875000e+01 1.999267578125000000e+00
2.380013427734375000e+02 3.823266601562500000e+01 1.877441406250000000e+00
2.379460449218750000e+02 3.809228515625000000e+01 1.943298339843750000e+00
2.379728393554687500e+02 3.829736328125000000e+01 2.166748046875000000e+00
2.380275268554687500e+02 3.868811035156250000e+01 2.160888671875000000e+00
2.380520019531250000e+02 3.920782470703125000e+01 2.690673828125000000e+00
2.381790771484375000e+02 3.951037597656250000e+01 2.818603515625000000e+00
2.382883300781250000e+02 3.991528320312500000e+01 3.190734863281250000e+00
2.388676147460937500e+02 3.999078369140625000e+01 2.661254882812500000e+00
2.388600463867187500e+02 4.024511718750000000e+01 3.141235351562500000e+00
2.389120483398437500e+02 4.028198242187500000e+01 3.624023437500000000e+00
2.387545776367187500e+02 4.012103271484375000e+01 3.355590820312500000e+00
2.387880859375000000e+02 3.997607421875000000e+01 3.100463867187500000e+00
2.387758178710937500e+02 3.978515625000000000e+01 2.746337890625000000e+00
2.388164062500000000e+02 3.975042724609375000e+01 2.495849609375000000e+00
2.390105590820312500e+02 3.983233642578125000e+01 2.630371093750000000e+00
2.389770507812500000e+02 3.993908691406250000e+01 2.546447753906250000e+00
2.388390502929687500e+02 4.008483886718750000e+01 2.531616210937500000e+00
2.388333129882812500e+02 4.013574218750000000e+01 2.783630371093750000e+00
2.390897216796875000e+02 4.008062744140625000e+01 2.668762207031250000e+00
2.392598266601562500e+02 4.015850830078125000e+01 2.390686035156250000e+00
2.393593750000000000e+02 4.026165771484375000e+01 3.036987304687500000e+00
2.394230346679687500e+02 4.035095214843750000e+01 2.599975585937500000e+00
2.390676879882812500e+02 4.041143798828125000e+01 2.657836914062500000e+00
2.392341918945312500e+02 4.052648925781250000e+01 2.410034179687500000e+00
2.392826538085937500e+02 4.054882812500000000e+01 2.167846679687500000e+00
2.391225585937500000e+02 4.026269531250000000e+01 1.820617675781250000e+00
2.384596557617187500e+02 3.926770019531250000e+01 1.597229003906250000e+00
2.383663330078125000e+02 3.846002197265625000e+01 2.135742187500000000e+00
2.382069091796875000e+02 3.833843994140625000e+01 2.222961425781250000e+00
2.383049316406250000e+02 3.851446533203125000e+01 2.331787109375000000e+00
2.384707031250000000e+02 3.870617675781250000e+01 2.492797851562500000e+00
2.386036376953125000e+02 3.909503173828125000e+01 2.800231933593750000e+00
2.386069335937500000e+02 3.954803466796875000e+01 3.230468750000000000e+00
2.384684448242187500e+02 3.999273681640625000e+01 3.320312500000000000e+00
2.385223999023437500e+02 4.037652587890625000e+01 3.729187011718750000e+00
2.385685424804687500e+02 4.054711914062500000e+01 3.710937500000000000e+00
2.387661132812500000e+02 4.068420410156250000e+01 4.164672851562500000e+00
2.387857666015625000e+02 4.049096679687500000e+01 3.390441894531250000e+00
2.388014526367187500e+02 4.028881835937500000e+01 3.231994628906250000e+00
2.392901611328125000e+02 4.029235839843750000e+01 3.132080078125000000e+00
2.392080078125000000e+02 4.038970947265625000e+01 3.188598632812500000e+00
2.395802612304687500e+02 4.051623535156250000e+01 2.982177734375000000e+00
2.394800415039062500e+02 4.080444335937500000e+01 2.562255859375000000e+00
2.394596557617187500e+02 4.085815429687500000e+01 2.521301269531250000e+00
2.392205200195312500e+02 4.111846923828125000e+01 2.662597656250000000e+00
2.393835449218750000e+02 4.128723144531250000e+01 2.553894042968750000e+00
2.395273437500000000e+02 4.164801025390625000e+01 2.950500488281250000e+00
2.395639648437500000e+02 4.159100341796875000e+01 2.858459472656250000e+00
2.396760864257812500e+02 4.177160644531250000e+01 2.956909179687500000e+00
2.397903442382812500e+02 4.192602539062500000e+01 2.851074218750000000e+00
2.400053710937500000e+02 4.226196289062500000e+01 3.352478027343750000e+00
2.401362915039062500e+02 4.252575683593750000e+01 3.216918945312500000e+00
2.399315185546875000e+02 4.221954345703125000e+01 3.570434570312500000e+00
2.397870483398437500e+02 4.123522949218750000e+01 3.162963867187500000e+00
2.395595092773437500e+02 4.049591064453125000e+01 2.600708007812500000e+00
2.392651977539062500e+02 3.998968505859375000e+01 2.385864257812500000e+00
2.392822875976562500e+02 4.001000976562500000e+01 2.526245117187500000e+00
2.394893188476562500e+02 4.015466308593750000e+01 2.737854003906250000e+00
2.398225097656250000e+02 4.053350830078125000e+01 3.435363769531250000e+00
2.397571411132812500e+02 4.084246826171875000e+01 3.666870117187500000e+00
2.395567016601562500e+02 4.127819824218750000e+01 4.130310058593750000e+00
2.396986694335937500e+02 4.150714111328125000e+01 4.042114257812500000e+00
2.398004150390625000e+02 4.153289794921875000e+01 3.866455078125000000e+00
2.397210693359375000e+02 4.147247314453125000e+01 3.552246093750000000e+00
2.397650756835937500e+02 4.134332275390625000e+01 3.703247070312500000e+00
2.395773315429687500e+02 4.102905273437500000e+01 3.146362304687500000e+00
2.393799438476562500e+02 4.081500244140625000e+01 3.173767089843750000e+00
2.394720458984375000e+02 4.073315429687500000e+01 2.682312011718750000e+00
2.394497070312500000e+02 4.069592285156250000e+01 2.732666015625000000e+00
2.395653686523437500e+02 4.085607910156250000e+01 2.200378417968750000e+00
2.396029663085937500e+02 4.083245849609375000e+01 2.277343750000000000e+00
2.396558837890625000e+02 4.097302246093750000e+01 2.538879394531250000e+00
2.395105590820312500e+02 4.100830078125000000e+01 2.818420410156250000e+00
2.397058715820312500e+02 4.112817382812500000e+01 2.869201660156250000e+00
2.395156250000000000e+02 4.117907714843750000e+01 3.070373535156250000e+00
2.397400512695312500e+02 4.127703857421875000e+01 3.010864257812500000e+00
2.396084594726562500e+02 4.124493408203125000e+01 3.038146972656250000e+00
2.395357666015625000e+02 4.142724609375000000e+01 2.914733886718750000e+00
2.395172119140625000e+02 4.143890380859375000e+01 3.245117187500000000e+00
2.394596557617187500e+02 4.143750000000000000e+01 3.195007324218750000e+00
2.388233642578125000e+02 4.073864746093750000e+01 2.789062500000000000e+00
2.386841430664062500e+02 3.995886230468750000e+01 2.661193847656250000e+00
2.386977539062500000e+02 3.958496093750000000e+01 2.476440429687500000e+00
2.389882812500000000e+02 3.953570556640625000e+01 2.340515136718750000e+00
2.391516723632812500e+02 3.991625976562500000e+01 2.227050781250000000e+00
2.392384643554687500e+02 4.040283203125000000e+01 2.210754394531250000e+00
2.395248413085937500e+02 4.075811767578125000e+01 2.723510742187500000e+00
2.398581542968750000e+02 4.115307617187500000e+01 3.351989746093750000e+00
2.400802612304687500e+02 4.162164306640625000e+01 3.125793457031250000e+00
2.400974731445312500e+02 4.198205566406250000e+01 3.822448730468750000e+00
2.401207275390625000e+02 4.196893310546875000e+01 3.895202636718750000e+00
2.400281982421875000e+02 4.166088867187500000e+01 3.641113281250000000e+00
2.398234863281250000e+02 4.140393066406250000e+01 3.019714355468750000e+00
2.398479614257812500e+02 4.138848876953125000e+01 2.512939453125000000e+00
2.398187866210937500e+02 4.126092529296875000e+01 2.400451660156250000e+00
2.398937988281250000e+02 4.131933593750000000e+01 2.251098632812500000e+00
2.400544433593750000e+02 4.141473388671875000e+01 2.562866210937500000e+00
2.400490112304687500e+02 4.166644287109375000e+01 2.933715820312500000e+00
2.401453857421875000e+02 4.189520263671875000e+01 2.503417968750000000e+00
2.401016845703125000e+02 4.188342285156250000e+01 3.059082031250000000e+00
2.399326171875000000e+02 4.191656494140625000e+01 2.998352050781250000e+00
2.399925537109375000e+02 4.192779541015625000e+01 3.331848144531250000e+00
2.400396118164062500e+02 4.209191894531250000e+01 2.842834472656250000e+00
2.401340942382812500e+02 4.232037353515625000e+01 2.426513671875000000e+00
2.401990356445312500e+02 4.252819824218750000e+01 2.271362304687500000e+00
2.397977905273437500e+02 4.189715576171875000e+01 2.266784667968750000e+00
2.396292724609375000e+02 4.094213867187500000e+01 2.073303222656250000e+00
2.396418457031250000e+02 4.022320556640625000e+01 2.072998046875000000e+00
2.395414428710937500e+02 4.003405761718750000e+01 2.533813476562500000e+00
2.395441894531250000e+02 3.997070312500000000e+01 2.211425781250000000e+00
2.394463500976562500e+02 4.027172851562500000e+01 2.656311035156250000e+00
2.396244506835937500e+02 4.045715332031250000e+01 2.920043945312500000e+00
2.396585693359375000e+02 4.069274902343750000e+01 3.240051269531250000e+00
2.395451049804687500e+02 4.094488525390625000e+01 3.399841308593750000e+00
2.396392822265625000e+02 4.132580566406250000e+01 3.495422363281250000e+00
2.398146362304687500e+02 4.154937744140625000e+01 3.328125000000000000e+00
2.396632080078125000e+02 4.145593261718750000e+01 3.902648925781250000e+00
2.394898681640625000e+02 4.115875244140625000e+01 3.232543945312500000e+00
2.395199584960937500e+02 4.096008300781250000e+01 2.549438476562500000e+00
2.395842895507812500e+02 4.084613037109375000e+01 1.835449218750000000e+00
2.398572998046875000e+02 4.070880126953125000e+01 2.432067871093750000e+00
2.397962646484375000e+02 4.088861083984375000e+01 2.267272949218750000e+00
2.398549804687500000e+02 4.096545410156250000e+01 2.191040039062500000e+00
2.395390625000000000e+02 4.098638916015625000e+01 3.042297363281250000e+00
2.391807250976562500e+02 4.116687011718750000e+01 3.090637207031250000e+00
2.392372436523437500e+02 4.122998046875000000e+01 3.316528320312500000e+00
2.392585449218750000e+02 4.134368896484375000e+01 3.112304687500000000e+00
2.393358154296875000e+02 4.165533447265625000e+01 2.119812011718750000e+00
2.394244384765625000e+02 4.172094726562500000e+01 2.165527343750000000e+00
2.396249389648437500e+02 4.201562500000000000e+01 1.884521484375000000e+00
2.394051513671875000e+02 4.186602783203125000e+01 1.341064453125000000e+00
2.394512939453125000e+02 4.053289794921875000e+01 1.571044921875000000e+00
2.390737915039062500e+02 3.958770751953125000e+01 1.723083496093750000e+00
2.386415405273437500e+02 3.929205322265625000e+01 2.230468750000000000e+00
2.386882324218750000e+02 3.923297119140625000e+01 2.347717285156250000e+00
2.389263305664062500e+02 3.938116455078125000e+01 2.405395507812500000e+00
2.391416625976562500e+02 3.981048583984375000e+01 2.525756835937500000e+00
2.392842407226562500e+02 4.008563232421875000e+01 2.233581542968750000e+00
2.392550659179687500e+02 4.034722900390625000e+01 2.290405273437500000e+00
2.394843750000000000e+02 4.060601806640625000e+01 2.343994140625000000e+00
2.394266357421875000e+02 4.085681152343750000e+01 2.364440917968750000e+00
2.393826293945312500e+02 4.084228515625000000e+01 2.465209960937500000e+00
2.393695068359375000e+02 4.063018798828125000e+01 2.736511230468750000e+00
2.391531372070312500e+02 4.025750732421875000e+01 2.951049804687500000e+00
2.390094604492187500e+02 4.003527832031250000e+01 3.258300781250000000e+00
2.389723510742187500e+02 3.989776611328125000e+01 2.982299804687500000e+00
2.390134277343750000e+02 3.986419677734375000e+01 2.923828125000000000e+00
2.387620239257812500e+02 3.998046875000000000e+01 2.961242675781250000e+00
2.388961791992187500e+02 4.016345214843750000e+01 2.514892578125000000e+00
2.387304687500000000e+02 4.022076416015625000e+01 2.825195312500000000e+00
2.388298339843750000e+02 4.040515136718750000e+01 2.415710449218750000e+00
2.391342163085937500e+02 4.057830810546875000e+01 2.405700683593750000e+00
2.390641479492187500e+02 4.067462158203125000e+01 2.617553710937500000e+00
2.391705322265625000e+02 4.061151123046875000e+01 2.358032226562500000e+00
2.392664184570312500e+02 4.071392822265625000e+01 2.786987304687500000e+00
2.393918457031250000e+02 4.063397216796875000e+01 2.659484863281250000e+00
2.390869750976562500e+02 4.014709472656250000e+01 2.638427734375000000e+00
2.385900878906250000e+02 3.899792480468750000e+01 2.160583496093750000e+00
2.379485473632812500e+02 3.831323242187500000e+01 1.787597656250000000e+00
2.378765258789062500e+02 3.807183837890625000e+01 1.623107910156250000e+00
2.380321655273437500e+02 3.829479980468750000e+01 1.384216308593750000e+00
2.381894531250000000e+02 3.856390380859375000e+01 1.699645996093750000e+00
2.385466308593750000e+02 3.902697753906250000e+01 1.905273437500000000e+00
2.387658691406250000e+02 3.933001708984375000e+01 2.474487304687500000e+00
2.390002441406250000e+02 3.974041748046875000e+01 2.317626953125000000e+00
2.392761230468750000e+02 4.006353759765625000e+01 2.986145019531250000e+00
2.392633666992187500e+02 4.021356201171875000e+01 2.684814453125000000e+00
2.392315673828125000e+02 4.003240966796875000e+01 2.600952148437500000e+00
2.391393432617187500e+02 3.975714111328125000e+01 2.879638671875000000e+00
2.388575439453125000e+02 3.940533447265625000e+01 2.680847167968750000e+00
2.386612548828125000e+02 3.905212402343750000e+01 2.537475585937500000e+00
2.384504394531250000e+02 3.893719482421875000e+01 2.327697753906250000e+00
2.381665039062500000e+02 3.897680664062500000e+01 2.150695800781250000e+00
2.384521484375000000e+02 3.900970458984375000e+01 1.798400878906250000e+00
2.385813598632812500e+02 3.913336181640625000e+01 1.629882812500000000e+00
2.386393432617187500e+02 3.937963867187500000e+01 1.967895507812500000e+00
2.384273071289062500e+02 3.951416015625000000e+01 1.719909667968750000e+00
2.386503906250000000e+02 3.962365722656250000e+01 2.138916015625000000e+00
2.384543457031250000e+02 3.977911376953125000e+01 2.362792968750000000e+00
2.383297729492187500e+02 3.992895507812500000e+01 2.504211425781250000e+00
2.385004272460937500e+02 4.014660644531250000e+01 2.525634765625000000e+00
2.383666381835937500e+02 4.004333496093750000e+01 2.388854980468750000e+00
2.381663208007812500e+02 3.974450683593750000e+01 2.297729492187500000e+00
2.378298950195312500e+02 3.872198486328125000e+01 2.006835937500000000e+00
2.372864379882812500e+02 3.785870361328125000e+01 1.559326171875000000e+00
2.371066284179687500e+02 3.747692871093750000e+01 1.785156250000000000e+00
2.371157836914062500e+02 3.737359619140625000e+01 1.575317382812500000e+00
2.373090209960937500e+02 3.771166992187500000e+01 1.987182617187500000e+00
2.375103759765625000e+02 3.796081542968750000e+01 1.583801269531250000e+00
2.377836303710937500e+02 3.836206054687500000e+01 1.696105957031250000e+00
2.380250854492187500e+02 3.863867187500000000e+01 1.777587890625000000e+00
2.384084472656250000e+02 3.900732421875000000e+01 1.810729980468750000e+00
2.384116821289062500e+02 3.914605712890625000e+01 1.990905761718750000e+00
2.384005737304687500e+02 3.925030517578125000e+01 1.632141113281250000e+00
2.382506713867187500e+02 3.902136230468750000e+01 1.945190429687500000e+00
2.380914306640625000e+02 3.886273193359375000e+01 1.931030273437500000e+00
2.379998168945312500e+02 3.870404052734375000e+01 1.839904785156250000e+00
2.379495239257812500e+02 3.859808349609375000e+01 1.665649414062500000e+00
2.378944091796875000e+02 3.849859619140625000e+01 1.434265136718750000e+00
2.379851684570312500e+02 3.849548339843750000e+01 1.880310058593750000e+00
2.378049926757812500e+02 3.856756591796875000e+01 2.025085449218750000e+00
2.377789916992187500e+02 3.884179687500000000e+01 1.628173828125000000e+00
2.380081176757812500e+02 3.914428710937500000e+01 1.779235839843750000e+00
2.381071166992187500e+02 3.940350341796875000e+01 2.120666503906250000e+00
2.382712402343750000e+02 3.981475830078125000e+01 2.574768066406250000e+00
2.383939819335937500e+02 4.022033691406250000e+01 2.289611816406250000e+00
2.384887084960937500e+02 4.033392333984375000e+01 2.341247558593750000e+00
2.388476562500000000e+02 4.066589355468750000e+01 2.458007812500000000e+00
2.388579711914062500e+02 4.082965087890625000e+01 2.298034667968750000e+00
2.390867309570312500e+02 4.047637939453125000e+01 2.732727050781250000e+00
2.385611572265625000e+02 3.945159912109375000e+01 2.404541015625000000e+00
2.381513671875000000e+02 3.851660156250000000e+01 2.013610839843750000e+00
2.377741699218750000e+02 3.809307861328125000e+01 2.072021484375000000e+00
2.378203125000000000e+02 3.800366210937500000e+01 1.976501464843750000e+00
2.377857666015625000e+02 3.812005615234375000e+01 1.872558593750000000e+00
2.379945678710937500e+02 3.837365722656250000e+01 1.924072265625000000e+00
2.383941040039062500e+02 3.878692626953125000e+01 2.109558105468750000e+00
2.386258544921875000e+02 3.927221679687500000e+01 2.458007812500000000e+00
2.387039794921875000e+02 3.938964843750000000e+01 2.594055175781250000e+00
2.388494262695312500e+02 3.962426757812500000e+01 2.575195312500000000e+00
2.388562622070312500e+02 3.967864990234375000e+01 2.762145996093750000e+00
2.388519287109375000e+02 3.947216796875000000e+01 2.986999511718750000e+00
2.388278198242187500e+02 3.924383544921875000e+01 2.556457519531250000e+00
2.386171875000000000e+02 3.907281494140625000e+01 2.335021972656250000e+00
2.385510253906250000e+02 3.907727050781250000e+01 2.096252441406250000e+00
2.385979003906250000e+02 3.911865234375000000e+01 1.882568359375000000e+00
2.386046142578125000e+02 3.915209960937500000e+01 2.065002441406250000e+00
2.386692504882812500e+02 3.926464843750000000e+01 2.531127929687500000e+00
2.384014892578125000e+02 3.956091308593750000e+01 2.841186523437500000e+00
2.384456787109375000e+02 3.986352539062500000e+01 3.479064941406250000e+00
2.384574584960937500e+02 3.989746093750000000e+01 3.474548339843750000e+00
2.383585815429687500e+02 4.004858398437500000e+01 3.346252441406250000e+00
2.384218750000000000e+02 4.012640380859375000e+01 3.315368652343750000e+00
2.385527954101562500e+02 4.026116943359375000e+01 2.823730468750000000e+00
2.390917358398437500e+02 4.054095458984375000e+01 2.736450195312500000e+00
2.393924560546875000e+02 4.056726074218750000e+01 3.068115234375000000e+00
2.393178710937500000e+02 3.996820068359375000e+01 3.014465332031250000e+00
2.386682739257812500e+02 3.914581298828125000e+01 2.213989257812500000e+00
2.384880371093750000e+02 3.861090087890625000e+01 2.420959472656250000e+00
2.383820190429687500e+02 3.848376464843750000e+01 2.185974121093750000e+00
2.384506225585937500e+02 3.870245361328125000e+01 2.578125000000000000e+00
2.386033935546875000e+02 3.890588378906250000e+01 2.306396484375000000e+00
2.387224121093750000e+02 3.921881103515625000e+01 2.108703613281250000e+00
2.387715454101562500e+02 3.959765625000000000e+01 2.545104980468750000e+00
2.391705932617187500e+02 4.004382324218750000e+01 2.669860839843750000e+00
2.393755493164062500e+02 4.034454345703125000e+01 2.566955566406250000e+00
2.394351806640625000e+02 4.051159667968750000e+01 1.979797363281250000e+00
2.395040893554687500e+02 4.037884521484375000e+01 2.609619140625000000e+00
2.392872924804687500e+02 4.011865234375000000e+01 2.286376953125000000e+00
2.389957275390625000e+02 3.965356445312500000e+01 2.001464843750000000e+00
2.388161010742187500e+02 3.946588134765625000e+01 1.989685058593750000e+00
2.388613891601562500e+02 3.943908691406250000e+01 2.025695800781250000e+00
2.390149536132812500e+02 3.957684326171875000e+01 2.247131347656250000e+00
2.388442993164062500e+02 3.984387207031250000e+01 2.843566894531250000e+00
2.389022216796875000e+02 3.999151611328125000e+01 2.636230468750000000e+00
2.390281982421875000e+02 4.027886962890625000e+01 2.729675292968750000e+00
2.391045532226562500e+02 4.056445312500000000e+01 2.664611816406250000e+00
2.390950317382812500e+02 4.074261474609375000e+01 2.921997070312500000e+00
2.392555541992187500e+02 4.085650634765625000e+01 2.801086425781250000e+00
2.390996093750000000e+02 4.090197753906250000e+01 3.489685058593750000e+00
2.390924072265625000e+02 4.081610107421875000e+01 2.994079589843750000e+00
2.389111938476562500e+02 4.014440917968750000e+01 3.019348144531250000e+00
2.387469482421875000e+02 3.899151611328125000e+01 2.204589843750000000e+00
2.381288452148437500e+02 3.819287109375000000e+01 1.811889648437500000e+00
2.377538452148437500e+02 3.796685791015625000e+01 1.613586425781250000e+00
2.375926513671875000e+02 3.797003173828125000e+01 1.811767578125000000e+00
2.379224853515625000e+02 3.828881835937500000e+01 2.025512695312500000e+00
2.381459350585937500e+02 3.879571533203125000e+01 2.259094238281250000e+00
2.384757080078125000e+02 3.927667236328125000e+01 2.836364746093750000e+00
2.383516235351562500e+02 3.982281494140625000e+01 3.400268554687500000e+00
2.385200805664062500e+02 4.002081298828125000e+01 3.378784179687500000e+00
2.387526245117187500e+02 4.033166503906250000e+01 3.527038574218750000e+00
2.385689697265625000e+02 4.017364501953125000e+01 2.713073730468750000e+00
2.385790405273437500e+02 3.976684570312500000e+01 2.610595703125000000e+00
2.385354003906250000e+02 3.939404296875000000e+01 2.273315429687500000e+00
2.383928833007812500e+02 3.933923339843750000e+01 2.271972656250000000e+00
2.386384277343750000e+02 3.935156250000000000e+01 1.964111328125000000e+00
2.385239868164062500e+02 3.931658935546875000e+01 1.737915039062500000e+00
2.385154418945312500e+02 3.950323486328125000e+01 1.745910644531250000e+00
2.386666259765625000e+02 3.966204833984375000e+01 1.781372070312500000e+00
2.387958984375000000e+02 3.987683105468750000e+01 1.401184082031250000e+00
2.388388061523437500e+02 4.004144287109375000e+01 1.503967285156250000e+00
2.388346557617187500e+02 4.003460693359375000e+01 1.649841308593750000e+00
2.386137695312500000e+02 4.018511962890625000e+01 2.141601562500000000e+00
2.385957031250000000e+02 4.029437255859375000e+01 2.346496582031250000e+00
2.385858154296875000e+02 4.037933349609375000e+01 2.317626953125000000e+00
2.383302001953125000e+02 3.974420166015625000e+01 1.840515136718750000e+00
2.377949218750000000e+02 3.867626953125000000e+01 1.960937500000000000e+00
2.375820922851562500e+02 3.766979980468750000e+01 1.589111328125000000e+00
2.373808593750000000e+02 3.741369628906250000e+01 1.743835449218750000e+00
2.374803466796875000e+02 3.750140380859375000e+01 1.656799316406250000e+00
2.374919433593750000e+02 3.780145263671875000e+01 1.947875976562500000e+00
2.377270507812500000e+02 3.820806884765625000e+01 2.337585449218750000e+00
2.378590698242187500e+02 3.870294189453125000e+01 2.355102539062500000e+00
2.379479980468750000e+02 3.889129638671875000e+01 2.662780761718750000e+00
2.381840820312500000e+02 3.925109863281250000e+01 2.894287109375000000e+00
2.381821289062500000e+02 3.947729492187500000e+01 2.755737304687500000e+00
2.382609252929687500e+02 3.946240234375000000e+01 2.112915039062500000e+00
2.382578735351562500e+02 3.902349853515625000e+01 1.781433105468750000e+00
2.381882934570312500e+02 3.886828613281250000e+01 1.888732910156250000e+00
2.383320312500000000e+02 3.868585205078125000e+01 1.568969726562500000e+00
2.383384399414062500e+02 3.879949951171875000e+01 1.516479492187500000e+00
2.382548217773437500e+02 3.903057861328125000e+01 2.532165527343750000e+00
2.381257324218750000e+02 3.909942626953125000e+01 2.782653808593750000e+00
2.380541992187500000e+02 3.922283935546875000e+01 2.628051757812500000e+00
2.378914794921875000e+02 3.926696777343750000e+01 3.317077636718750000e+00
2.379727172851562500e+02 3.941870117187500000e+01 2.749328613281250000e+00
2.380220336914062500e+02 3.947729492187500000e+01 2.753356933593750000e+00
2.380258789062500000e+02 3.966387939453125000e+01 2.608276367187500000e+00
2.381270141601562500e+02 3.982092285156250000e+01 2.307800292968750000e+00
2.382916259765625000e+02 3.990618896484375000e+01 2.450378417968750000e+00
2.383658447265625000e+02 3.979473876953125000e+01 2.069030761718750000e+00
2.381171875000000000e+02 3.891870117187500000e+01 1.923461914062500000e+00
2.374172973632812500e+02 3.776251220703125000e+01 1.610595703125000000e+00
2.371761474609375000e+02 3.701330566406250000e+01 1.411621093750000000e+00
2.368923950195312500e+02 3.680450439453125000e+01 1.569458007812500000e+00
2.369718627929687500e+02 3.688177490234375000e+01 1.287963867187500000e+00
2.370416870117187500e+02 3.729223632812500000e+01 1.577819824218750000e+00
2.370995483398437500e+02 3.761181640625000000e+01 1.588134765625000000e+00
2.373819580078125000e+02 3.797192382812500000e+01 2.073730468750000000e+00
2.374486083984375000e+02 3.824530029296875000e+01 2.244934082031250000e+00
2.375296630859375000e+02 3.851519775390625000e+01 2.903259277343750000e+00
2.375481567382812500e+02 3.860363769531250000e+01 2.093688964843750000e+00
2.375123901367187500e+02 3.844860839843750000e+01 1.760192871093750000e+00
2.373557739257812500e+02 3.810461425781250000e+01 1.801757812500000000e+00
2.372231445312500000e+02 3.794348144531250000e+01 1.847656250000000000e+00
2.371027832031250000e+02 3.772583007812500000e+01 1.574829101562500000e+00
2.369809570312500000e+02 3.772387695312500000e+01 1.673339843750000000e+00
2.369067993164062500e+02 3.776171875000000000e+01 1.899169921875000000e+00
2.371970825195312500e+02 3.776922607421875000e+01 1.872802734375000000e+00
2.374169311523437500e+02 3.794885253906250000e+01 1.851196289062500000e+00
2.375050659179687500e+02 3.812731933593750000e+01 1.875793457031250000e+00
2.374758300781250000e+02 3.816839599609375000e+01 1.735412597656250000e+00
2.374745483398437500e+02 3.814685058593750000e+01 1.377685546875000000e+00
2.375470581054687500e+02 3.811682128906250000e+01 1.314331054687500000e+00
2.377836303710937500e+02 3.836230468750000000e+01 1.359008789062500000e+00
2.379097900390625000e+02 3.855181884765625000e+01 1.501220703125000000e+00
2.377970581054687500e+02 3.847991943359375000e+01 1.350341796875000000e+00
2.379037475585937500e+02 3.843963623046875000e+01 1.274169921875000000e+00
2.370650024414062500e+02 3.750152587890625000e+01 1.423767089843750000e+00
2.366416015625000000e+02 3.621618652343750000e+01 1.189025878906250000e+00
2.362098388671875000e+02 3.580932617187500000e+01 1.052490234375000000e+00
2.359642333984375000e+02 3.565118408203125000e+01 1.194091796875000000e+00
2.357061767578125000e+02 3.601824951171875000e+01 1.057922363281250000e+00
2.359196777343750000e+02 3.626971435546875000e+01 1.225158691406250000e+00
2.361101684570312500e+02 3.679693603515625000e+01 1.506469726562500000e+00
2.362842407226562500e+02 3.709600830078125000e+01 1.407409667968750000e+00
2.365862426757812500e+02 3.728637695312500000e+01 1.568176269531250000e+00
2.368834228515625000e+02 3.756256103515625000e+01 1.804992675781250000e+00
2.368400878906250000e+02 3.756579589843750000e+01 1.764221191406250000e+00
2.366760253906250000e+02 3.731628417968750000e+01 1.650329589843750000e+00
2.366656494140625000e+02 3.696392822265625000e+01 1.425170898437500000e+00
2.365112304687500000e+02 3.675073242187500000e+01 1.377746582031250000e+00
2.363710327148437500e+02 3.675054931640625000e+01 1.445678710937500000e+00
2.365136718750000000e+02 3.677972412109375000e+01 1.364990234375000000e+00
2.366486816406250000e+02 3.700848388671875000e+01 1.544921875000000000e+00
2.368300170898437500e+02 3.730310058593750000e+01 1.584777832031250000e+00
2.370109252929687500e+02 3.762677001953125000e+01 1.665161132812500000e+00
