1.149623413085937500e+02 1.284432373046875000e+02 1.055410156250000000e+02
1.154918823242187500e+02 1.289203491210937500e+02 1.059911499023437500e+02
1.154640502929687500e+02 1.288916015625000000e+02 1.059604492187500000e+02
1.153474731445312500e+02 1.287919921875000000e+02 1.056492919921875000e+02
1.151009521484375000e+02 1.287457275390625000e+02 1.050319824218750000e+02
1.148368530273437500e+02 1.289235229492187500e+02 1.038976440429687500e+02
1.143467407226562500e+02 1.295454101562500000e+02 1.027950439453125000e+02
1.141339111328125000e+02 1.298461303710937500e+02 1.023537597656250000e+02
1.137057495117187500e+02 1.297000122070312500e+02 1.021312255859375000e+02
1.134271240234375000e+02 1.296607666015625000e+02 1.019818115234375000e+02
1.135766601562500000e+02 1.297080688476562500e+02 1.021180419921875000e+02
1.139832153320312500e+02 1.300853881835937500e+02 1.024318237304687500e+02
1.139049072265625000e+02 1.300563964843750000e+02 1.024212646484375000e+02
1.138571777343750000e+02 1.299565429687500000e+02 1.030180664062500000e+02
1.137523193359375000e+02 1.297598266601562500e+02 1.029475708007812500e+02
1.136069946289062500e+02 1.295811157226562500e+02 1.027814941406250000e+02
1.129075927734375000e+02 1.286886596679687500e+02 1.023100585937500000e+02
1.126197509765625000e+02 1.282904052734375000e+02 1.021011962890625000e+02
1.126149902343750000e+02 1.279700927734375000e+02 1.021264038085937500e+02
1.130951538085937500e+02 1.281696166992187500e+02 1.026145629882812500e+02
1.132089233398437500e+02 1.282806396484375000e+02 1.028322753906250000e+02
1.134392089843750000e+02 1.285096435546875000e+02 1.031207275390625000e+02
1.130305786132812500e+02 1.280772094726562500e+02 1.027456665039062500e+02
1.127111816406250000e+02 1.277816162109375000e+02 1.024193115234375000e+02
1.122633056640625000e+02 1.275377807617187500e+02 1.018264160156250000e+02
1.120379638671875000e+02 1.275424194335937500e+02 1.016766967773437500e+02
1.116652832031250000e+02 1.273034057617187500e+02 1.011514282226562500e+02
1.117181396484375000e+02 1.275375976562500000e+02 1.013558959960937500e+02
1.120529785156250000e+02 1.277990112304687500e+02 1.014161987304687500e+02
1.125934448242187500e+02 1.283099975585937500e+02 1.015063476562500000e+02
1.128310546875000000e+02 1.284393310546875000e+02 1.015504760742187500e+02
1.128945922851562500e+02 1.284376831054687500e+02 1.015651855468750000e+02
1.127285156250000000e+02 1.283070678710937500e+02 1.014546508789062500e+02
1.128010253906250000e+02 1.283182983398437500e+02 1.016527709960937500e+02
1.126945190429687500e+02 1.282333374023437500e+02 1.015825195312500000e+02
1.131044921875000000e+02 1.285744018554687500e+02 1.020957031250000000e+02
1.131416625976562500e+02 1.286925659179687500e+02 1.021718139648437500e+02
1.130288696289062500e+02 1.284766845703125000e+02 1.020017089843750000e+02
1.127587280273437500e+02 1.281255493164062500e+02 1.016788940429687500e+02
1.127785034179687500e+02 1.281966552734375000e+02 1.016697387695312500e+02
1.123973388671875000e+02 1.280165405273437500e+02 1.014691772460937500e+02
1.123593750000000000e+02 1.280629272460937500e+02 1.016006469726562500e+02
1.121432495117187500e+02 1.278969116210937500e+02 1.012324218750000000e+02
1.119351196289062500e+02 1.280507202148437500e+02 1.012521362304687500e+02
1.115477294921875000e+02 1.280103149414062500e+02 1.011372070312500000e+02
1.114445190429687500e+02 1.279841308593750000e+02 1.011171875000000000e+02
1.109307250976562500e+02 1.275008544921875000e+02 1.007463989257812500e+02
1.099548950195312500e+02 1.263912963867187500e+02 9.977514648437500000e+01
1.094192504882812500e+02 1.255982666015625000e+02 9.913427734375000000e+01
1.092682495117187500e+02 1.254575195312500000e+02 9.881121826171875000e+01
1.092489624023437500e+02 1.254013061523437500e+02 9.866729736328125000e+01
1.091954345703125000e+02 1.252853393554687500e+02 9.868054199218750000e+01
1.091093750000000000e+02 1.251051025390625000e+02 9.851715087890625000e+01
1.091972045898437500e+02 1.251752319335937500e+02 9.843518066406250000e+01
1.088940429687500000e+02 1.248765869140625000e+02 9.803198242187500000e+01
1.077084350585937500e+02 1.234869995117187500e+02 9.671588134765625000e+01
1.066305541992187500e+02 1.220966186523437500e+02 9.549511718750000000e+01
1.057764892578125000e+02 1.210528564453125000e+02 9.465411376953125000e+01
1.053267822265625000e+02 1.204241943359375000e+02 9.418365478515625000e+01
1.055567016601562500e+02 1.207618408203125000e+02 9.446893310546875000e+01
1.054826049804687500e+02 1.205725097656250000e+02 9.432598876953125000e+01
1.056052246093750000e+02 1.207552490234375000e+02 9.446057128906250000e+01
1.056369018554687500e+02 1.207944946289062500e+02 9.458813476562500000e+01
1.059561157226562500e+02 1.211569824218750000e+02 9.368218994140625000e+01
1.058441772460937500e+02 1.210010375976562500e+02 9.311431884765625000e+01
1.060330200195312500e+02 1.213476562500000000e+02 9.278649902343750000e+01
1.061185302734375000e+02 1.214067382812500000e+02 9.266754150390625000e+01
1.064526977539062500e+02 1.218295288085937500e+02 9.288378906250000000e+01
1.069880981445312500e+02 1.223541870117187500e+02 9.363110351562500000e+01
1.074735107421875000e+02 1.228469848632812500e+02 9.439758300781250000e+01
1.072564086914062500e+02 1.226180419921875000e+02 9.427899169921875000e+01
1.071846313476562500e+02 1.224102172851562500e+02 9.438323974609375000e+01
1.067826538085937500e+02 1.220231933593750000e+02 9.397271728515625000e+01
1.066271972656250000e+02 1.219038085937500000e+02 9.401367187500000000e+01
1.064790649414062500e+02 1.216790771484375000e+02 9.408660888671875000e+01
1.067531738281250000e+02 1.219038696289062500e+02 9.466223144531250000e+01
1.068130493164062500e+02 1.218763427734375000e+02 9.478228759765625000e+01
1.067343750000000000e+02 1.218893432617187500e+02 9.473742675781250000e+01
1.068563232421875000e+02 1.220222778320312500e+02 9.500390625000000000e+01
1.069902343750000000e+02 1.223067016601562500e+02 9.552435302734375000e+01
1.068193359375000000e+02 1.221605224609375000e+02 9.557061767578125000e+01
1.069105834960937500e+02 1.224021606445312500e+02 9.578546142578125000e+01
1.069909057617187500e+02 1.224738159179687500e+02 9.588861083984375000e+01
1.070802001953125000e+02 1.227589111328125000e+02 9.536535644531250000e+01
1.073316650390625000e+02 1.230266723632812500e+02 9.528430175781250000e+01
1.077339477539062500e+02 1.235303955078125000e+02 9.557684326171875000e+01
1.076378784179687500e+02 1.234733276367187500e+02 9.517443847656250000e+01
1.073607788085937500e+02 1.232049560546875000e+02 9.498205566406250000e+01
1.072014160156250000e+02 1.228843994140625000e+02 9.462371826171875000e+01
1.075646972656250000e+02 1.232413330078125000e+02 9.498724365234375000e+01
1.074649658203125000e+02 1.231793212890625000e+02 9.474121093750000000e+01
1.078190307617187500e+02 1.233892211914062500e+02 9.514941406250000000e+01
1.079371337890625000e+02 1.235036010742187500e+02 9.520843505859375000e+01
1.085765380859375000e+02 1.239354858398437500e+02 9.580236816406250000e+01
1.086737670898437500e+02 1.239362792968750000e+02 9.596398925781250000e+01
1.087553710937500000e+02 1.241080322265625000e+02 9.619250488281250000e+01
1.087928466796875000e+02 1.240429687500000000e+02 9.621466064453125000e+01
1.090097045898437500e+02 1.242692260742187500e+02 9.639910888671875000e+01
1.089034423828125000e+02 1.241176757812500000e+02 9.628869628906250000e+01
1.093984985351562500e+02 1.244571533203125000e+02 9.688952636718750000e+01
1.098439331054687500e+02 1.248726806640625000e+02 9.740576171875000000e+01
1.101162719726562500e+02 1.251649780273437500e+02 9.770477294921875000e+01
1.098314819335937500e+02 1.247051391601562500e+02 9.723333740234375000e+01
1.099152832031250000e+02 1.246458740234375000e+02 9.732342529296875000e+01
1.099056396484375000e+02 1.244462890625000000e+02 9.742974853515625000e+01
1.102690429687500000e+02 1.247741088867187500e+02 9.778961181640625000e+01
1.105321044921875000e+02 1.249271240234375000e+02 9.794891357421875000e+01
1.109142456054687500e+02 1.252744750976562500e+02 9.847198486328125000e+01
1.104647216796875000e+02 1.247241210937500000e+02 9.811840820312500000e+01
1.102630004882812500e+02 1.243921508789062500e+02 9.785974121093750000e+01
1.100454711914062500e+02 1.241257934570312500e+02 9.760369873046875000e+01
1.105294189453125000e+02 1.245313720703125000e+02 9.811676025390625000e+01
1.108399047851562500e+02 1.249491577148437500e+02 9.852093505859375000e+01
1.105206298828125000e+02 1.246613159179687500e+02 9.811022949218750000e+01
1.102253417968750000e+02 1.244143066406250000e+02 9.782421875000000000e+01
1.104571533203125000e+02 1.246158447265625000e+02 9.793676757812500000e+01
1.104895629882812500e+02 1.247247314453125000e+02 9.778063964843750000e+01
1.108014526367187500e+02 1.250050048828125000e+02 9.814111328125000000e+01
1.108204345703125000e+02 1.253687744140625000e+02 9.858709716796875000e+01
1.110158081054687500e+02 1.259458007812500000e+02 9.904229736328125000e+01
1.111078491210937500e+02 1.264219360351562500e+02 9.942163085937500000e+01
1.115489501953125000e+02 1.268162231445312500e+02 9.983972167968750000e+01
1.114439697265625000e+02 1.266826171875000000e+02 9.979113769531250000e+01
1.114703979492187500e+02 1.266459960937500000e+02 9.978277587890625000e+01
1.115054931640625000e+02 1.265866699218750000e+02 9.983959960937500000e+01
1.116494140625000000e+02 1.267474975585937500e+02 9.998406982421875000e+01
1.116719360351562500e+02 1.267994384765625000e+02 1.000328979492187500e+02
1.114003906250000000e+02 1.265610961914062500e+02 9.973449707031250000e+01
1.113589477539062500e+02 1.263347778320312500e+02 1.001422119140625000e+02
1.115593872070312500e+02 1.264464721679687500e+02 1.005651855468750000e+02
1.113546752929687500e+02 1.262181396484375000e+02 1.004259033203125000e+02
1.115686035156250000e+02 1.264090576171875000e+02 1.008534545898437500e+02
1.114351806640625000e+02 1.263226928710937500e+02 1.008869018554687500e+02
1.118558959960937500e+02 1.266165161132812500e+02 9.985223388671875000e+01
1.120373535156250000e+02 1.264619750976562500e+02 9.914984130859375000e+01
1.121633300781250000e+02 1.264949340820312500e+02 9.898187255859375000e+01
1.122811889648437500e+02 1.265924072265625000e+02 9.889721679687500000e+01
1.125206298828125000e+02 1.267860717773437500e+02 9.900958251953125000e+01
1.126429443359375000e+02 1.268253784179687500e+02 9.917871093750000000e+01
1.131146850585937500e+02 1.271791992187500000e+02 9.967224121093750000e+01
1.129622802734375000e+02 1.269546508789062500e+02 9.937536621093750000e+01
1.128131103515625000e+02 1.264578857421875000e+02 9.898071289062500000e+01
1.116910400390625000e+02 1.252163696289062500e+02 9.799346923828125000e+01
1.109727783203125000e+02 1.244193115234375000e+02 9.787011718750000000e+01
1.103168945312500000e+02 1.237962036132812500e+02 9.754107666015625000e+01
1.098096313476562500e+02 1.230952148437500000e+02 9.712963867187500000e+01
1.093814086914062500e+02 1.225737915039062500e+02 9.682202148437500000e+01
1.091988525390625000e+02 1.222821044921875000e+02 9.669018554687500000e+01
1.089810180664062500e+02 1.224897460937500000e+02 9.650213623046875000e+01
1.089071655273437500e+02 1.228364868164062500e+02 9.652685546875000000e+01
1.089963378906250000e+02 1.230487060546875000e+02 9.620867919921875000e+01
1.095655517578125000e+02 1.239589843750000000e+02 9.671636962890625000e+01
1.101597290039062500e+02 1.247147827148437500e+02 9.730267333984375000e+01
1.108220825195312500e+02 1.254213867187500000e+02 9.767553710937500000e+01
1.113533935546875000e+02 1.259591674804687500e+02 9.801593017578125000e+01
1.121813964843750000e+02 1.270519409179687500e+02 9.874353027343750000e+01
1.128677978515625000e+02 1.277713623046875000e+02 9.941809082031250000e+01
1.139814453125000000e+02 1.289654541015625000e+02 1.005671997070312500e+02
1.149310302734375000e+02 1.300592651367187500e+02 1.017434082031250000e+02
1.155834960937500000e+02 1.309354248046875000e+02 1.033008422851562500e+02
1.154427490234375000e+02 1.307922363281250000e+02 1.036696166992187500e+02
1.154613647460937500e+02 1.308547973632812500e+02 1.037205200195312500e+02
1.155215454101562500e+02 1.309888305664062500e+02 1.038765258789062500e+02
1.162059326171875000e+02 1.318249511718750000e+02 1.049222412109375000e+02
1.168294677734375000e+02 1.324507446289062500e+02 1.059033203125000000e+02
1.170495605468750000e+02 1.325923461914062500e+02 1.062887573242187500e+02
1.167642822265625000e+02 1.323931274414062500e+02 1.060418701171875000e+02
1.168135986328125000e+02 1.324942626953125000e+02 1.060681152343750000e+02
1.159946899414062500e+02 1.320224609375000000e+02 1.052807006835937500e+02
1.153998413085937500e+02 1.316238403320312500e+02 1.044511718750000000e+02
1.146006469726562500e+02 1.310471801757812500e+02 1.039530639648437500e+02
1.142017211914062500e+02 1.306909179687500000e+02 1.036005249023437500e+02
1.141503906250000000e+02 1.306412963867187500e+02 1.034517211914062500e+02
1.145707397460937500e+02 1.313106689453125000e+02 1.039267578125000000e+02
1.149163818359375000e+02 1.318751831054687500e+02 1.044229125976562500e+02
1.149017944335937500e+02 1.320267333984375000e+02 1.044154052734375000e+02
1.145859985351562500e+02 1.317753906250000000e+02 1.042600097656250000e+02
1.144954833984375000e+02 1.316699829101562500e+02 1.041687011718750000e+02
1.146585083007812500e+02 1.316898803710937500e+02 1.041313476562500000e+02
1.146117553710937500e+02 1.315975952148437500e+02 1.037120971679687500e+02
1.148159179687500000e+02 1.314204711914062500e+02 1.035758056640625000e+02
1.148521728515625000e+02 1.315228881835937500e+02 1.037002563476562500e+02
1.149364013671875000e+02 1.315674438476562500e+02 1.037926025390625000e+02
1.149549560546875000e+02 1.316180419921875000e+02 1.040487060546875000e+02
1.146353149414062500e+02 1.312128295898437500e+02 1.037337036132812500e+02
1.145909423828125000e+02 1.310649414062500000e+02 1.036354370117187500e+02
1.145316772460937500e+02 1.310363159179687500e+02 1.035746459960937500e+02
1.145029296875000000e+02 1.310126342773437500e+02 1.035597534179687500e+02
1.146115722656250000e+02 1.308965454101562500e+02 1.035755615234375000e+02
1.149365234375000000e+02 1.310592041015625000e+02 1.036156616210937500e+02
1.151452636718750000e+02 1.309711303710937500e+02 1.037357177734375000e+02
1.152577514648437500e+02 1.310050659179687500e+02 1.036796264648437500e+02
1.154157104492187500e+02 1.312544555664062500e+02 1.038347778320312500e+02
1.154445190429687500e+02 1.312628173828125000e+02 1.040001220703125000e+02
1.152463989257812500e+02 1.312245483398437500e+02 1.040577392578125000e+02
1.152028198242187500e+02 1.312691650390625000e+02 1.040876464843750000e+02
1.151561889648437500e+02 1.312086791992187500e+02 1.040484619140625000e+02
1.151741943359375000e+02 1.312604370117187500e+02 1.041279296875000000e+02
1.153044433593750000e+02 1.312733764648437500e+02 1.041508178710937500e+02
1.157183837890625000e+02 1.317632446289062500e+02 1.047006835937500000e+02
1.160985107421875000e+02 1.321384887695312500e+02 1.050749511718750000e+02
1.166809692382812500e+02 1.326442871093750000e+02 1.055152587890625000e+02
1.166280517578125000e+02 1.324689941406250000e+02 1.054921875000000000e+02
1.167821655273437500e+02 1.325542602539062500e+02 1.054902954101562500e+02
1.169929809570312500e+02 1.327687988281250000e+02 1.056484375000000000e+02
1.171340332031250000e+02 1.328920898437500000e+02 1.056271362304687500e+02
1.172271728515625000e+02 1.328249511718750000e+02 1.055491333007812500e+02
1.172081298828125000e+02 1.325597534179687500e+02 1.054715576171875000e+02
1.169741210937500000e+02 1.322536010742187500e+02 1.052590332031250000e+02
1.169542236328125000e+02 1.321772460937500000e+02 1.052769775390625000e+02
1.164775390625000000e+02 1.318186035156250000e+02 1.049119262695312500e+02
1.160186767578125000e+02 1.315135498046875000e+02 1.044770507812500000e+02
1.158519897460937500e+02 1.315109863281250000e+02 1.045352783203125000e+02
1.164983520507812500e+02 1.318520507812500000e+02 1.052520141601562500e+02
1.171320800781250000e+02 1.322576293945312500e+02 1.059116821289062500e+02
1.176002197265625000e+02 1.325617675781250000e+02 1.065388183593750000e+02
1.177714233398437500e+02 1.326343383789062500e+02 1.065808715820312500e+02
1.178684692382812500e+02 1.327097778320312500e+02 1.068441772460937500e+02
1.176637573242187500e+02 1.326129150390625000e+02 1.066221313476562500e+02
1.174418945312500000e+02 1.325368041992187500e+02 1.062269287109375000e+02
1.172792358398437500e+02 1.325504760742187500e+02 1.060152587890625000e+02
1.173246459960937500e+02 1.327927246093750000e+02 1.058906250000000000e+02
1.171181640625000000e+02 1.327019042968750000e+02 1.057733764648437500e+02
1.170675048828125000e+02 1.328134155273437500e+02 1.053898315429687500e+02
1.166281127929687500e+02 1.324461669921875000e+02 1.050241088867187500e+02
1.159091796875000000e+02 1.318505249023437500e+02 1.043903198242187500e+02
1.157879638671875000e+02 1.318107299804687500e+02 1.042794799804687500e+02
1.161022338867187500e+02 1.321115722656250000e+02 1.045156860351562500e+02
1.165755004882812500e+02 1.323782958984375000e+02 1.051333007812500000e+02
1.169385375976562500e+02 1.324761962890625000e+02 1.058332519531250000e+02
1.172333374023437500e+02 1.325144042968750000e+02 1.061920776367187500e+02
1.172195434570312500e+02 1.324114379882812500e+02 1.061639404296875000e+02
1.173283691406250000e+02 1.323938598632812500e+02 1.065889892578125000e+02
1.169817504882812500e+02 1.322529296875000000e+02 1.059963989257812500e+02
1.167069091796875000e+02 1.320951538085937500e+02 1.053864135742187500e+02
1.166106567382812500e+02 1.321365966796875000e+02 1.053562622070312500e+02
1.165765380859375000e+02 1.321660766601562500e+02 1.053350219726562500e+02
1.166016845703125000e+02 1.323008422851562500e+02 1.053374633789062500e+02
1.168143310546875000e+02 1.322749023437500000e+02 1.051608886718750000e+02
1.169448242187500000e+02 1.323443603515625000e+02 1.050828247070312500e+02
1.169748535156250000e+02 1.320844116210937500e+02 1.045154418945312500e+02
1.171052246093750000e+02 1.321676025390625000e+02 1.046511840820312500e+02
1.170442504882812500e+02 1.321593017578125000e+02 1.045603027343750000e+02
1.170173950195312500e+02 1.320812377929687500e+02 1.047194213867187500e+02
1.170469970703125000e+02 1.320201416015625000e+02 1.048521728515625000e+02
1.172106323242187500e+02 1.320758666992187500e+02 1.050548095703125000e+02
1.173382568359375000e+02 1.321358642578125000e+02 1.052368164062500000e+02
1.176636962890625000e+02 1.323942260742187500e+02 1.055766601562500000e+02
1.176763305664062500e+02 1.324588623046875000e+02 1.056208496093750000e+02
1.175180664062500000e+02 1.322728881835937500e+02 1.054542846679687500e+02
1.173614501953125000e+02 1.321493530273437500e+02 1.052738037109375000e+02
1.174887084960937500e+02 1.322818603515625000e+02 1.054294433593750000e+02
1.174814453125000000e+02 1.323380737304687500e+02 1.054509277343750000e+02
1.170932617187500000e+02 1.318087158203125000e+02 1.051060180664062500e+02
1.157946166992187500e+02 1.303146362304687500e+02 1.040909423828125000e+02
1.154677734375000000e+02 1.299033813476562500e+02 1.037769775390625000e+02
1.158923339843750000e+02 1.303074951171875000e+02 1.041973266601562500e+02
1.162750854492187500e+02 1.306367187500000000e+02 1.048151245117187500e+02
1.163776245117187500e+02 1.306376342773437500e+02 1.048046264648437500e+02
1.163284912109375000e+02 1.305137329101562500e+02 1.049332885742187500e+02
1.163720703125000000e+02 1.306251220703125000e+02 1.049910278320312500e+02
1.165938720703125000e+02 1.309030151367187500e+02 1.051497802734375000e+02
1.166260375976562500e+02 1.308966064453125000e+02 1.052941894531250000e+02
1.165633544921875000e+02 1.310576171875000000e+02 1.049224243164062500e+02
1.167186889648437500e+02 1.313435668945312500e+02 1.046964721679687500e+02
1.167334594726562500e+02 1.314444580078125000e+02 1.047139282226562500e+02
1.167112426757812500e+02 1.315177001953125000e+02 1.047594604492187500e+02
1.166638793945312500e+02 1.314776000976562500e+02 1.047554931640625000e+02
1.166109008789062500e+02 1.314235839843750000e+02 1.047175903320312500e+02
1.165366210937500000e+02 1.312702026367187500e+02 1.045805664062500000e+02
1.162941894531250000e+02 1.310399169921875000e+02 1.043334960937500000e+02
1.161141357421875000e+02 1.309293823242187500e+02 1.043229980468750000e+02
1.163484497070312500e+02 1.311557006835937500e+02 1.044534912109375000e+02
1.166137084960937500e+02 1.312636718750000000e+02 1.046320190429687500e+02
1.163880615234375000e+02 1.309237670898437500e+02 1.043816528320312500e+02
1.161491699218750000e+02 1.305979614257812500e+02 1.041008300781250000e+02
1.161718139648437500e+02 1.304993896484375000e+02 1.041480712890625000e+02
1.161321411132812500e+02 1.303489990234375000e+02 1.043099365234375000e+02
1.161865844726562500e+02 1.306082153320312500e+02 1.042930908203125000e+02
1.161306152343750000e+02 1.307002563476562500e+02 1.040729980468750000e+02
1.161842651367187500e+02 1.308070678710937500e+02 1.042291259765625000e+02
1.160963745117187500e+02 1.308095703125000000e+02 1.041821899414062500e+02
1.161533813476562500e+02 1.307838134765625000e+02 1.040867309570312500e+02
1.160195922851562500e+02 1.305404052734375000e+02 1.041048583984375000e+02
1.162780761718750000e+02 1.305889282226562500e+02 1.044187622070312500e+02
1.164226074218750000e+02 1.305927124023437500e+02 1.045711059570312500e+02
1.169307861328125000e+02 1.307634887695312500e+02 1.053900756835937500e+02
1.168010864257812500e+02 1.304262695312500000e+02 1.053419189453125000e+02
1.165607910156250000e+02 1.303966674804687500e+02 1.044995727539062500e+02
1.162274169921875000e+02 1.302668457031250000e+02 1.039941406250000000e+02
1.162642211914062500e+02 1.304633789062500000e+02 1.038664550781250000e+02
1.163451538085937500e+02 1.306939086914062500e+02 1.039869995117187500e+02
1.163079223632812500e+02 1.307092285156250000e+02 1.038589477539062500e+02
1.162521972656250000e+02 1.305725097656250000e+02 1.039489746093750000e+02
1.161871948242187500e+02 1.306541748046875000e+02 1.040991821289062500e+02
1.160868530273437500e+02 1.305926513671875000e+02 1.042517089843750000e+02
1.160789794921875000e+02 1.307332763671875000e+02 1.042871093750000000e+02
1.159935302734375000e+02 1.305648803710937500e+02 1.042226562500000000e+02
1.161133422851562500e+02 1.307201538085937500e+02 1.042094116210937500e+02
1.160661010742187500e+02 1.308041381835937500e+02 1.040979003906250000e+02
1.161089477539062500e+02 1.311707763671875000e+02 1.043461303710937500e+02
1.160640258789062500e+02 1.311572875976562500e+02 1.043432006835937500e+02
1.159901733398437500e+02 1.311759643554687500e+02 1.043126220703125000e+02
1.163256225585937500e+02 1.310661621093750000e+02 1.043826904296875000e+02
1.167216186523437500e+02 1.313468627929687500e+02 1.046635742187500000e+02
1.168791503906250000e+02 1.313424072265625000e+02 1.049754638671875000e+02
1.171347045898437500e+02 1.312990112304687500e+02 1.051234130859375000e+02
1.173087158203125000e+02 1.313934936523437500e+02 1.052660522460937500e+02
1.172275390625000000e+02 1.312860107421875000e+02 1.051281127929687500e+02
1.170687866210937500e+02 1.308328247070312500e+02 1.054346923828125000e+02
1.173981933593750000e+02 1.310365600585937500e+02 1.057268676757812500e+02
1.174361572265625000e+02 1.311016235351562500e+02 1.055061035156250000e+02
1.174315185546875000e+02 1.311189575195312500e+02 1.055779418945312500e+02
1.173591918945312500e+02 1.312787475585937500e+02 1.051954956054687500e+02
1.176783447265625000e+02 1.317323608398437500e+02 1.056628417968750000e+02
1.182308959960937500e+02 1.323496093750000000e+02 1.061517333984375000e+02
1.184933471679687500e+02 1.327017822265625000e+02 1.064482421875000000e+02
1.183190917968750000e+02 1.325288085937500000e+02 1.063179931640625000e+02
1.182427978515625000e+02 1.325142211914062500e+02 1.059761962890625000e+02
1.182710571289062500e+02 1.324724731445312500e+02 1.059303588867187500e+02
1.184187011718750000e+02 1.328199462890625000e+02 1.061852416992187500e+02
1.184887084960937500e+02 1.329386596679687500e+02 1.062218627929687500e+02
1.184594116210937500e+02 1.329500732421875000e+02 1.062503662109375000e+02
1.181455688476562500e+02 1.329338378906250000e+02 1.060986328125000000e+02
1.180702514648437500e+02 1.330960693359375000e+02 1.064968261718750000e+02
1.178996582031250000e+02 1.331265869140625000e+02 1.065089721679687500e+02
1.180260620117187500e+02 1.332506713867187500e+02 1.065855102539062500e+02
1.177052612304687500e+02 1.330974121093750000e+02 1.063750000000000000e+02
1.178291015625000000e+02 1.330440673828125000e+02 1.062095947265625000e+02
1.175252075195312500e+02 1.327602539062500000e+02 1.057227783203125000e+02
1.175769042968750000e+02 1.328671264648437500e+02 1.055562133789062500e+02
1.175625000000000000e+02 1.327096557617187500e+02 1.053987426757812500e+02
1.177579956054687500e+02 1.327624511718750000e+02 1.053784790039062500e+02
1.176628417968750000e+02 1.326873779296875000e+02 1.054194946289062500e+02
1.178403930664062500e+02 1.327247314453125000e+02 1.058505859375000000e+02
1.178488159179687500e+02 1.326281127929687500e+02 1.061091308593750000e+02
1.180810546875000000e+02 1.328843383789062500e+02 1.062209472656250000e+02
1.180327148437500000e+02 1.326979370117187500e+02 1.064685058593750000e+02
1.180173950195312500e+02 1.328601684570312500e+02 1.059571533203125000e+02
1.179214477539062500e+02 1.327807617187500000e+02 1.057711181640625000e+02
1.181500244140625000e+02 1.329833984375000000e+02 1.059284057617187500e+02
1.181139526367187500e+02 1.329573974609375000e+02 1.058502807617187500e+02
1.183068237304687500e+02 1.331362915039062500e+02 1.061104125976562500e+02
1.177871093750000000e+02 1.327953491210937500e+02 1.058784790039062500e+02
1.176170043945312500e+02 1.325712890625000000e+02 1.057532348632812500e+02
1.173343505859375000e+02 1.323779296875000000e+02 1.056679687500000000e+02
1.172593383789062500e+02 1.323150024414062500e+02 1.056388549804687500e+02
1.172711791992187500e+02 1.322388916015625000e+02 1.056115112304687500e+02
1.174035034179687500e+02 1.326146850585937500e+02 1.058283081054687500e+02
1.171004028320312500e+02 1.324450073242187500e+02 1.055742187500000000e+02
1.169757080078125000e+02 1.324124145507812500e+02 1.054165039062500000e+02
1.166481323242187500e+02 1.320627441406250000e+02 1.051788940429687500e+02
1.168457641601562500e+02 1.322136230468750000e+02 1.053489990234375000e+02
1.168143310546875000e+02 1.322250976562500000e+02 1.052660522460937500e+02
1.172431030273437500e+02 1.325364990234375000e+02 1.056112670898437500e+02
1.173140869140625000e+02 1.324586181640625000e+02 1.057425537109375000e+02
1.173640136718750000e+02 1.325026245117187500e+02 1.057339477539062500e+02
1.170358886718750000e+02 1.320510864257812500e+02 1.054846801757812500e+02
1.170135498046875000e+02 1.321978149414062500e+02 1.052841796875000000e+02
1.167662963867187500e+02 1.319010620117187500e+02 1.050706176757812500e+02
1.162548217773437500e+02 1.318497924804687500e+02 1.047364501953125000e+02
1.160411376953125000e+02 1.317397460937500000e+02 1.045443725585937500e+02
1.161477050781250000e+02 1.317911987304687500e+02 1.046331787109375000e+02
1.161972656250000000e+02 1.318695068359375000e+02 1.046607055664062500e+02
1.165114746093750000e+02 1.321325683593750000e+02 1.049331054687500000e+02
1.164038696289062500e+02 1.319240722656250000e+02 1.048035888671875000e+02
1.165083618164062500e+02 1.319932250976562500e+02 1.048379516601562500e+02
1.162957153320312500e+02 1.317132568359375000e+02 1.045906372070312500e+02
1.166924438476562500e+02 1.318694458007812500e+02 1.049077758789062500e+02
1.169213867187500000e+02 1.319185791015625000e+02 1.048846435546875000e+02
1.174018554687500000e+02 1.320559692382812500e+02 1.052037963867187500e+02
1.172928466796875000e+02 1.318884277343750000e+02 1.049716186523437500e+02
1.174890747070312500e+02 1.319931640625000000e+02 1.051491088867187500e+02
1.171974487304687500e+02 1.320501708984375000e+02 1.050980834960937500e+02
1.168845214843750000e+02 1.321353759765625000e+02 1.050836791992187500e+02
1.166157836914062500e+02 1.319232177734375000e+02 1.049219970703125000e+02
1.167316284179687500e+02 1.321739501953125000e+02 1.051771850585937500e+02
1.165399780273437500e+02 1.320097656250000000e+02 1.050939941406250000e+02
1.166829223632812500e+02 1.319505004882812500e+02 1.054534912109375000e+02
1.163966064453125000e+02 1.317729492187500000e+02 1.054678955078125000e+02
1.165450439453125000e+02 1.318355102539062500e+02 1.059783325195312500e+02
1.164068603515625000e+02 1.315781860351562500e+02 1.061293945312500000e+02
1.165243530273437500e+02 1.316530151367187500e+02 1.061878051757812500e+02
1.161711425781250000e+02 1.314727783203125000e+02 1.059550781250000000e+02
1.157342529296875000e+02 1.312369384765625000e+02 1.057313842773437500e+02
1.146376342773437500e+02 1.301904296875000000e+02 1.047141723632812500e+02
1.140515747070312500e+02 1.296004028320312500e+02 1.041841430664062500e+02
1.137715454101562500e+02 1.292935180664062500e+02 1.037259521484375000e+02
1.145106811523437500e+02 1.298142089843750000e+02 1.040219116210937500e+02
1.154308471679687500e+02 1.301926879882812500e+02 1.042753906250000000e+02
1.164240112304687500e+02 1.310085449218750000e+02 1.051555786132812500e+02
1.165959472656250000e+02 1.311541137695312500e+02 1.050083007812500000e+02
1.170011596679687500e+02 1.314077758789062500e+02 1.051405029296875000e+02
1.170344848632812500e+02 1.313994140625000000e+02 1.050934448242187500e+02
1.172662353515625000e+02 1.315405273437500000e+02 1.053724975585937500e+02
1.170823364257812500e+02 1.313689575195312500e+02 1.052960815429687500e+02
1.171857299804687500e+02 1.313920288085937500e+02 1.054098510742187500e+02
1.171204223632812500e+02 1.311068115234375000e+02 1.052981567382812500e+02
1.171066284179687500e+02 1.312679443359375000e+02 1.044100952148437500e+02
1.169535522460937500e+02 1.310452270507812500e+02 1.037615356445312500e+02
1.170027465820312500e+02 1.311129760742187500e+02 1.034717407226562500e+02
1.167229003906250000e+02 1.306835327148437500e+02 1.029722290039062500e+02
1.164076538085937500e+02 1.303133544921875000e+02 1.025785522460937500e+02
1.161705322265625000e+02 1.300046997070312500e+02 1.031074829101562500e+02
1.166057739257812500e+02 1.303922729492187500e+02 1.038511962890625000e+02
1.169253540039062500e+02 1.305621948242187500e+02 1.047781982421875000e+02
1.172144165039062500e+02 1.307609863281250000e+02 1.050800170898437500e+02
1.170568237304687500e+02 1.305098876953125000e+02 1.050640258789062500e+02
1.170053710937500000e+02 1.307557983398437500e+02 1.049007568359375000e+02
1.168797607421875000e+02 1.310178222656250000e+02 1.048737182617187500e+02
1.167242431640625000e+02 1.311861572265625000e+02 1.049541625976562500e+02
1.168321533203125000e+02 1.313720092773437500e+02 1.050126342773437500e+02
1.170887451171875000e+02 1.316496582031250000e+02 1.052773437500000000e+02
1.170037841796875000e+02 1.319729614257812500e+02 1.054797363281250000e+02
1.172642211914062500e+02 1.327108154296875000e+02 1.059505615234375000e+02
1.170441894531250000e+02 1.326260375976562500e+02 1.059239501953125000e+02
1.171112670898437500e+02 1.325314941406250000e+02 1.058614501953125000e+02
1.168666381835937500e+02 1.324545288085937500e+02 1.058061523437500000e+02
1.171961669921875000e+02 1.326062622070312500e+02 1.065772705078125000e+02
1.170907592773437500e+02 1.323390502929687500e+02 1.069462890625000000e+02
1.172849121093750000e+02 1.323914184570312500e+02 1.071787719726562500e+02
1.171134033203125000e+02 1.321847534179687500e+02 1.070293579101562500e+02
1.170365600585937500e+02 1.320191650390625000e+02 1.069469604492187500e+02
1.170651245117187500e+02 1.321663208007812500e+02 1.064249267578125000e+02
1.171621704101562500e+02 1.323958740234375000e+02 1.056519165039062500e+02
1.170038452148437500e+02 1.321915283203125000e+02 1.050230102539062500e+02
1.170097045898437500e+02 1.320996704101562500e+02 1.048039550781250000e+02
1.168364868164062500e+02 1.317283935546875000e+02 1.044256591796875000e+02
1.168842163085937500e+02 1.317103271484375000e+02 1.048162231445312500e+02
1.170169677734375000e+02 1.317944335937500000e+02 1.051081542968750000e+02
1.171692504882812500e+02 1.319088745117187500e+02 1.052952270507812500e+02
1.170894165039062500e+02 1.318103027343750000e+02 1.052962646484375000e+02
1.173395996093750000e+02 1.321295776367187500e+02 1.053629760742187500e+02
1.173000488281250000e+02 1.320964965820312500e+02 1.053759155273437500e+02
1.174718627929687500e+02 1.321871337890625000e+02 1.053196411132812500e+02
1.172746582031250000e+02 1.318293457031250000e+02 1.049902343750000000e+02
1.173851318359375000e+02 1.318419189453125000e+02 1.050650024414062500e+02
1.172746582031250000e+02 1.316460571289062500e+02 1.049100341796875000e+02
1.172116699218750000e+02 1.317983398437500000e+02 1.056793212890625000e+02
1.168385620117187500e+02 1.314210205078125000e+02 1.063406372070312500e+02
1.164375000000000000e+02 1.312073364257812500e+02 1.065541381835937500e+02
1.162061767578125000e+02 1.308905029296875000e+02 1.063893432617187500e+02
1.163969116210937500e+02 1.310768432617187500e+02 1.066801757812500000e+02
1.165354614257812500e+02 1.313807983398437500e+02 1.060391235351562500e+02
1.169417114257812500e+02 1.319121704101562500e+02 1.057416381835937500e+02
1.169428710937500000e+02 1.319987792968750000e+02 1.050527343750000000e+02
1.170296020507812500e+02 1.321445312500000000e+02 1.051257324218750000e+02
1.171358032226562500e+02 1.321981811523437500e+02 1.051555786132812500e+02
1.172762451171875000e+02 1.323685302734375000e+02 1.050576171875000000e+02
1.172371826171875000e+02 1.323374023437500000e+02 1.046550292968750000e+02
1.171522827148437500e+02 1.322920532226562500e+02 1.042608642578125000e+02
1.170898437500000000e+02 1.322255249023437500e+02 1.040731201171875000e+02
1.170541992187500000e+02 1.322241821289062500e+02 1.041428833007812500e+02
1.171157226562500000e+02 1.322612915039062500e+02 1.044179077148437500e+02
1.174468994140625000e+02 1.324587402343750000e+02 1.044947509765625000e+02
1.173233642578125000e+02 1.324156494140625000e+02 1.044329833984375000e+02
1.174607543945312500e+02 1.325270996093750000e+02 1.045177001953125000e+02
1.173361816406250000e+02 1.323120727539062500e+02 1.045192260742187500e+02
1.175197753906250000e+02 1.326018676757812500e+02 1.049857788085937500e+02
1.175281372070312500e+02 1.327403564453125000e+02 1.053969726562500000e+02
1.175574951171875000e+02 1.328204345703125000e+02 1.055317382812500000e+02
1.174084472656250000e+02 1.327158203125000000e+02 1.054840087890625000e+02
1.175709838867187500e+02 1.329152221679687500e+02 1.056481323242187500e+02
1.177369995117187500e+02 1.329810180664062500e+02 1.056947631835937500e+02
1.181544189453125000e+02 1.331455078125000000e+02 1.059062500000000000e+02
1.181376953125000000e+02 1.330661621093750000e+02 1.058484497070312500e+02
1.182868652343750000e+02 1.331135864257812500e+02 1.059877929687500000e+02
1.184006958007812500e+02 1.330818481445312500e+02 1.058986816406250000e+02
1.181503295898437500e+02 1.331872558593750000e+02 1.061187744140625000e+02
1.179890747070312500e+02 1.332136840820312500e+02 1.061482543945312500e+02
1.178556518554687500e+02 1.333890991210937500e+02 1.064595336914062500e+02
1.177290649414062500e+02 1.332435302734375000e+02 1.065056762695312500e+02
1.174999389648437500e+02 1.332194213867187500e+02 1.062722167968750000e+02
1.169813232421875000e+02 1.330711669921875000e+02 1.060443725585937500e+02
1.168158569335937500e+02 1.330401611328125000e+02 1.058356933593750000e+02
1.167399902343750000e+02 1.329924316406250000e+02 1.057207031250000000e+02
1.167777709960937500e+02 1.331035156250000000e+02 1.056894531250000000e+02
1.167529296875000000e+02 1.331044311523437500e+02 1.056607666015625000e+02
1.169988403320312500e+02 1.331462402343750000e+02 1.055835571289062500e+02
1.171347045898437500e+02 1.328685913085937500e+02 1.052699584960937500e+02
1.173818359375000000e+02 1.329656982421875000e+02 1.053549194335937500e+02
1.174277343750000000e+02 1.330011596679687500e+02 1.053378906250000000e+02
1.178262329101562500e+02 1.333450927734375000e+02 1.058037109375000000e+02
1.173417968750000000e+02 1.332448120117187500e+02 1.056437988281250000e+02
1.171448364257812500e+02 1.332856445312500000e+02 1.057046508789062500e+02
1.167321166992187500e+02 1.333367309570312500e+02 1.055380249023437500e+02
1.167396850585937500e+02 1.333630981445312500e+02 1.056032104492187500e+02
1.164724121093750000e+02 1.331397705078125000e+02 1.053396606445312500e+02
1.167908935546875000e+02 1.331876220703125000e+02 1.060069580078125000e+02
1.167261962890625000e+02 1.329766235351562500e+02 1.065233764648437500e+02
1.167982788085937500e+02 1.328820800781250000e+02 1.069132690429687500e+02
1.167447509765625000e+02 1.326904907226562500e+02 1.071016235351562500e+02
1.167465820312500000e+02 1.326627197265625000e+02 1.071870117187500000e+02
1.164101562500000000e+02 1.323809814453125000e+02 1.065828247070312500e+02
1.162805175781250000e+02 1.324918823242187500e+02 1.058805541992187500e+02
1.161516113281250000e+02 1.323385009765625000e+02 1.055859375000000000e+02
1.161347656250000000e+02 1.323929443359375000e+02 1.056107177734375000e+02
1.162502441406250000e+02 1.323395385742187500e+02 1.055834960937500000e+02
1.166307983398437500e+02 1.326331787109375000e+02 1.062847900390625000e+02
1.168855590820312500e+02 1.326105346679687500e+02 1.071389160156250000e+02
1.169247436523437500e+02 1.325508422851562500e+02 1.072468261718750000e+02
1.169246215820312500e+02 1.325759277343750000e+02 1.074615478515625000e+02
1.169102783203125000e+02 1.325361938476562500e+02 1.073816528320312500e+02
1.165255737304687500e+02 1.325485839843750000e+02 1.069700317382812500e+02
1.164320678710937500e+02 1.325416870117187500e+02 1.066826782226562500e+02
1.158859863281250000e+02 1.320487670898437500e+02 1.060962524414062500e+02
1.155897827148437500e+02 1.317960205078125000e+02 1.054842529296875000e+02
1.149538574218750000e+02 1.311567993164062500e+02 1.049348144531250000e+02
1.148369140625000000e+02 1.312804565429687500e+02 1.044089355468750000e+02
1.150408325195312500e+02 1.315399780273437500e+02 1.041149902343750000e+02
1.155331420898437500e+02 1.320072631835937500e+02 1.046539306640625000e+02
1.155192260742187500e+02 1.320493774414062500e+02 1.044470214843750000e+02
1.156273803710937500e+02 1.322118530273437500e+02 1.043873291015625000e+02
1.155734252929687500e+02 1.321100463867187500e+02 1.043527221679687500e+02
1.156066284179687500e+02 1.321200561523437500e+02 1.041766967773437500e+02
1.155877075195312500e+02 1.320467529296875000e+02 1.040412597656250000e+02
1.156318359375000000e+02 1.320625610351562500e+02 1.040556640625000000e+02
1.157285766601562500e+02 1.320775756835937500e+02 1.041497192382812500e+02
1.160180053710937500e+02 1.323316040039062500e+02 1.044644775390625000e+02
1.160063476562500000e+02 1.322822875976562500e+02 1.044937133789062500e+02
1.161477050781250000e+02 1.323356323242187500e+02 1.045642089843750000e+02
1.160881958007812500e+02 1.321791381835937500e+02 1.045108032226562500e+02
1.161770019531250000e+02 1.322418212890625000e+02 1.046248168945312500e+02
1.163114013671875000e+02 1.321950073242187500e+02 1.049809570312500000e+02
1.162500000000000000e+02 1.321009521484375000e+02 1.048544921875000000e+02
1.162996215820312500e+02 1.321060180664062500e+02 1.047677612304687500e+02
1.165324707031250000e+02 1.323113403320312500e+02 1.052573242187500000e+02
1.166318969726562500e+02 1.323031616210937500e+02 1.053799438476562500e+02
1.169030761718750000e+02 1.326745605468750000e+02 1.053840942382812500e+02
1.166180419921875000e+02 1.323926391601562500e+02 1.049829711914062500e+02
1.164748535156250000e+02 1.322042236328125000e+02 1.047808837890625000e+02
1.165716552734375000e+02 1.322325439453125000e+02 1.047175903320312500e+02
1.164003906250000000e+02 1.320747070312500000e+02 1.044307250976562500e+02
1.165566406250000000e+02 1.322561645507812500e+02 1.045575561523437500e+02
1.166590576171875000e+02 1.322955932617187500e+02 1.045714721679687500e+02
1.165738525390625000e+02 1.323854370117187500e+02 1.046254882812500000e+02
1.166408691406250000e+02 1.324438476562500000e+02 1.047457275390625000e+02
1.167031860351562500e+02 1.324964599609375000e+02 1.047849121093750000e+02
1.167641601562500000e+02 1.324808959960937500e+02 1.049216308593750000e+02
1.167909545898437500e+02 1.324844970703125000e+02 1.047427978515625000e+02
1.166856079101562500e+02 1.324144897460937500e+02 1.045039062500000000e+02
1.167050781250000000e+02 1.325029907226562500e+02 1.046787719726562500e+02
1.165324707031250000e+02 1.323410644531250000e+02 1.043964233398437500e+02
1.168569946289062500e+02 1.322343139648437500e+02 1.045628051757812500e+02
1.169773559570312500e+02 1.320780029296875000e+02 1.045476074218750000e+02
1.171026611328125000e+02 1.320028076171875000e+02 1.046779174804687500e+02
1.173318481445312500e+02 1.321064453125000000e+02 1.048509521484375000e+02
1.175299072265625000e+02 1.322590332031250000e+02 1.049420776367187500e+02
1.169140625000000000e+02 1.322806396484375000e+02 1.048803710937500000e+02
1.164515991210937500e+02 1.322999877929687500e+02 1.050859375000000000e+02
1.163308715820312500e+02 1.323377075195312500e+02 1.052031860351562500e+02
1.162504882812500000e+02 1.324083251953125000e+02 1.052479858398437500e+02
1.162141113281250000e+02 1.324183959960937500e+02 1.055067749023437500e+02
1.167499389648437500e+02 1.326597900390625000e+02 1.056769409179687500e+02
1.172288818359375000e+02 1.327245483398437500e+02 1.056381225585937500e+02
1.173424682617187500e+02 1.327478027343750000e+02 1.056541137695312500e+02
1.172571411132812500e+02 1.325136108398437500e+02 1.054428710937500000e+02
1.174144897460937500e+02 1.325407714843750000e+02 1.055464477539062500e+02
1.172465209960937500e+02 1.323902587890625000e+02 1.054105834960937500e+02
1.170372924804687500e+02 1.323704833984375000e+02 1.053279418945312500e+02
1.168725585937500000e+02 1.322632446289062500e+02 1.049022216796875000e+02
1.167077026367187500e+02 1.321088256835937500e+02 1.046403808593750000e+02
1.164835815429687500e+02 1.320111083984375000e+02 1.043880615234375000e+02
1.167707519531250000e+02 1.322476196289062500e+02 1.047185058593750000e+02
1.167211914062500000e+02 1.321043090820312500e+02 1.047648925781250000e+02
1.167553710937500000e+02 1.320240478515625000e+02 1.047245483398437500e+02
1.166236572265625000e+02 1.318004150390625000e+02 1.044881591796875000e+02
1.167075805664062500e+02 1.318154907226562500e+02 1.045298461914062500e+02
1.166584472656250000e+02 1.317340698242187500e+02 1.042402954101562500e+02
1.167794189453125000e+02 1.318029785156250000e+02 1.040511474609375000e+02
1.169545288085937500e+02 1.317638549804687500e+02 1.041448364257812500e+02
1.170854492187500000e+02 1.318775024414062500e+02 1.042184448242187500e+02
1.172660522460937500e+02 1.320534057617187500e+02 1.043388671875000000e+02
1.170668334960937500e+02 1.321340332031250000e+02 1.045681152343750000e+02
1.168295288085937500e+02 1.319612426757812500e+02 1.043508911132812500e+02
1.169136352539062500e+02 1.321168212890625000e+02 1.044762573242187500e+02
1.168464965820312500e+02 1.321217651367187500e+02 1.045525512695312500e+02
1.168223266601562500e+02 1.321697387695312500e+02 1.045329589843750000e+02
1.167495727539062500e+02 1.320499267578125000e+02 1.042012329101562500e+02
1.168559570312500000e+02 1.323241577148437500e+02 1.039787597656250000e+02
1.168887329101562500e+02 1.323668212890625000e+02 1.039531860351562500e+02
1.168603515625000000e+02 1.324384155273437500e+02 1.038401489257812500e+02
1.167211914062500000e+02 1.323193359375000000e+02 1.036415405273437500e+02
1.169395751953125000e+02 1.324686279296875000e+02 1.042866821289062500e+02
1.171284790039062500e+02 1.325149536132812500e+02 1.047539672851562500e+02
1.174556274414062500e+02 1.327256469726562500e+02 1.053224487304687500e+02
1.175782470703125000e+02 1.327521972656250000e+02 1.056890258789062500e+02
1.177008666992187500e+02 1.327451171875000000e+02 1.057645874023437500e+02
1.174159545898437500e+02 1.326250000000000000e+02 1.056441040039062500e+02
1.169716186523437500e+02 1.325120849609375000e+02 1.052286376953125000e+02
1.168190307617187500e+02 1.324992675781250000e+02 1.052049560546875000e+02
1.165513916015625000e+02 1.322539672851562500e+02 1.049691162109375000e+02
1.162111206054687500e+02 1.320534667968750000e+02 1.047286987304687500e+02
1.162993774414062500e+02 1.321350708007812500e+02 1.046315917968750000e+02
1.164508056640625000e+02 1.320126953125000000e+02 1.045630493164062500e+02
1.166130981445312500e+02 1.321431884765625000e+02 1.045410766601562500e+02
1.166852416992187500e+02 1.321339111328125000e+02 1.044714965820312500e+02
1.166933593750000000e+02 1.320587158203125000e+02 1.042675170898437500e+02
1.165432128906250000e+02 1.322610473632812500e+02 1.046492309570312500e+02
1.164965209960937500e+02 1.322086791992187500e+02 1.046824951171875000e+02
1.163079223632812500e+02 1.322100219726562500e+02 1.048029174804687500e+02
1.164025878906250000e+02 1.324150390625000000e+02 1.048703002929687500e+02
1.165455932617187500e+02 1.326459960937500000e+02 1.051954956054687500e+02
1.164478759765625000e+02 1.325326538085937500e+02 1.049927978515625000e+02
1.163471679687500000e+02 1.323361206054687500e+02 1.048392944335937500e+02
1.166411132812500000e+02 1.324339599609375000e+02 1.048756103515625000e+02
1.166008911132812500e+02 1.324011230468750000e+02 1.048389892578125000e+02
1.168275146484375000e+02 1.326398315429687500e+02 1.050799560546875000e+02
1.167601928710937500e+02 1.326808471679687500e+02 1.049631958007812500e+02
1.167501831054687500e+02 1.326538085937500000e+02 1.049736938476562500e+02
1.167391967773437500e+02 1.326819458007812500e+02 1.050199584960937500e+02
1.167999267578125000e+02 1.328004760742187500e+02 1.050433349609375000e+02
1.166578369140625000e+02 1.325810546875000000e+02 1.048580322265625000e+02
1.170381469726562500e+02 1.327530517578125000e+02 1.052692260742187500e+02
1.171347045898437500e+02 1.327059326171875000e+02 1.053576660156250000e+02
1.171973876953125000e+02 1.326584472656250000e+02 1.054139404296875000e+02
1.169562988281250000e+02 1.323941650390625000e+02 1.050482788085937500e+02
1.169869995117187500e+02 1.323826904296875000e+02 1.052615966796875000e+02
1.167844848632812500e+02 1.322078857421875000e+02 1.053171997070312500e+02
1.168328857421875000e+02 1.323815307617187500e+02 1.052512207031250000e+02
1.168863525390625000e+02 1.324038085937500000e+02 1.054798583984375000e+02
1.169092407226562500e+02 1.324993286132812500e+02 1.056701049804687500e+02
1.167418212890625000e+02 1.324400024414062500e+02 1.058947753906250000e+02
1.168159179687500000e+02 1.327183837890625000e+02 1.053530273437500000e+02
1.167071533203125000e+02 1.327380981445312500e+02 1.050740356445312500e+02
1.167866210937500000e+02 1.327858886718750000e+02 1.048637695312500000e+02
1.167084350585937500e+02 1.326712646484375000e+02 1.047330932617187500e+02
1.167963867187500000e+02 1.327862548828125000e+02 1.047124633789062500e+02
1.169155273437500000e+02 1.328380737304687500e+02 1.050842285156250000e+02
1.172749023437500000e+02 1.329344482421875000e+02 1.054481201171875000e+02
1.173169555664062500e+02 1.329646606445312500e+02 1.055377807617187500e+02
1.175320434570312500e+02 1.331113281250000000e+02 1.058360595703125000e+02
1.173355102539062500e+02 1.328098754882812500e+02 1.057492065429687500e+02
1.174345703125000000e+02 1.329721069335937500e+02 1.056168823242187500e+02
1.174263916015625000e+02 1.328256225585937500e+02 1.054783325195312500e+02
1.176260986328125000e+02 1.329796142578125000e+02 1.056604003906250000e+02
1.176082763671875000e+02 1.328184814453125000e+02 1.055435180664062500e+02
1.174182739257812500e+02 1.326200561523437500e+02 1.051814575195312500e+02
1.170774536132812500e+02 1.322559204101562500e+02 1.050697631835937500e+02
1.168720092773437500e+02 1.323297729492187500e+02 1.050633544921875000e+02
1.169157714843750000e+02 1.323829956054687500e+02 1.051062011718750000e+02
1.171486816406250000e+02 1.327045288085937500e+02 1.053457641601562500e+02
1.171453857421875000e+02 1.326456298828125000e+02 1.053092041015625000e+02
1.174234619140625000e+02 1.328686523437500000e+02 1.054879150390625000e+02
1.171745605468750000e+02 1.326755371093750000e+02 1.051685791015625000e+02
1.173024902343750000e+02 1.327796630859375000e+02 1.051520385742187500e+02
1.171204833984375000e+02 1.326845703125000000e+02 1.049040527343750000e+02
1.170817871093750000e+02 1.326530761718750000e+02 1.047443237304687500e+02
1.169567871093750000e+02 1.324846191406250000e+02 1.049187011718750000e+02
1.170512084960937500e+02 1.325756835937500000e+02 1.051054687500000000e+02
1.168165893554687500e+02 1.323412475585937500e+02 1.048677978515625000e+02
1.168615112304687500e+02 1.324080200195312500e+02 1.049757080078125000e+02
1.167368164062500000e+02 1.322113037109375000e+02 1.048761596679687500e+02
1.168621215820312500e+02 1.323275146484375000e+02 1.052407836914062500e+02
1.169061279296875000e+02 1.323400878906250000e+02 1.054085083007812500e+02
1.168920898437500000e+02 1.323783569335937500e+02 1.055280151367187500e+02
1.167917480468750000e+02 1.323535156250000000e+02 1.054821777343750000e+02
1.169812622070312500e+02 1.325534667968750000e+02 1.056438598632812500e+02
1.169783935546875000e+02 1.326256103515625000e+02 1.054152832031250000e+02
1.172545776367187500e+02 1.329402465820312500e+02 1.054673461914062500e+02
1.173995971679687500e+02 1.329977416992187500e+02 1.053862915039062500e+02
1.174908447265625000e+02 1.332620849609375000e+02 1.052721557617187500e+02
1.174085083007812500e+02 1.331311035156250000e+02 1.052436523437500000e+02
1.173659667968750000e+02 1.331541748046875000e+02 1.053676757812500000e+02
1.172054443359375000e+02 1.329522094726562500e+02 1.052531127929687500e+02
1.174958496093750000e+02 1.331417236328125000e+02 1.056418457031250000e+02
1.173314208984375000e+02 1.330422973632812500e+02 1.055336914062500000e+02
1.174539184570312500e+02 1.331602783203125000e+02 1.055344848632812500e+02
1.174646606445312500e+02 1.329440307617187500e+02 1.052719726562500000e+02
1.176857910156250000e+02 1.329315185546875000e+02 1.052720947265625000e+02
1.178158569335937500e+02 1.329285278320312500e+02 1.052267456054687500e+02
1.179985351562500000e+02 1.329649658203125000e+02 1.051693725585937500e+02
1.180913696289062500e+02 1.329058227539062500e+02 1.054274902343750000e+02
1.179232788085937500e+02 1.329359741210937500e+02 1.057236938476562500e+02
1.175900878906250000e+02 1.326724243164062500e+02 1.055189208984375000e+02
1.175686035156250000e+02 1.326925659179687500e+02 1.055109252929687500e+02
1.172006835937500000e+02 1.324443969726562500e+02 1.053129272460937500e+02
1.170158081054687500e+02 1.322821655273437500e+02 1.051931762695312500e+02
1.168975219726562500e+02 1.320507202148437500e+02 1.052820434570312500e+02
1.174335327148437500e+02 1.324188842773437500e+02 1.057944335937500000e+02
1.178112792968750000e+02 1.325377197265625000e+02 1.063159790039062500e+02
1.183122558593750000e+02 1.329336547851562500e+02 1.068256225585937500e+02
1.183295288085937500e+02 1.329421386718750000e+02 1.068497924804687500e+02
1.184835815429687500e+02 1.329273071289062500e+02 1.064884033203125000e+02
1.185003662109375000e+02 1.327319335937500000e+02 1.063154907226562500e+02
1.187797851562500000e+02 1.329517822265625000e+02 1.064668579101562500e+02
1.186718139648437500e+02 1.328884277343750000e+02 1.063495483398437500e+02
1.187686767578125000e+02 1.329760131835937500e+02 1.063016967773437500e+02
1.184701538085937500e+02 1.327158813476562500e+02 1.060283813476562500e+02
1.185237426757812500e+02 1.328494262695312500e+02 1.059862670898437500e+02
1.183963623046875000e+02 1.327745971679687500e+02 1.058298950195312500e+02
1.184364013671875000e+02 1.328784790039062500e+02 1.057752075195312500e+02
1.181603393554687500e+02 1.327009887695312500e+02 1.056690063476562500e+02
1.182730712890625000e+02 1.328969726562500000e+02 1.058367309570312500e+02
1.182216796875000000e+02 1.329533691406250000e+02 1.059703979492187500e+02
1.184464721679687500e+02 1.331234130859375000e+02 1.062332153320312500e+02
1.185088500976562500e+02 1.331679077148437500e+02 1.063533935546875000e+02
1.185651245117187500e+02 1.332056884765625000e+02 1.063171997070312500e+02
1.183952636718750000e+02 1.330182495117187500e+02 1.057413940429687500e+02
1.186380615234375000e+02 1.330455932617187500e+02 1.053807983398437500e+02
1.185744628906250000e+02 1.330941772460937500e+02 1.049976806640625000e+02
1.186928100585937500e+02 1.331414184570312500e+02 1.047680053710937500e+02
1.185258789062500000e+02 1.329376831054687500e+02 1.042349243164062500e+02
1.184934692382812500e+02 1.329758300781250000e+02 1.045256347656250000e+02
1.182747802734375000e+02 1.327005615234375000e+02 1.043507080078125000e+02
1.182760009765625000e+02 1.327955932617187500e+02 1.044710083007812500e+02
1.181411743164062500e+02 1.325841064453125000e+02 1.044872436523437500e+02
1.182824096679687500e+02 1.327763671875000000e+02 1.046716918945312500e+02
1.182179565429687500e+02 1.327671508789062500e+02 1.051687011718750000e+02
1.183937988281250000e+02 1.329591064453125000e+02 1.054678955078125000e+02
1.181882934570312500e+02 1.329057006835937500e+02 1.053228759765625000e+02
1.179636840820312500e+02 1.327293090820312500e+02 1.053025512695312500e+02
1.178979492187500000e+02 1.326095581054687500e+02 1.052932739257812500e+02
1.180578613281250000e+02 1.327977905273437500e+02 1.055335693359375000e+02
1.182321777343750000e+02 1.327916259765625000e+02 1.060739746093750000e+02
1.185784912109375000e+02 1.330629272460937500e+02 1.063379516601562500e+02
1.185201416015625000e+02 1.330606079101562500e+02 1.062542724609375000e+02
1.185330810546875000e+02 1.330986938476562500e+02 1.062725219726562500e+02
1.182719726562500000e+02 1.330596923828125000e+02 1.061493530273437500e+02
1.183023681640625000e+02 1.331217041015625000e+02 1.060490112304687500e+02
1.180510864257812500e+02 1.329068603515625000e+02 1.058815307617187500e+02
1.183412475585937500e+02 1.332363281250000000e+02 1.061436157226562500e+02
1.181640625000000000e+02 1.330267333984375000e+02 1.059888916015625000e+02
1.181769409179687500e+02 1.330809936523437500e+02 1.061766967773437500e+02
1.180497436523437500e+02 1.328335571289062500e+02 1.062083740234375000e+02
1.181765136718750000e+02 1.330626831054687500e+02 1.064987182617187500e+02
1.182385864257812500e+02 1.331210327148437500e+02 1.067584228515625000e+02
1.182748413085937500e+02 1.332152099609375000e+02 1.067545776367187500e+02
1.182573852539062500e+02 1.332070922851562500e+02 1.065640869140625000e+02
1.182178955078125000e+02 1.332309570312500000e+02 1.059742431640625000e+02
1.183178100585937500e+02 1.332324829101562500e+02 1.059608764648437500e+02
1.184259643554687500e+02 1.332994995117187500e+02 1.057874145507812500e+02
1.185838012695312500e+02 1.334036254882812500e+02 1.058057250976562500e+02
1.184310913085937500e+02 1.334143676757812500e+02 1.062463378906250000e+02
1.181018066406250000e+02 1.332568969726562500e+02 1.061554565429687500e+02
1.181773071289062500e+02 1.333854370117187500e+02 1.065209960937500000e+02
1.179151611328125000e+02 1.332257080078125000e+02 1.065620727539062500e+02
1.182938232421875000e+02 1.336132202148437500e+02 1.069020385742187500e+02
1.183352050781250000e+02 1.335962524414062500e+02 1.064202880859375000e+02
1.186825561523437500e+02 1.336604003906250000e+02 1.065202636718750000e+02
1.184663696289062500e+02 1.333678588867187500e+02 1.062757568359375000e+02
1.186456909179687500e+02 1.336093750000000000e+02 1.062684936523437500e+02
1.186853027343750000e+02 1.334201660156250000e+02 1.059282226562500000e+02
1.187750244140625000e+02 1.334738769531250000e+02 1.062255249023437500e+02
1.185177612304687500e+02 1.332454833984375000e+02 1.060931396484375000e+02
1.184977416992187500e+02 1.334477539062500000e+02 1.062880249023437500e+02
1.183791503906250000e+02 1.334378662109375000e+02 1.063453979492187500e+02
1.183728637695312500e+02 1.333933715820312500e+02 1.064006958007812500e+02
1.179272460937500000e+02 1.331682128906250000e+02 1.060294799804687500e+02
1.177515869140625000e+02 1.333513793945312500e+02 1.060977783203125000e+02
1.173494873046875000e+02 1.331629638671875000e+02 1.057342529296875000e+02
1.172949829101562500e+02 1.331520385742187500e+02 1.057479248046875000e+02
1.172363891601562500e+02 1.332531127929687500e+02 1.056657104492187500e+02
1.180537109375000000e+02 1.333989257812500000e+02 1.060805664062500000e+02
1.182525024414062500e+02 1.331851196289062500e+02 1.060260009765625000e+02
1.185924072265625000e+02 1.332818603515625000e+02 1.061748657226562500e+02
1.185378417968750000e+02 1.331354370117187500e+02 1.061829223632812500e+02
1.186630859375000000e+02 1.332119140625000000e+02 1.061452636718750000e+02
1.182547607421875000e+02 1.332655639648437500e+02 1.061055908203125000e+02
1.181837158203125000e+02 1.334340820312500000e+02 1.063571166992187500e+02
1.176766967773437500e+02 1.331076049804687500e+02 1.059918212890625000e+02
1.174890747070312500e+02 1.330446777343750000e+02 1.057601318359375000e+02
1.173678588867187500e+02 1.329199829101562500e+02 1.056263427734375000e+02
1.178549804687500000e+02 1.331340332031250000e+02 1.058983764648437500e+02
1.180980834960937500e+02 1.330512695312500000e+02 1.058535156250000000e+02
1.183773193359375000e+02 1.331578979492187500e+02 1.060840454101562500e+02
1.182282714843750000e+02 1.328245849609375000e+02 1.058498535156250000e+02
1.183618164062500000e+02 1.329577026367187500e+02 1.059841918945312500e+02
1.178955688476562500e+02 1.328543090820312500e+02 1.058528442382812500e+02
1.177945556640625000e+02 1.330302734375000000e+02 1.059080810546875000e+02
1.175725708007812500e+02 1.331575927734375000e+02 1.058493652343750000e+02
1.174265136718750000e+02 1.334660644531250000e+02 1.059573364257812500e+02
1.172883911132812500e+02 1.332593383789062500e+02 1.059344482421875000e+02
1.176925048828125000e+02 1.333730468750000000e+02 1.059799194335937500e+02
1.178170166015625000e+02 1.333318481445312500e+02 1.061054687500000000e+02
1.180988769531250000e+02 1.334204711914062500e+02 1.061242675781250000e+02
1.179525756835937500e+02 1.331572875976562500e+02 1.058504638671875000e+02
1.182038574218750000e+02 1.332783203125000000e+02 1.059863891601562500e+02
1.185407104492187500e+02 1.332185668945312500e+02 1.059738769531250000e+02
1.188869628906250000e+02 1.331780395507812500e+02 1.060324096679687500e+02
1.190417480468750000e+02 1.326721191406250000e+02 1.059686279296875000e+02
1.192584838867187500e+02 1.328192138671875000e+02 1.060866699218750000e+02
1.191459960937500000e+02 1.327276611328125000e+02 1.059121704101562500e+02
1.191534423828125000e+02 1.331026611328125000e+02 1.062936401367187500e+02
1.187877197265625000e+02 1.330376586914062500e+02 1.062843627929687500e+02
1.183389892578125000e+02 1.328242797851562500e+02 1.067326049804687500e+02
1.180707397460937500e+02 1.326129150390625000e+02 1.064766235351562500e+02
1.179897460937500000e+02 1.324631347656250000e+02 1.066635742187500000e+02
1.183618164062500000e+02 1.326038818359375000e+02 1.060141601562500000e+02
1.187329101562500000e+02 1.328154907226562500e+02 1.059221801757812500e+02
1.190679321289062500e+02 1.329119262695312500e+02 1.061251831054687500e+02
1.193362426757812500e+02 1.330520629882812500e+02 1.062315673828125000e+02
1.190488281250000000e+02 1.327209472656250000e+02 1.057689819335937500e+02
1.192045288085937500e+02 1.328984375000000000e+02 1.059949340820312500e+02
1.190710449218750000e+02 1.328029174804687500e+02 1.059069824218750000e+02
1.192859497070312500e+02 1.330852661132812500e+02 1.061353149414062500e+02
1.191367187500000000e+02 1.329237670898437500e+02 1.060416870117187500e+02
1.191169433593750000e+02 1.329759521484375000e+02 1.061856689453125000e+02
1.187716064453125000e+02 1.327888793945312500e+02 1.061433715820312500e+02
1.184434204101562500e+02 1.328459472656250000e+02 1.061739501953125000e+02
1.182571411132812500e+02 1.327858886718750000e+02 1.063108520507812500e+02
1.181051635742187500e+02 1.327614746093750000e+02 1.062501831054687500e+02
1.179121704101562500e+02 1.326517333984375000e+02 1.061935424804687500e+02
1.184754028320312500e+02 1.327507324218750000e+02 1.069205932617187500e+02
1.186114501953125000e+02 1.326245727539062500e+02 1.071741943359375000e+02
1.189730834960937500e+02 1.326671142578125000e+02 1.076126708984375000e+02
1.192531127929687500e+02 1.326967163085937500e+02 1.076907958984375000e+02
1.192381591796875000e+02 1.327042846679687500e+02 1.077918090820312500e+02
1.189168090820312500e+02 1.327019653320312500e+02 1.070950927734375000e+02
1.188720703125000000e+02 1.329643554687500000e+02 1.068890380859375000e+02
1.187791137695312500e+02 1.331206665039062500e+02 1.067454833984375000e+02
1.187729492187500000e+02 1.331094360351562500e+02 1.066281127929687500e+02
1.187288208007812500e+02 1.329642333984375000e+02 1.064136962890625000e+02
1.185316162109375000e+02 1.330673217773437500e+02 1.060303344726562500e+02
1.184302978515625000e+02 1.330897827148437500e+02 1.059779052734375000e+02
1.184180908203125000e+02 1.330837402343750000e+02 1.060148925781250000e+02
1.182410278320312500e+02 1.329140625000000000e+02 1.058468627929687500e+02
1.181460571289062500e+02 1.329268798828125000e+02 1.058715209960937500e+02
1.181051635742187500e+02 1.328132324218750000e+02 1.057085571289062500e+02
1.182406005859375000e+02 1.328095703125000000e+02 1.056702270507812500e+02
1.183272094726562500e+02 1.328064575195312500e+02 1.057274780273437500e+02
1.184106445312500000e+02 1.328861083984375000e+02 1.057799682617187500e+02
1.183228759765625000e+02 1.327752685546875000e+02 1.056669921875000000e+02
1.177975463867187500e+02 1.324616088867187500e+02 1.050286254882812500e+02
1.173837280273437500e+02 1.322357177734375000e+02 1.045595703125000000e+02
1.173897705078125000e+02 1.324349975585937500e+02 1.043067626953125000e+02
1.175072021484375000e+02 1.326007690429687500e+02 1.042017211914062500e+02
1.176480712890625000e+02 1.328071289062500000e+02 1.042076416015625000e+02
1.177124023437500000e+02 1.328770141601562500e+02 1.048795166015625000e+02
1.178399047851562500e+02 1.328309326171875000e+02 1.051013793945312500e+02
1.178856811523437500e+02 1.328327636718750000e+02 1.052438354492187500e+02
1.179648437500000000e+02 1.328558349609375000e+02 1.052934570312500000e+02
1.179921875000000000e+02 1.328743896484375000e+02 1.054167480468750000e+02
1.181439208984375000e+02 1.328590087890625000e+02 1.053041381835937500e+02
1.183895874023437500e+02 1.327044677734375000e+02 1.053049316406250000e+02
1.184609985351562500e+02 1.326387939453125000e+02 1.051734619140625000e+02
1.183823852539062500e+02 1.324786987304687500e+02 1.047567138671875000e+02
1.183953247070312500e+02 1.324846191406250000e+02 1.048774414062500000e+02
1.182036132812500000e+02 1.323060913085937500e+02 1.047048339843750000e+02
1.181595458984375000e+02 1.322761230468750000e+02 1.049134521484375000e+02
1.180447998046875000e+02 1.323191528320312500e+02 1.052175903320312500e+02
1.182002563476562500e+02 1.326249389648437500e+02 1.054404907226562500e+02
1.181399536132812500e+02 1.325365600585937500e+02 1.054454345703125000e+02
1.181567993164062500e+02 1.326577758789062500e+02 1.047455444335937500e+02
1.180379028320312500e+02 1.325886840820312500e+02 1.044875488281250000e+02
1.182486572265625000e+02 1.327301635742187500e+02 1.042858886718750000e+02
1.183179931640625000e+02 1.327891845703125000e+02 1.043185424804687500e+02
1.182207031250000000e+02 1.327902832031250000e+02 1.042468261718750000e+02
1.183456420898437500e+02 1.328870239257812500e+02 1.048095092773437500e+02
1.182484741210937500e+02 1.327852783203125000e+02 1.048589477539062500e+02
1.183140869140625000e+02 1.328461303710937500e+02 1.053485107421875000e+02
1.182876586914062500e+02 1.328634643554687500e+02 1.054605102539062500e+02
1.184449462890625000e+02 1.328905029296875000e+02 1.057014160156250000e+02
1.181918945312500000e+02 1.328602294921875000e+02 1.054246826171875000e+02
1.180067749023437500e+02 1.327943115234375000e+02 1.052809448242187500e+02
1.179213256835937500e+02 1.328437500000000000e+02 1.053249511718750000e+02
1.178455200195312500e+02 1.328427124023437500e+02 1.051203002929687500e+02
1.178598632812500000e+02 1.329738769531250000e+02 1.052380371093750000e+02
1.177673339843750000e+02 1.328123168945312500e+02 1.051699829101562500e+02
1.178347778320312500e+02 1.328302612304687500e+02 1.054675903320312500e+02
1.176925048828125000e+02 1.327405395507812500e+02 1.054355468750000000e+02
1.176334838867187500e+02 1.327384643554687500e+02 1.054932861328125000e+02
1.176867065429687500e+02 1.326584472656250000e+02 1.054576416015625000e+02
1.177073364257812500e+02 1.326815185546875000e+02 1.056276855468750000e+02
1.179460449218750000e+02 1.328588867187500000e+02 1.058460083007812500e+02
1.181589965820312500e+02 1.329082031250000000e+02 1.060632324218750000e+02
1.181203002929687500e+02 1.328463745117187500e+02 1.062063598632812500e+02
1.180452880859375000e+02 1.326868286132812500e+02 1.061083374023437500e+02
1.179464721679687500e+02 1.327410888671875000e+02 1.060343017578125000e+02
1.176726684570312500e+02 1.325285644531250000e+02 1.057829589843750000e+02
1.177092285156250000e+02 1.326740722656250000e+02 1.057158203125000000e+02
1.176469116210937500e+02 1.327405395507812500e+02 1.056038208007812500e+02
1.174381713867187500e+02 1.327832031250000000e+02 1.056007080078125000e+02
1.171807861328125000e+02 1.326451416015625000e+02 1.051171264648437500e+02
1.170106201171875000e+02 1.324465942382812500e+02 1.047225952148437500e+02
1.169155273437500000e+02 1.324722290039062500e+02 1.044516601562500000e+02
1.167538452148437500e+02 1.323805541992187500e+02 1.040084838867187500e+02
1.168877563476562500e+02 1.324095458984375000e+02 1.040797729492187500e+02
1.169573364257812500e+02 1.325183715820312500e+02 1.041926879882812500e+02
1.171217041015625000e+02 1.326960449218750000e+02 1.046951904296875000e+02
1.171548461914062500e+02 1.326057128906250000e+02 1.047344360351562500e+02
1.171251220703125000e+02 1.326178588867187500e+02 1.048009033203125000e+02
1.171721191406250000e+02 1.325900878906250000e+02 1.047514038085937500e+02
1.169222412109375000e+02 1.324646606445312500e+02 1.043665161132812500e+02
1.169119262695312500e+02 1.325010986328125000e+02 1.041939697265625000e+02
1.169287109375000000e+02 1.326042480468750000e+02 1.039810180664062500e+02
1.170585327148437500e+02 1.325809326171875000e+02 1.036903076171875000e+02
1.170578002929687500e+02 1.326245117187500000e+02 1.036715087890625000e+02
1.171184082031250000e+02 1.326173095703125000e+02 1.038403320312500000e+02
1.180314331054687500e+02 1.334500732421875000e+02 1.049053344726562500e+02
1.187997436523437500e+02 1.344146728515625000e+02 1.057384033203125000e+02
1.187006835937500000e+02 1.343439941406250000e+02 1.056965942382812500e+02
1.187560424804687500e+02 1.343883056640625000e+02 1.056127319335937500e+02
1.188192138671875000e+02 1.343626708984375000e+02 1.057744750976562500e+02
1.191182250976562500e+02 1.344107055664062500e+02 1.057509765625000000e+02
1.189268798828125000e+02 1.342824096679687500e+02 1.057012939453125000e+02
1.187714233398437500e+02 1.340922241210937500e+02 1.053552246093750000e+02
1.188234252929687500e+02 1.341552734375000000e+02 1.053254394531250000e+02
1.189077148437500000e+02 1.342634887695312500e+02 1.059989013671875000e+02
1.187300415039062500e+02 1.342700195312500000e+02 1.060196533203125000e+02
1.188857421875000000e+02 1.343172607421875000e+02 1.066500244140625000e+02
1.190497436523437500e+02 1.345332641601562500e+02 1.067838134765625000e+02
1.189785766601562500e+02 1.345711059570312500e+02 1.066111450195312500e+02
1.189556274414062500e+02 1.344360351562500000e+02 1.064144287109375000e+02
1.189324951171875000e+02 1.343981933593750000e+02 1.062661132812500000e+02
1.187738037109375000e+02 1.342622070312500000e+02 1.060602416992187500e+02
1.187760620117187500e+02 1.342301025390625000e+02 1.061487426757812500e+02
1.188995971679687500e+02 1.343702392578125000e+02 1.061963500976562500e+02
1.190493774414062500e+02 1.343960571289062500e+02 1.061329956054687500e+02
1.190927734375000000e+02 1.341932373046875000e+02 1.059765625000000000e+02
1.192592773437500000e+02 1.340397949218750000e+02 1.056135253906250000e+02
1.194535522460937500e+02 1.340560913085937500e+02 1.053808593750000000e+02
1.195869140625000000e+02 1.340225830078125000e+02 1.051710205078125000e+02
1.195242919921875000e+02 1.340470581054687500e+02 1.055686645507812500e+02
1.193425292968750000e+02 1.340776977539062500e+02 1.059469604492187500e+02
1.193848266601562500e+02 1.342105102539062500e+02 1.061953735351562500e+02
1.193623046875000000e+02 1.341820678710937500e+02 1.061153564453125000e+02
1.191743774414062500e+02 1.340880126953125000e+02 1.061038818359375000e+02
1.193133544921875000e+02 1.342041015625000000e+02 1.061090698242187500e+02
1.193121337890625000e+02 1.343189086914062500e+02 1.061324462890625000e+02
1.194142456054687500e+02 1.343953857421875000e+02 1.060407104492187500e+02
1.194692382812500000e+02 1.344689331054687500e+02 1.058002319335937500e+02
1.194671020507812500e+02 1.344503784179687500e+02 1.058532714843750000e+02
1.192447509765625000e+02 1.342814331054687500e+02 1.060088500976562500e+02
1.191284179687500000e+02 1.342992553710937500e+02 1.063345336914062500e+02
1.189335937500000000e+02 1.343237915039062500e+02 1.066127929687500000e+02
1.187576293945312500e+02 1.344044189453125000e+02 1.064522094726562500e+02
1.187342529296875000e+02 1.344907836914062500e+02 1.065764160156250000e+02
1.186096801757812500e+02 1.343398437500000000e+02 1.064535522460937500e+02
1.185232543945312500e+02 1.341663818359375000e+02 1.062034912109375000e+02
1.186570434570312500e+02 1.342526245117187500e+02 1.061468505859375000e+02
1.184327392578125000e+02 1.340297851562500000e+02 1.059481811523437500e+02
1.182875366210937500e+02 1.338917236328125000e+02 1.058569335937500000e+02
1.182518920898437500e+02 1.336846313476562500e+02 1.051621093750000000e+02
1.185938110351562500e+02 1.337261962890625000e+02 1.053111572265625000e+02
1.187747192382812500e+02 1.336517944335937500e+02 1.051544799804687500e+02
1.187929077148437500e+02 1.335953979492187500e+02 1.048855590820312500e+02
1.191293945312500000e+02 1.337913208007812500e+02 1.049227905273437500e+02
1.193771972656250000e+02 1.337062988281250000e+02 1.052127685546875000e+02
1.192758789062500000e+02 1.335079956054687500e+02 1.054446411132812500e+02
1.194492187500000000e+02 1.334794921875000000e+02 1.056939086914062500e+02
1.195435791015625000e+02 1.334753417968750000e+02 1.058540649414062500e+02
1.196173706054687500e+02 1.334470825195312500e+02 1.057958984375000000e+02
1.192153320312500000e+02 1.333436889648437500e+02 1.049003906250000000e+02
1.189937133789062500e+02 1.332919311523437500e+02 1.044684448242187500e+02
1.187741699218750000e+02 1.332985229492187500e+02 1.041469116210937500e+02
1.188269042968750000e+02 1.333007202148437500e+02 1.040086059570312500e+02
1.187161865234375000e+02 1.332280883789062500e+02 1.040369873046875000e+02
1.184852294921875000e+02 1.333764648437500000e+02 1.043526000976562500e+02
1.181630859375000000e+02 1.333112792968750000e+02 1.043669433593750000e+02
1.181561279296875000e+02 1.334682006835937500e+02 1.051249389648437500e+02
1.179487915039062500e+02 1.334172363281250000e+02 1.052125854492187500e+02
1.181129760742187500e+02 1.336484375000000000e+02 1.056240844726562500e+02
1.179111328125000000e+02 1.334863891601562500e+02 1.050987548828125000e+02
1.181090087890625000e+02 1.335075683593750000e+02 1.048779296875000000e+02
1.179529418945312500e+02 1.334688110351562500e+02 1.047093505859375000e+02
1.178563842773437500e+02 1.333160400390625000e+02 1.045313110351562500e+02
1.178902587890625000e+02 1.331580200195312500e+02 1.044478149414062500e+02
1.177703247070312500e+02 1.331699218750000000e+02 1.044940795898437500e+02
1.174394531250000000e+02 1.333130493164062500e+02 1.045828857421875000e+02
1.174020996093750000e+02 1.335087280273437500e+02 1.049608764648437500e+02
1.175236816406250000e+02 1.337429199218750000e+02 1.051411132812500000e+02
1.174916381835937500e+02 1.337217407226562500e+02 1.050486450195312500e+02
1.175542602539062500e+02 1.334522705078125000e+02 1.050256347656250000e+02
1.177689819335937500e+02 1.333561401367187500e+02 1.049985351562500000e+02
1.177825927734375000e+02 1.333641967773437500e+02 1.051548461914062500e+02
1.179479980468750000e+02 1.335119018554687500e+02 1.052222290039062500e+02
1.180048828125000000e+02 1.334597778320312500e+02 1.053414916992187500e+02
1.179830322265625000e+02 1.334319458007812500e+02 1.053163452148437500e+02
1.179190673828125000e+02 1.333654174804687500e+02 1.052594604492187500e+02
1.177359008789062500e+02 1.331590576171875000e+02 1.051203613281250000e+02
1.176361694335937500e+02 1.329257812500000000e+02 1.049268188476562500e+02
1.176971435546875000e+02 1.330408325195312500e+02 1.050855712890625000e+02
1.177485351562500000e+02 1.330939331054687500e+02 1.049870605468750000e+02
1.177789916992187500e+02 1.331674804687500000e+02 1.049861450195312500e+02
1.175925903320312500e+02 1.330955810546875000e+02 1.045888061523437500e+02
1.177928466796875000e+02 1.333162841796875000e+02 1.045407104492187500e+02
1.178126220703125000e+02 1.334194946289062500e+02 1.046854858398437500e+02
1.179234619140625000e+02 1.336374511718750000e+02 1.054772338867187500e+02
1.180058593750000000e+02 1.336018066406250000e+02 1.056245727539062500e+02
1.179968261718750000e+02 1.336793823242187500e+02 1.056721191406250000e+02
1.178424072265625000e+02 1.335715332031250000e+02 1.056872558593750000e+02
1.178243408203125000e+02 1.336433105468750000e+02 1.058787841796875000e+02
1.180385742187500000e+02 1.335349731445312500e+02 1.052888183593750000e+02
1.184024658203125000e+02 1.335053710937500000e+02 1.048331909179687500e+02
1.184650878906250000e+02 1.334298095703125000e+02 1.044911499023437500e+02
1.186765747070312500e+02 1.336238403320312500e+02 1.047084350585937500e+02
1.185098876953125000e+02 1.334387817382812500e+02 1.043770141601562500e+02
1.185960083007812500e+02 1.334710693359375000e+02 1.053511962890625000e+02
1.184673461914062500e+02 1.334921264648437500e+02 1.058479003906250000e+02
1.185300292968750000e+02 1.336808471679687500e+02 1.061320800781250000e+02
1.185576782226562500e+02 1.337214965820312500e+02 1.063353271484375000e+02
1.185838623046875000e+02 1.338759155273437500e+02 1.064379272460937500e+02
1.181514282226562500e+02 1.337630004882812500e+02 1.062544555664062500e+02
1.180462036132812500e+02 1.340222778320312500e+02 1.062601318359375000e+02
1.179801025390625000e+02 1.341247558593750000e+02 1.062081909179687500e+02
1.178763427734375000e+02 1.343511352539062500e+02 1.062067871093750000e+02
1.178212280273437500e+02 1.342826538085937500e+02 1.062280883789062500e+02
1.178647460937500000e+02 1.343355712890625000e+02 1.064096069335937500e+02
1.177286987304687500e+02 1.343056030273437500e+02 1.064271240234375000e+02
1.178779296875000000e+02 1.343716430664062500e+02 1.065313720703125000e+02
1.177622070312500000e+02 1.342052001953125000e+02 1.064045410156250000e+02
1.177413330078125000e+02 1.341757202148437500e+02 1.063477172851562500e+02
1.178605346679687500e+02 1.340197753906250000e+02 1.061171875000000000e+02
1.183959350585937500e+02 1.341284179687500000e+02 1.059791259765625000e+02
1.184036865234375000e+02 1.338359375000000000e+02 1.057651977539062500e+02
1.183029174804687500e+02 1.336467285156250000e+02 1.055293579101562500e+02
1.182620849609375000e+02 1.335576782226562500e+02 1.053547363281250000e+02
1.184990844726562500e+02 1.334718627929687500e+02 1.054124145507812500e+02
1.187100830078125000e+02 1.334428710937500000e+02 1.055948486328125000e+02
1.189868774414062500e+02 1.335967407226562500e+02 1.058774414062500000e+02
1.190990600585937500e+02 1.334711914062500000e+02 1.060031738281250000e+02
1.192850341796875000e+02 1.336022338867187500e+02 1.059992065429687500e+02
1.190379028320312500e+02 1.334375000000000000e+02 1.050407104492187500e+02
1.190880737304687500e+02 1.335075073242187500e+02 1.046471557617187500e+02
1.188546752929687500e+02 1.334204711914062500e+02 1.042232666015625000e+02
1.188625488281250000e+02 1.334755249023437500e+02 1.041727294921875000e+02
1.188204345703125000e+02 1.333748779296875000e+02 1.040075683593750000e+02
1.187252807617187500e+02 1.336101074218750000e+02 1.041312255859375000e+02
1.183719482421875000e+02 1.334765014648437500e+02 1.041482543945312500e+02
1.180875244140625000e+02 1.336246337890625000e+02 1.046680908203125000e+02
1.180563354492187500e+02 1.335324096679687500e+02 1.044879150390625000e+02
1.181024780273437500e+02 1.336845092773437500e+02 1.046504516601562500e+02
1.182668457031250000e+02 1.335488891601562500e+02 1.043911743164062500e+02
1.184019165039062500e+02 1.336923828125000000e+02 1.047183227539062500e+02
1.184064331054687500e+02 1.336068725585937500e+02 1.045233154296875000e+02
1.184548339843750000e+02 1.336661376953125000e+02 1.045535278320312500e+02
1.184210205078125000e+02 1.335244140625000000e+02 1.045361328125000000e+02
1.186483764648437500e+02 1.338239135742187500e+02 1.049801025390625000e+02
1.186226196289062500e+02 1.338226928710937500e+02 1.048996582031250000e+02
1.186655883789062500e+02 1.337783813476562500e+02 1.048756103515625000e+02
1.185041503906250000e+02 1.335641479492187500e+02 1.046185913085937500e+02
1.184943847656250000e+02 1.336237792968750000e+02 1.047102050781250000e+02
1.182912597656250000e+02 1.334780273437500000e+02 1.049935302734375000e+02
1.181603393554687500e+02 1.335817871093750000e+02 1.056743774414062500e+02
1.178964843750000000e+02 1.333855590820312500e+02 1.056331787109375000e+02
1.177850341796875000e+02 1.334981079101562500e+02 1.056906738281250000e+02
1.175867919921875000e+02 1.332522583007812500e+02 1.055694580078125000e+02
1.175945434570312500e+02 1.332756347656250000e+02 1.051171875000000000e+02
1.175173950195312500e+02 1.331997070312500000e+02 1.044837036132812500e+02
1.175971069335937500e+02 1.331713867187500000e+02 1.042603149414062500e+02
1.172633056640625000e+02 1.328640747070312500e+02 1.037122802734375000e+02
1.174481811523437500e+02 1.329907836914062500e+02 1.038615112304687500e+02
1.173768920898437500e+02 1.328795166015625000e+02 1.040977172851562500e+02
1.176048583984375000e+02 1.331334838867187500e+02 1.050184936523437500e+02
1.176506347656250000e+02 1.331794433593750000e+02 1.054195556640625000e+02
1.177709960937500000e+02 1.333114013671875000e+02 1.056334228515625000e+02
1.177227783203125000e+02 1.333043212890625000e+02 1.056989135742187500e+02
1.177183227539062500e+02 1.330410766601562500e+02 1.047680664062500000e+02
1.175977783203125000e+02 1.326525878906250000e+02 1.037162475585937500e+02
1.176842041015625000e+02 1.326599731445312500e+02 1.034465332031250000e+02
1.178038330078125000e+02 1.325563964843750000e+02 1.034129028320312500e+02
1.180617675781250000e+02 1.325013427734375000e+02 1.034559936523437500e+02
1.179387207031250000e+02 1.325122070312500000e+02 1.035548095703125000e+02
1.178519897460937500e+02 1.323737792968750000e+02 1.036375122070312500e+02
1.174988403320312500e+02 1.322577514648437500e+02 1.038025512695312500e+02
1.178246459960937500e+02 1.325728759765625000e+02 1.042600708007812500e+02
1.180973510742187500e+02 1.327648925781250000e+02 1.046192016601562500e+02
1.182111206054687500e+02 1.329304199218750000e+02 1.044613037109375000e+02
1.180676879882812500e+02 1.328886108398437500e+02 1.042050781250000000e+02
1.180232543945312500e+02 1.330274658203125000e+02 1.039072265625000000e+02
1.179623413085937500e+02 1.329088134765625000e+02 1.039090576171875000e+02
1.180850219726562500e+02 1.331497192382812500e+02 1.042077636718750000e+02
1.180100708007812500e+02 1.330870361328125000e+02 1.045773925781250000e+02
1.179728393554687500e+02 1.331902465820312500e+02 1.049674072265625000e+02
1.177064208984375000e+02 1.331051025390625000e+02 1.050367431640625000e+02
1.179131469726562500e+02 1.334829101562500000e+02 1.053259277343750000e+02
1.179881591796875000e+02 1.336198120117187500e+02 1.054157104492187500e+02
1.183142089843750000e+02 1.337811889648437500e+02 1.055372924804687500e+02
1.182954101562500000e+02 1.333297119140625000e+02 1.049355468750000000e+02
1.184524536132812500e+02 1.334219360351562500e+02 1.044855957031250000e+02
1.182683715820312500e+02 1.332296752929687500e+02 1.043285522460937500e+02
1.184357910156250000e+02 1.332999267578125000e+02 1.042942504882812500e+02
1.182427368164062500e+02 1.330466918945312500e+02 1.045540771484375000e+02
1.184184570312500000e+02 1.332188110351562500e+02 1.049664306640625000e+02
1.180203247070312500e+02 1.330494384765625000e+02 1.048588867187500000e+02
1.180034790039062500e+02 1.330810546875000000e+02 1.050276489257812500e+02
1.178289794921875000e+02 1.328380737304687500e+02 1.051771850585937500e+02
1.173475341796875000e+02 1.329328613281250000e+02 1.046952514648437500e+02
1.168152465820312500e+02 1.327969970703125000e+02 1.043029174804687500e+02
1.168722534179687500e+02 1.329552612304687500e+02 1.045816650390625000e+02
1.169262084960937500e+02 1.331094360351562500e+02 1.047378540039062500e+02
1.170175781250000000e+02 1.332589721679687500e+02 1.049373779296875000e+02
1.167711791992187500e+02 1.330363159179687500e+02 1.047740478515625000e+02
1.167366333007812500e+02 1.329505615234375000e+02 1.050544433593750000e+02
1.167421875000000000e+02 1.329110717773437500e+02 1.049815063476562500e+02
1.170657348632812500e+02 1.333499755859375000e+02 1.052744140625000000e+02
1.170102539062500000e+02 1.333126831054687500e+02 1.053630981445312500e+02
1.174391479492187500e+02 1.329954223632812500e+02 1.046895141601562500e+02
1.176160888671875000e+02 1.327009277343750000e+02 1.038893432617187500e+02
1.179868164062500000e+02 1.328215332031250000e+02 1.037809448242187500e+02
1.183583984375000000e+02 1.329396972656250000e+02 1.037947387695312500e+02
1.185952758789062500e+02 1.330095214843750000e+02 1.038446655273437500e+02
1.181409301757812500e+02 1.327967529296875000e+02 1.042016601562500000e+02
1.178270263671875000e+02 1.328932495117187500e+02 1.045932006835937500e+02
1.176997070312500000e+02 1.328015747070312500e+02 1.045817871093750000e+02
1.175590820312500000e+02 1.330119018554687500e+02 1.046773681640625000e+02
1.174602050781250000e+02 1.330307617187500000e+02 1.046918334960937500e+02
1.175421142578125000e+02 1.332447509765625000e+02 1.048647460937500000e+02
1.176304931640625000e+02 1.333403930664062500e+02 1.051574707031250000e+02
1.178063354492187500e+02 1.335061645507812500e+02 1.053822631835937500e+02
1.176448974609375000e+02 1.333701171875000000e+02 1.051831054687500000e+02
1.178188476562500000e+02 1.335596313476562500e+02 1.052777099609375000e+02
1.177099609375000000e+02 1.334657592773437500e+02 1.052599487304687500e+02
1.178685913085937500e+02 1.336384277343750000e+02 1.054331054687500000e+02
1.178991699218750000e+02 1.336072998046875000e+02 1.055863037109375000e+02
1.181122436523437500e+02 1.338260498046875000e+02 1.057396850585937500e+02
1.179430541992187500e+02 1.336612548828125000e+02 1.056088867187500000e+02
1.182388305664062500e+02 1.336255493164062500e+02 1.055827636718750000e+02
1.184861450195312500e+02 1.336433715820312500e+02 1.057248535156250000e+02
1.189776000976562500e+02 1.338182983398437500e+02 1.059390869140625000e+02
1.192200927734375000e+02 1.338487548828125000e+02 1.060186767578125000e+02
1.193179931640625000e+02 1.338569946289062500e+02 1.059760742187500000e+02
1.192182617187500000e+02 1.338673706054687500e+02 1.057897949218750000e+02
1.191137695312500000e+02 1.338433227539062500e+02 1.056486206054687500e+02
1.191291503906250000e+02 1.339530029296875000e+02 1.057891845703125000e+02
1.192420043945312500e+02 1.340932006835937500e+02 1.057366333007812500e+02
1.192745971679687500e+02 1.341266479492187500e+02 1.058506469726562500e+02
1.194476928710937500e+02 1.343099365234375000e+02 1.058606567382812500e+02
1.193668823242187500e+02 1.342387084960937500e+02 1.057874755859375000e+02
1.196780395507812500e+02 1.344130859375000000e+02 1.061337280273437500e+02
1.196442260742187500e+02 1.343790893554687500e+02 1.061729736328125000e+02
1.197604370117187500e+02 1.345057373046875000e+02 1.062681884765625000e+02
1.198411865234375000e+02 1.344025268554687500e+02 1.064085083007812500e+02
1.200490722656250000e+02 1.346914062500000000e+02 1.066574096679687500e+02
1.199470214843750000e+02 1.345046997070312500e+02 1.064293823242187500e+02
1.201165771484375000e+02 1.346235351562500000e+02 1.065300292968750000e+02
1.199668579101562500e+02 1.344735107421875000e+02 1.065711059570312500e+02
1.195830688476562500e+02 1.343941040039062500e+02 1.062592773437500000e+02
1.193137817382812500e+02 1.345925292968750000e+02 1.063371582031250000e+02
1.191277465820312500e+02 1.346914672851562500e+02 1.064031982421875000e+02
1.189838867187500000e+02 1.346744384765625000e+02 1.062467041015625000e+02
1.191105957031250000e+02 1.348639526367187500e+02 1.064667358398437500e+02
1.190543212890625000e+02 1.347366943359375000e+02 1.062769165039062500e+02
1.191624755859375000e+02 1.348052368164062500e+02 1.060941772460937500e+02
1.190577392578125000e+02 1.345667724609375000e+02 1.057282714843750000e+02
1.192378540039062500e+02 1.347814331054687500e+02 1.058757934570312500e+02
1.191065673828125000e+02 1.346610107421875000e+02 1.056110229492187500e+02
1.190314941406250000e+02 1.345863647460937500e+02 1.056466674804687500e+02
1.186295776367187500e+02 1.343220214843750000e+02 1.053530273437500000e+02
1.183459472656250000e+02 1.341440429687500000e+02 1.050406494140625000e+02
1.182122802734375000e+02 1.341432495117187500e+02 1.050278320312500000e+02
1.180070190429687500e+02 1.339888305664062500e+02 1.049631958007812500e+02
1.180608520507812500e+02 1.339750366210937500e+02 1.049519653320312500e+02
1.183572998046875000e+02 1.342281494140625000e+02 1.052388916015625000e+02
1.183177490234375000e+02 1.341209716796875000e+02 1.050415039062500000e+02
1.182565917968750000e+02 1.340894165039062500e+02 1.047599487304687500e+02
1.179901123046875000e+02 1.337932739257812500e+02 1.044495849609375000e+02
1.179793701171875000e+02 1.338015747070312500e+02 1.043833007812500000e+02
1.176508178710937500e+02 1.336903686523437500e+02 1.041571655273437500e+02
1.178034057617187500e+02 1.338068847656250000e+02 1.042534790039062500e+02
1.174798583984375000e+02 1.336947021484375000e+02 1.040011596679687500e+02
1.175684814453125000e+02 1.337973632812500000e+02 1.040480957031250000e+02
1.173183593750000000e+02 1.338076171875000000e+02 1.043694458007812500e+02
1.172565917968750000e+02 1.338975830078125000e+02 1.046120605468750000e+02
1.171553955078125000e+02 1.338594970703125000e+02 1.046635742187500000e+02
1.170886840820312500e+02 1.338104858398437500e+02 1.048494262695312500e+02
1.168171386718750000e+02 1.335078735351562500e+02 1.046221923828125000e+02
1.171455078125000000e+02 1.334423828125000000e+02 1.046525878906250000e+02
1.173764038085937500e+02 1.331908569335937500e+02 1.042114868164062500e+02
1.176349487304687500e+02 1.332567749023437500e+02 1.041843872070312500e+02
1.176546630859375000e+02 1.330824584960937500e+02 1.041491088867187500e+02
1.178122558593750000e+02 1.331679687500000000e+02 1.042156982421875000e+02
1.178813476562500000e+02 1.332309570312500000e+02 1.047019653320312500e+02
1.179218139648437500e+02 1.333236083984375000e+02 1.049849243164062500e+02
1.177034301757812500e+02 1.332307739257812500e+02 1.049057617187500000e+02
1.178240966796875000e+02 1.332125244140625000e+02 1.047882690429687500e+02
1.176630859375000000e+02 1.329893798828125000e+02 1.047650146484375000e+02
1.178751220703125000e+02 1.332287597656250000e+02 1.051134033203125000e+02
1.178026733398437500e+02 1.332290039062500000e+02 1.051862792968750000e+02
1.179392089843750000e+02 1.333056030273437500e+02 1.052929077148437500e+02
1.178432006835937500e+02 1.331043090820312500e+02 1.051846313476562500e+02
1.178796386718750000e+02 1.332039794921875000e+02 1.054121704101562500e+02
1.173430175781250000e+02 1.329926147460937500e+02 1.048839111328125000e+02
1.168707885742187500e+02 1.328029785156250000e+02 1.044506835937500000e+02
1.165864257812500000e+02 1.326078491210937500e+02 1.039043579101562500e+02
1.164591064453125000e+02 1.326213989257812500e+02 1.038151855468750000e+02
1.164048461914062500e+02 1.327090454101562500e+02 1.037950439453125000e+02
1.168793945312500000e+02 1.328787841796875000e+02 1.043861694335937500e+02
1.169906616210937500e+02 1.327440185546875000e+02 1.044338378906250000e+02
1.173787231445312500e+02 1.326350708007812500e+02 1.043143920898437500e+02
1.173186035156250000e+02 1.323385009765625000e+02 1.042994995117187500e+02
1.175526733398437500e+02 1.324170532226562500e+02 1.043858032226562500e+02
1.177451171875000000e+02 1.326845092773437500e+02 1.044875488281250000e+02
1.178838500976562500e+02 1.328728027343750000e+02 1.046185302734375000e+02
1.177167358398437500e+02 1.327272338867187500e+02 1.043432006835937500e+02
1.176416625976562500e+02 1.326439208984375000e+02 1.041141967773437500e+02
1.176150512695312500e+02 1.325488281250000000e+02 1.041779785156250000e+02
1.174514160156250000e+02 1.325581054687500000e+02 1.038859863281250000e+02
1.172527465820312500e+02 1.324916381835937500e+02 1.034772949218750000e+02
1.171882934570312500e+02 1.325760498046875000e+02 1.035960693359375000e+02
1.169143066406250000e+02 1.323395385742187500e+02 1.033298950195312500e+02
1.168007202148437500e+02 1.322839965820312500e+02 1.031914062500000000e+02
1.169177246093750000e+02 1.322832641601562500e+02 1.033261108398437500e+02
1.168566894531250000e+02 1.321039428710937500e+02 1.031776733398437500e+02
1.169004516601562500e+02 1.320778198242187500e+02 1.032728271484375000e+02
1.170885009765625000e+02 1.322749633789062500e+02 1.033920898437500000e+02
1.172500610351562500e+02 1.324525756835937500e+02 1.035213012695312500e+02
