1.295466918945312500e+02 1.334166870117187500e+02 1.022275390625000000e+02
1.294057617187500000e+02 1.332086791992187500e+02 1.020455322265625000e+02
1.294676513671875000e+02 1.332676391601562500e+02 1.021063842773437500e+02
1.291633300781250000e+02 1.329285888671875000e+02 1.017990112304687500e+02
1.286644287109375000e+02 1.327255249023437500e+02 1.011896972656250000e+02
1.282182006835937500e+02 1.326593017578125000e+02 1.006541748046875000e+02
1.274800415039062500e+02 1.326871337890625000e+02 1.000897827148437500e+02
1.273315429687500000e+02 1.328475952148437500e+02 9.995477294921875000e+01
1.274768066406250000e+02 1.329685668945312500e+02 9.994525146484375000e+01
1.276470336914062500e+02 1.330291748046875000e+02 1.000363769531250000e+02
1.278729858398437500e+02 1.332426757812500000e+02 1.002264404296875000e+02
1.281362304687500000e+02 1.334362182617187500e+02 1.004730224609375000e+02
1.284350585937500000e+02 1.336871948242187500e+02 1.008376464843750000e+02
1.286683349609375000e+02 1.338972778320312500e+02 1.009516601562500000e+02
1.288917236328125000e+02 1.339129028320312500e+02 1.008817138671875000e+02
1.289353637695312500e+02 1.338713989257812500e+02 1.005847778320312500e+02
1.288864135742187500e+02 1.338061523437500000e+02 1.005304565429687500e+02
1.287963867187500000e+02 1.336890258789062500e+02 1.003712768554687500e+02
1.285894775390625000e+02 1.334751586914062500e+02 1.000669555664062500e+02
1.282996215820312500e+02 1.332686157226562500e+02 9.971783447265625000e+01
1.281567993164062500e+02 1.332191162109375000e+02 9.955633544921875000e+01
1.280232543945312500e+02 1.331307373046875000e+02 9.948980712890625000e+01
1.280795288085937500e+02 1.332049560546875000e+02 9.955865478515625000e+01
1.280383300781250000e+02 1.332223510742187500e+02 9.966033935546875000e+01
1.281162719726562500e+02 1.332546997070312500e+02 9.993450927734375000e+01
1.281620483398437500e+02 1.333471069335937500e+02 1.000735473632812500e+02
1.281277465820312500e+02 1.334729614257812500e+02 1.001428222656250000e+02
1.282454833984375000e+02 1.335718994140625000e+02 1.002898559570312500e+02
1.280177612304687500e+02 1.338051147460937500e+02 1.002827758789062500e+02
1.279217529296875000e+02 1.339846801757812500e+02 1.003855590820312500e+02
1.278249511718750000e+02 1.341013183593750000e+02 1.002786254882812500e+02
1.278052368164062500e+02 1.341772460937500000e+02 1.002990722656250000e+02
1.278232421875000000e+02 1.342254638671875000e+02 1.003740234375000000e+02
1.278662109375000000e+02 1.340670776367187500e+02 9.993133544921875000e+01
1.278930053710937500e+02 1.338412475585937500e+02 9.925714111328125000e+01
1.278395385742187500e+02 1.335493164062500000e+02 9.884527587890625000e+01
1.277152099609375000e+02 1.332766723632812500e+02 9.851013183593750000e+01
1.276245727539062500e+02 1.330080566406250000e+02 9.829321289062500000e+01
1.276123657226562500e+02 1.329282226562500000e+02 9.855133056640625000e+01
1.274161987304687500e+02 1.326793212890625000e+02 9.883251953125000000e+01
1.271981811523437500e+02 1.325090942382812500e+02 9.895855712890625000e+01
1.270516357421875000e+02 1.323067626953125000e+02 9.907702636718750000e+01
1.270354614257812500e+02 1.322949218750000000e+02 9.897082519531250000e+01
1.270178222656250000e+02 1.322465209960937500e+02 9.918658447265625000e+01
1.270960083007812500e+02 1.323126831054687500e+02 9.938671875000000000e+01
1.271320190429687500e+02 1.322482299804687500e+02 9.937255859375000000e+01
1.272299804687500000e+02 1.323338623046875000e+02 9.951019287109375000e+01
1.274692382812500000e+02 1.323956909179687500e+02 9.983337402343750000e+01
1.276634521484375000e+02 1.325356445312500000e+02 9.924475097656250000e+01
1.279318237304687500e+02 1.326374511718750000e+02 9.923474121093750000e+01
1.280910644531250000e+02 1.328031616210937500e+02 9.923291015625000000e+01
1.281765136718750000e+02 1.329392700195312500e+02 9.918334960937500000e+01
1.283491821289062500e+02 1.331335449218750000e+02 9.920697021484375000e+01
1.285690307617187500e+02 1.332757568359375000e+02 9.946093750000000000e+01
1.289221801757812500e+02 1.334433593750000000e+02 9.983996582031250000e+01
1.290887451171875000e+02 1.335748901367187500e+02 9.997070312500000000e+01
1.290341796875000000e+02 1.335838012695312500e+02 1.000155639648437500e+02
1.289522705078125000e+02 1.335784301757812500e+02 1.001278686523437500e+02
1.285017089843750000e+02 1.333225097656250000e+02 9.964477539062500000e+01
1.281090087890625000e+02 1.334131469726562500e+02 9.912957763671875000e+01
1.271232910156250000e+02 1.336938476562500000e+02 9.871002197265625000e+01
1.271974487304687500e+02 1.337891235351562500e+02 9.869793701171875000e+01
1.273177490234375000e+02 1.339328002929687500e+02 9.870227050781250000e+01
1.272065429687500000e+02 1.340393676757812500e+02 9.882806396484375000e+01
1.272159423828125000e+02 1.339694213867187500e+02 9.907781982421875000e+01
1.271999511718750000e+02 1.340363159179687500e+02 9.929461669921875000e+01
1.273455200195312500e+02 1.340732421875000000e+02 9.948742675781250000e+01
1.273152465820312500e+02 1.340480957031250000e+02 9.973339843750000000e+01
1.272478637695312500e+02 1.340558471679687500e+02 9.993145751953125000e+01
1.269771728515625000e+02 1.340258789062500000e+02 1.000307006835937500e+02
1.267658081054687500e+02 1.339712524414062500e+02 1.000691528320312500e+02
1.266005859375000000e+02 1.338214111328125000e+02 1.001454467773437500e+02
1.263923950195312500e+02 1.337802734375000000e+02 9.996343994140625000e+01
1.265719604492187500e+02 1.337282104492187500e+02 1.003153076171875000e+02
1.268430786132812500e+02 1.336522216796875000e+02 1.003878173828125000e+02
1.270120239257812500e+02 1.334049072265625000e+02 1.004013671875000000e+02
1.269319458007812500e+02 1.331649780273437500e+02 1.002375488281250000e+02
1.268571166992187500e+02 1.329909057617187500e+02 1.001148071289062500e+02
1.268120727539062500e+02 1.329146728515625000e+02 1.002244873046875000e+02
1.268228149414062500e+02 1.327566528320312500e+02 1.002491455078125000e+02
1.268421630859375000e+02 1.327647094726562500e+02 1.003909912109375000e+02
1.268380737304687500e+02 1.327460937500000000e+02 1.004707031250000000e+02
1.269488525390625000e+02 1.327483520507812500e+02 1.005391845703125000e+02
1.268649902343750000e+02 1.327794799804687500e+02 1.008090820312500000e+02
1.267020874023437500e+02 1.329857177734375000e+02 1.010492553710937500e+02
1.266124877929687500e+02 1.330528564453125000e+02 1.013792114257812500e+02
1.265637207031250000e+02 1.332137451171875000e+02 1.016871337890625000e+02
1.265474853515625000e+02 1.333032836914062500e+02 1.017745971679687500e+02
1.268843994140625000e+02 1.334926147460937500e+02 1.018906860351562500e+02
1.272860107421875000e+02 1.334186401367187500e+02 1.016843872070312500e+02
1.276988525390625000e+02 1.335545043945312500e+02 1.016604614257812500e+02
1.277749633789062500e+02 1.334779052734375000e+02 1.015026855468750000e+02
1.277674560546875000e+02 1.334402465820312500e+02 1.012336425781250000e+02
1.276322021484375000e+02 1.333349609375000000e+02 1.010313720703125000e+02
1.274757690429687500e+02 1.331614990234375000e+02 1.008410034179687500e+02
1.272779541015625000e+02 1.329338989257812500e+02 1.007380981445312500e+02
1.272315063476562500e+02 1.328449096679687500e+02 1.006757202148437500e+02
1.269956665039062500e+02 1.325881347656250000e+02 1.004232177734375000e+02
1.270698242187500000e+02 1.325297851562500000e+02 1.003344726562500000e+02
1.272460327148437500e+02 1.324278564453125000e+02 1.000806274414062500e+02
1.273020629882812500e+02 1.324949951171875000e+02 9.985522460937500000e+01
1.274124755859375000e+02 1.325905761718750000e+02 9.986022949218750000e+01
1.276540527343750000e+02 1.326326293945312500e+02 1.000361328125000000e+02
1.279154052734375000e+02 1.327219238281250000e+02 9.995245361328125000e+01
1.282872314453125000e+02 1.329553833007812500e+02 9.998504638671875000e+01
1.284959106445312500e+02 1.329869384765625000e+02 9.994433593750000000e+01
1.285781860351562500e+02 1.330151367187500000e+02 9.991632080078125000e+01
1.286669921875000000e+02 1.329813232421875000e+02 9.975103759765625000e+01
1.287645263671875000e+02 1.330191650390625000e+02 9.962359619140625000e+01
1.288256225585937500e+02 1.329484252929687500e+02 9.958569335937500000e+01
1.288671264648437500e+02 1.329139404296875000e+02 9.943560791015625000e+01
1.288002319335937500e+02 1.328435058593750000e+02 9.933953857421875000e+01
1.287722167968750000e+02 1.327374267578125000e+02 9.928149414062500000e+01
1.283173828125000000e+02 1.326249389648437500e+02 9.931933593750000000e+01
1.282014160156250000e+02 1.326227416992187500e+02 9.943237304687500000e+01
1.280446166992187500e+02 1.325901489257812500e+02 9.943249511718750000e+01
1.278710937500000000e+02 1.324765625000000000e+02 9.963360595703125000e+01
1.276965942382812500e+02 1.324772338867187500e+02 9.971850585937500000e+01
1.275905151367187500e+02 1.324973144531250000e+02 9.962060546875000000e+01
1.274480590820312500e+02 1.325364379882812500e+02 9.933209228515625000e+01
1.272805786132812500e+02 1.325798950195312500e+02 9.920672607421875000e+01
1.273201293945312500e+02 1.326943359375000000e+02 9.916088867187500000e+01
1.274014892578125000e+02 1.328223266601562500e+02 9.921044921875000000e+01
1.275440063476562500e+02 1.329064941406250000e+02 9.929492187500000000e+01
1.278223266601562500e+02 1.329027709960937500e+02 9.926403808593750000e+01
1.280234375000000000e+02 1.328597412109375000e+02 9.942803955078125000e+01
1.281079711914062500e+02 1.328731079101562500e+02 9.963531494140625000e+01
1.283168334960937500e+02 1.329041137695312500e+02 9.977947998046875000e+01
1.283875732421875000e+02 1.328494262695312500e+02 9.949645996093750000e+01
1.283777465820312500e+02 1.328134155273437500e+02 9.924572753906250000e+01
1.283574829101562500e+02 1.328141479492187500e+02 9.905010986328125000e+01
1.282832031250000000e+02 1.327385864257812500e+02 9.894470214843750000e+01
1.283115234375000000e+02 1.327346801757812500e+02 9.899420166015625000e+01
1.283763427734375000e+02 1.328489379882812500e+02 9.899279785156250000e+01
1.285025634765625000e+02 1.328831787109375000e+02 9.919635009765625000e+01
1.285037841796875000e+02 1.328179321289062500e+02 9.923266601562500000e+01
1.284014282226562500e+02 1.327396240234375000e+02 9.925006103515625000e+01
1.283159179687500000e+02 1.326505737304687500e+02 9.918872070312500000e+01
1.281063232421875000e+02 1.326229858398437500e+02 9.910711669921875000e+01
1.280193481445312500e+02 1.325579833984375000e+02 9.912896728515625000e+01
1.279339599609375000e+02 1.325921020507812500e+02 9.915380859375000000e+01
1.280770263671875000e+02 1.325917358398437500e+02 9.916778564453125000e+01
1.280798950195312500e+02 1.326739501953125000e+02 9.914459228515625000e+01
1.282717895507812500e+02 1.326293334960937500e+02 9.927893066406250000e+01
1.286254882812500000e+02 1.327267456054687500e+02 9.934161376953125000e+01
1.287950439453125000e+02 1.328492431640625000e+02 9.951617431640625000e+01
1.288950195312500000e+02 1.330275268554687500e+02 9.959478759765625000e+01
1.289674072265625000e+02 1.331061401367187500e+02 9.970825195312500000e+01
1.289290771484375000e+02 1.331729125976562500e+02 9.973492431640625000e+01
1.289512939453125000e+02 1.332095336914062500e+02 9.967279052734375000e+01
1.289755859375000000e+02 1.333099975585937500e+02 9.972705078125000000e+01
1.288956909179687500e+02 1.332632446289062500e+02 9.972735595703125000e+01
1.287807006835937500e+02 1.332015380859375000e+02 9.960009765625000000e+01
1.281736450195312500e+02 1.330806884765625000e+02 9.933404541015625000e+01
1.277034301757812500e+02 1.329713745117187500e+02 9.903820800781250000e+01
1.272844848632812500e+02 1.326711425781250000e+02 9.881048583984375000e+01
1.270823364257812500e+02 1.326323242187500000e+02 9.874249267578125000e+01
1.269630737304687500e+02 1.326433715820312500e+02 9.872247314453125000e+01
1.266055297851562500e+02 1.327207031250000000e+02 9.891217041015625000e+01
1.265397338867187500e+02 1.328428955078125000e+02 9.916510009765625000e+01
1.264860229492187500e+02 1.329786376953125000e+02 9.935614013671875000e+01
1.265883178710937500e+02 1.330775756835937500e+02 9.959271240234375000e+01
1.267534790039062500e+02 1.332414550781250000e+02 9.973083496093750000e+01
1.278178710937500000e+02 1.332951660156250000e+02 9.967785644531250000e+01
1.289456787109375000e+02 1.333992309570312500e+02 9.977850341796875000e+01
1.294943847656250000e+02 1.335310058593750000e+02 9.969274902343750000e+01
1.296382446289062500e+02 1.334768066406250000e+02 9.969006347656250000e+01
1.297221069335937500e+02 1.332377319335937500e+02 9.952722167968750000e+01
1.295123901367187500e+02 1.331132812500000000e+02 9.930633544921875000e+01
1.291323852539062500e+02 1.328474121093750000e+02 9.910797119140625000e+01
1.289955444335937500e+02 1.327839355468750000e+02 9.909149169921875000e+01
1.287917480468750000e+02 1.325676879882812500e+02 9.886877441406250000e+01
1.286270751953125000e+02 1.324293823242187500e+02 9.893237304687500000e+01
1.282561035156250000e+02 1.323021240234375000e+02 9.879968261718750000e+01
1.281232299804687500e+02 1.323487548828125000e+02 9.906475830078125000e+01
1.279638671875000000e+02 1.323038330078125000e+02 9.919061279296875000e+01
1.279957885742187500e+02 1.323580932617187500e+02 9.933288574218750000e+01
1.278206787109375000e+02 1.324278564453125000e+02 9.932574462890625000e+01
1.279243774414062500e+02 1.324457397460937500e+02 9.969232177734375000e+01
1.281047973632812500e+02 1.325135498046875000e+02 9.985577392578125000e+01
1.282669677734375000e+02 1.325397338867187500e+02 1.002557983398437500e+02
1.285147705078125000e+02 1.326232299804687500e+02 1.003236694335937500e+02
1.286633300781250000e+02 1.327439575195312500e+02 1.004324951171875000e+02
1.284979248046875000e+02 1.327492675781250000e+02 1.002553100585937500e+02
1.283884887695312500e+02 1.328328857421875000e+02 1.001840820312500000e+02
1.283673095703125000e+02 1.328967285156250000e+02 1.000186767578125000e+02
1.283235473632812500e+02 1.329508666992187500e+02 9.995153808593750000e+01
1.284109497070312500e+02 1.330105590820312500e+02 9.996936035156250000e+01
1.285439453125000000e+02 1.330688476562500000e+02 9.982360839843750000e+01
1.285673217773437500e+02 1.330909423828125000e+02 9.965551757812500000e+01
1.286869506835937500e+02 1.331386108398437500e+02 9.966082763671875000e+01
1.288631591796875000e+02 1.331594238281250000e+02 9.979248046875000000e+01
1.289769897460937500e+02 1.332637939453125000e+02 9.988073730468750000e+01
1.290127563476562500e+02 1.334758300781250000e+02 1.000658569335937500e+02
1.290568237304687500e+02 1.336875000000000000e+02 1.002535400390625000e+02
1.290620117187500000e+02 1.338710327148437500e+02 1.003228759765625000e+02
1.291919555664062500e+02 1.339579467773437500e+02 1.005101928710937500e+02
1.292685546875000000e+02 1.339389648437500000e+02 1.006170654296875000e+02
1.293511352539062500e+02 1.340139770507812500e+02 1.007201538085937500e+02
1.293125610351562500e+02 1.340858764648437500e+02 1.007142944335937500e+02
1.294351196289062500e+02 1.342019042968750000e+02 1.008074340820312500e+02
1.294570312500000000e+02 1.342713623046875000e+02 1.009294433593750000e+02
1.295070190429687500e+02 1.342653808593750000e+02 1.009638061523437500e+02
1.286989746093750000e+02 1.343859252929687500e+02 1.011195678710937500e+02
1.281788940429687500e+02 1.344280395507812500e+02 1.011817016601562500e+02
1.278041992187500000e+02 1.343563842773437500e+02 1.011900024414062500e+02
1.275020141601562500e+02 1.343245849609375000e+02 1.012512207031250000e+02
1.270597534179687500e+02 1.340469360351562500e+02 1.010092773437500000e+02
1.269505615234375000e+02 1.340369873046875000e+02 1.013170166015625000e+02
1.268960571289062500e+02 1.339656982421875000e+02 1.016463623046875000e+02
1.269459838867187500e+02 1.339956665039062500e+02 1.017457275390625000e+02
1.267555541992187500e+02 1.338945922851562500e+02 1.018584594726562500e+02
1.267427368164062500e+02 1.339020996093750000e+02 1.018180541992187500e+02
1.267139282226562500e+02 1.338389282226562500e+02 1.014306030273437500e+02
1.268790283203125000e+02 1.337578735351562500e+02 1.012142333984375000e+02
1.269776611328125000e+02 1.337083129882812500e+02 1.011048583984375000e+02
1.272050170898437500e+02 1.337490234375000000e+02 1.010952148437500000e+02
1.274482421875000000e+02 1.337598876953125000e+02 1.011245117187500000e+02
1.284183349609375000e+02 1.337312011718750000e+02 1.011295166015625000e+02
1.288772583007812500e+02 1.338101806640625000e+02 1.012308349609375000e+02
1.293639526367187500e+02 1.338453979492187500e+02 1.013225708007812500e+02
1.295451049804687500e+02 1.339437255859375000e+02 1.012982788085937500e+02
1.296922607421875000e+02 1.340662231445312500e+02 1.013659057617187500e+02
1.292833251953125000e+02 1.340144653320312500e+02 1.014287719726562500e+02
1.288941040039062500e+02 1.340745849609375000e+02 1.015935058593750000e+02
1.282650756835937500e+02 1.339116210937500000e+02 1.014795532226562500e+02
1.279686889648437500e+02 1.338001708984375000e+02 1.014367675781250000e+02
1.276439208984375000e+02 1.335310058593750000e+02 1.012379150390625000e+02
1.275521850585937500e+02 1.333663330078125000e+02 1.011467895507812500e+02
1.272417602539062500e+02 1.331123046875000000e+02 1.009236450195312500e+02
1.271134033203125000e+02 1.330105590820312500e+02 1.008557739257812500e+02
1.269628295898437500e+02 1.328586425781250000e+02 1.005592041015625000e+02
1.269866333007812500e+02 1.328522338867187500e+02 1.005355224609375000e+02
1.269193115234375000e+02 1.327687377929687500e+02 1.003615722656250000e+02
1.268933715820312500e+02 1.327702026367187500e+02 1.000823974609375000e+02
1.268898315429687500e+02 1.328819580078125000e+02 9.993292236328125000e+01
1.269727172851562500e+02 1.329600830078125000e+02 1.000106811523437500e+02
1.269614868164062500e+02 1.330755615234375000e+02 9.989929199218750000e+01
1.271083374023437500e+02 1.331582031250000000e+02 9.998681640625000000e+01
1.272123413085937500e+02 1.332131958007812500e+02 9.994146728515625000e+01
1.272028198242187500e+02 1.332877807617187500e+02 9.984564208984375000e+01
1.272059326171875000e+02 1.333167114257812500e+02 9.978204345703125000e+01
1.272229614257812500e+02 1.333254394531250000e+02 9.979565429687500000e+01
1.270957641601562500e+02 1.332231445312500000e+02 9.954034423828125000e+01
1.269257202148437500e+02 1.331662597656250000e+02 9.937402343750000000e+01
1.269314575195312500e+02 1.330994873046875000e+02 9.933374023437500000e+01
1.268741455078125000e+02 1.331046752929687500e+02 9.930328369140625000e+01
1.268340454101562500e+02 1.330293579101562500e+02 9.917309570312500000e+01
1.268833007812500000e+02 1.330610961914062500e+02 9.921105957031250000e+01
1.266964111328125000e+02 1.329838867187500000e+02 9.915820312500000000e+01
1.266048583984375000e+02 1.330728149414062500e+02 9.921710205078125000e+01
1.264584350585937500e+02 1.330678100585937500e+02 9.917834472656250000e+01
1.264577636718750000e+02 1.331945190429687500e+02 9.926892089843750000e+01
1.265476684570312500e+02 1.333739013671875000e+02 9.893450927734375000e+01
1.267164916992187500e+02 1.334177246093750000e+02 9.849621582031250000e+01
1.269511718750000000e+02 1.333764038085937500e+02 9.833563232421875000e+01
1.270347290039062500e+02 1.334505615234375000e+02 9.815722656250000000e+01
1.271098022460937500e+02 1.333521118164062500e+02 9.778485107421875000e+01
1.270648803710937500e+02 1.333232421875000000e+02 9.831817626953125000e+01
1.270739135742187500e+02 1.332602539062500000e+02 9.864288330078125000e+01
1.271453247070312500e+02 1.331951904296875000e+02 9.913220214843750000e+01
1.270476074218750000e+02 1.331843261718750000e+02 9.922070312500000000e+01
1.270070800781250000e+02 1.332053833007812500e+02 9.951306152343750000e+01
1.268843383789062500e+02 1.331569213867187500e+02 9.942236328125000000e+01
1.267191162109375000e+02 1.331428833007812500e+02 9.938330078125000000e+01
1.264282226562500000e+02 1.331042480468750000e+02 9.937408447265625000e+01
1.263579101562500000e+02 1.331013183593750000e+02 9.942016601562500000e+01
1.261414794921875000e+02 1.330880126953125000e+02 9.939764404296875000e+01
1.260812377929687500e+02 1.330309448242187500e+02 9.930603027343750000e+01
1.260307617187500000e+02 1.329791259765625000e+02 9.912292480468750000e+01
1.261154785156250000e+02 1.330503540039062500e+02 9.908898925781250000e+01
1.261311645507812500e+02 1.331000976562500000e+02 9.902569580078125000e+01
1.262046508789062500e+02 1.331719360351562500e+02 9.903204345703125000e+01
1.260665283203125000e+02 1.331077880859375000e+02 9.875262451171875000e+01
1.258900756835937500e+02 1.330969848632812500e+02 9.850726318359375000e+01
1.256967163085937500e+02 1.329483642578125000e+02 9.836639404296875000e+01
1.257487182617187500e+02 1.329806518554687500e+02 9.843414306640625000e+01
1.257829589843750000e+02 1.330350952148437500e+02 9.842108154296875000e+01
1.259244384765625000e+02 1.331165771484375000e+02 9.888629150390625000e+01
1.259404907226562500e+02 1.331072387695312500e+02 9.943774414062500000e+01
1.259761962890625000e+02 1.331344604492187500e+02 9.997412109375000000e+01
1.259821777343750000e+02 1.331003417968750000e+02 1.004106445312500000e+02
1.260531616210937500e+02 1.332546386718750000e+02 1.007006835937500000e+02
1.260388793945312500e+02 1.331648559570312500e+02 1.005460815429687500e+02
1.260845947265625000e+02 1.332355957031250000e+02 1.004109497070312500e+02
1.260217285156250000e+02 1.332388916015625000e+02 1.003236694335937500e+02
1.258680419921875000e+02 1.331104736328125000e+02 1.000922851562500000e+02
1.255242309570312500e+02 1.329069824218750000e+02 9.969079589843750000e+01
1.254045410156250000e+02 1.329137573242187500e+02 9.870635986328125000e+01
1.252493286132812500e+02 1.328092041015625000e+02 9.829046630859375000e+01
1.252132568359375000e+02 1.327822265625000000e+02 9.794122314453125000e+01
1.252008666992187500e+02 1.326772460937500000e+02 9.758587646484375000e+01
1.251874389648437500e+02 1.326842651367187500e+02 9.720758056640625000e+01
1.251918334960937500e+02 1.326482543945312500e+02 9.753076171875000000e+01
1.253335571289062500e+02 1.327244873046875000e+02 9.784613037109375000e+01
1.254382324218750000e+02 1.327675170898437500e+02 9.803424072265625000e+01
1.256226806640625000e+02 1.329332885742187500e+02 9.824450683593750000e+01
1.257070922851562500e+02 1.330109863281250000e+02 9.835943603515625000e+01
1.254981689453125000e+02 1.331596069335937500e+02 9.867718505859375000e+01
1.250128784179687500e+02 1.333363647460937500e+02 9.885650634765625000e+01
1.246355590820312500e+02 1.332998657226562500e+02 9.901751708984375000e+01
1.246546020507812500e+02 1.333284301757812500e+02 9.907147216796875000e+01
1.246906738281250000e+02 1.333787231445312500e+02 9.918157958984375000e+01
1.245907592773437500e+02 1.333535156250000000e+02 9.893432617187500000e+01
1.245253295898437500e+02 1.333880615234375000e+02 9.882049560546875000e+01
1.243909912109375000e+02 1.332105712890625000e+02 9.870007324218750000e+01
1.242905883789062500e+02 1.331123657226562500e+02 9.859588623046875000e+01
1.240877685546875000e+02 1.329343261718750000e+02 9.833001708984375000e+01
1.238691406250000000e+02 1.329347534179687500e+02 9.830017089843750000e+01
1.236982421875000000e+02 1.329561157226562500e+02 9.822650146484375000e+01
1.237141723632812500e+02 1.330280151367187500e+02 9.820678710937500000e+01
1.236993408203125000e+02 1.330728149414062500e+02 9.816387939453125000e+01
1.238513793945312500e+02 1.332299194335937500e+02 9.830767822265625000e+01
1.239233398437500000e+02 1.333813476562500000e+02 9.896588134765625000e+01
1.240065307617187500e+02 1.334442138671875000e+02 9.952203369140625000e+01
1.240465698242187500e+02 1.335861206054687500e+02 9.962957763671875000e+01
1.241087646484375000e+02 1.336045532226562500e+02 9.996832275390625000e+01
1.239797363281250000e+02 1.336091918945312500e+02 9.996691894531250000e+01
1.239329223632812500e+02 1.336179199218750000e+02 9.999414062500000000e+01
1.238240966796875000e+02 1.334071655273437500e+02 9.984143066406250000e+01
1.238576660156250000e+02 1.333643188476562500e+02 9.981970214843750000e+01
1.238184814453125000e+02 1.331267700195312500e+02 9.964807128906250000e+01
1.237743530273437500e+02 1.330060424804687500e+02 9.955346679687500000e+01
1.237612304687500000e+02 1.329088745117187500e+02 9.938641357421875000e+01
1.239034423828125000e+02 1.329072875976562500e+02 9.909173583984375000e+01
1.238941040039062500e+02 1.329076538085937500e+02 9.896173095703125000e+01
1.240440063476562500e+02 1.330287475585937500e+02 9.895104980468750000e+01
1.241499023437500000e+02 1.330482177734375000e+02 9.894885253906250000e+01
1.245451660156250000e+02 1.330335693359375000e+02 9.882763671875000000e+01
1.247730712890625000e+02 1.330102539062500000e+02 9.876306152343750000e+01
1.251345214843750000e+02 1.331115722656250000e+02 9.879376220703125000e+01
1.252853393554687500e+02 1.332710571289062500e+02 9.873101806640625000e+01
1.254411621093750000e+02 1.333572387695312500e+02 9.878558349609375000e+01
1.252832031250000000e+02 1.335000610351562500e+02 9.901458740234375000e+01
1.251608886718750000e+02 1.336564331054687500e+02 9.923040771484375000e+01
1.248878173828125000e+02 1.336604614257812500e+02 9.928393554687500000e+01
1.247628784179687500e+02 1.336963500976562500e+02 9.947900390625000000e+01
1.247968139648437500e+02 1.337183837890625000e+02 9.974658203125000000e+01
1.253011474609375000e+02 1.337242431640625000e+02 9.877252197265625000e+01
1.256004638671875000e+02 1.336931152343750000e+02 9.797375488281250000e+01
1.257987060546875000e+02 1.336219482421875000e+02 9.770983886718750000e+01
1.258336181640625000e+02 1.334255371093750000e+02 9.754595947265625000e+01
1.258621215820312500e+02 1.334833984375000000e+02 9.727648925781250000e+01
1.256231079101562500e+02 1.333434448242187500e+02 9.735876464843750000e+01
1.255956420898437500e+02 1.332986450195312500e+02 9.780065917968750000e+01
1.252202148437500000e+02 1.333459472656250000e+02 9.773645019531250000e+01
1.251317749023437500e+02 1.332628173828125000e+02 9.788824462890625000e+01
1.249652709960937500e+02 1.330809326171875000e+02 9.785729980468750000e+01
1.249911499023437500e+02 1.329923706054687500e+02 9.841467285156250000e+01
1.250068969726562500e+02 1.328328857421875000e+02 9.912988281250000000e+01
1.250555419921875000e+02 1.327717895507812500e+02 9.929412841796875000e+01
1.251008911132812500e+02 1.327586669921875000e+02 9.951898193359375000e+01
1.251315917968750000e+02 1.327263793945312500e+02 9.953399658203125000e+01
1.249467773437500000e+02 1.326379394531250000e+02 9.912286376953125000e+01
1.248713378906250000e+02 1.327016601562500000e+02 9.903100585937500000e+01
1.246994018554687500e+02 1.326491088867187500e+02 9.866302490234375000e+01
1.246352539062500000e+02 1.326938476562500000e+02 9.853387451171875000e+01
1.244118652343750000e+02 1.325311889648437500e+02 9.827709960937500000e+01
1.248190307617187500e+02 1.326016845703125000e+02 9.811138916015625000e+01
1.250624389648437500e+02 1.324270019531250000e+02 9.792730712890625000e+01
1.254058837890625000e+02 1.320859985351562500e+02 9.760461425781250000e+01
1.253067016601562500e+02 1.320928344726562500e+02 9.766418457031250000e+01
1.254790039062500000e+02 1.322340087890625000e+02 9.774090576171875000e+01
1.248848266601562500e+02 1.322013549804687500e+02 9.752380371093750000e+01
1.244160766601562500e+02 1.322173461914062500e+02 9.733435058593750000e+01
1.239927368164062500e+02 1.321821289062500000e+02 9.714111328125000000e+01
1.237651367187500000e+02 1.321667480468750000e+02 9.687182617187500000e+01
1.236968994140625000e+02 1.320969848632812500e+02 9.678826904296875000e+01
1.241315307617187500e+02 1.320480957031250000e+02 9.705676269531250000e+01
1.245874633789062500e+02 1.320167236328125000e+02 9.751470947265625000e+01
1.249136352539062500e+02 1.320691528320312500e+02 9.760247802734375000e+01
1.251172485351562500e+02 1.319749755859375000e+02 9.767901611328125000e+01
1.253535766601562500e+02 1.320374755859375000e+02 9.789947509765625000e+01
1.253261108398437500e+02 1.319771728515625000e+02 9.784765625000000000e+01
1.254228515625000000e+02 1.320142822265625000e+02 9.819561767578125000e+01
1.253629150390625000e+02 1.319015502929687500e+02 9.827435302734375000e+01
1.252619018554687500e+02 1.317897338867187500e+02 9.818127441406250000e+01
1.249429931640625000e+02 1.314155883789062500e+02 9.808258056640625000e+01
1.248498535156250000e+02 1.313737792968750000e+02 9.767535400390625000e+01
1.247742919921875000e+02 1.312465209960937500e+02 9.722222900390625000e+01
1.248006591796875000e+02 1.311218872070312500e+02 9.703106689453125000e+01
1.247338867187500000e+02 1.310217285156250000e+02 9.689544677734375000e+01
1.247487792968750000e+02 1.310361938476562500e+02 9.670428466796875000e+01
1.243818969726562500e+02 1.308588256835937500e+02 9.649481201171875000e+01
1.239802246093750000e+02 1.310310668945312500e+02 9.663458251953125000e+01
1.238778076171875000e+02 1.311063232421875000e+02 9.675738525390625000e+01
1.237093505859375000e+02 1.311925659179687500e+02 9.699377441406250000e+01
1.236373291015625000e+02 1.311952514648437500e+02 9.716619873046875000e+01
1.235492553710937500e+02 1.313410644531250000e+02 9.742114257812500000e+01
1.233682861328125000e+02 1.315012207031250000e+02 9.759747314453125000e+01
1.234312133789062500e+02 1.316552124023437500e+02 9.793029785156250000e+01
1.234580688476562500e+02 1.317443847656250000e+02 9.806799316406250000e+01
1.235106811523437500e+02 1.318272094726562500e+02 9.826721191406250000e+01
1.235836181640625000e+02 1.319136352539062500e+02 9.823431396484375000e+01
1.235833740234375000e+02 1.318913574218750000e+02 9.816607666015625000e+01
1.235223999023437500e+02 1.317869873046875000e+02 9.797583007812500000e+01
1.236265869140625000e+02 1.318038940429687500e+02 9.804174804687500000e+01
1.235203857421875000e+02 1.316906127929687500e+02 9.796270751953125000e+01
1.234212036132812500e+02 1.316500854492187500e+02 9.835192871093750000e+01
1.232835083007812500e+02 1.315744628906250000e+02 9.864880371093750000e+01
1.232480468750000000e+02 1.315056762695312500e+02 9.901672363281250000e+01
1.231475219726562500e+02 1.314061889648437500e+02 9.909680175781250000e+01
1.230341796875000000e+02 1.314169921875000000e+02 9.911004638671875000e+01
1.230066528320312500e+02 1.314802856445312500e+02 9.890112304687500000e+01
1.231242065429687500e+02 1.315474853515625000e+02 9.845251464843750000e+01
1.231140136718750000e+02 1.314893798828125000e+02 9.832629394531250000e+01
1.230975341796875000e+02 1.315103759765625000e+02 9.826983642578125000e+01
1.230056762695312500e+02 1.314795532226562500e+02 9.805621337890625000e+01
1.232648315429687500e+02 1.314791870117187500e+02 9.830157470703125000e+01
1.233590698242187500e+02 1.314114990234375000e+02 9.857012939453125000e+01
1.236325073242187500e+02 1.313864746093750000e+02 9.874554443359375000e+01
1.238058471679687500e+02 1.313232421875000000e+02 9.886859130859375000e+01
1.238618774414062500e+02 1.313693237304687500e+02 9.883935546875000000e+01
1.238419189453125000e+02 1.313596801757812500e+02 9.924938964843750000e+01
1.237584838867187500e+02 1.313731079101562500e+02 9.981811523437500000e+01
1.235796508789062500e+02 1.313624267578125000e+02 9.990582275390625000e+01
1.234840698242187500e+02 1.314270629882812500e+02 1.000134277343750000e+02
1.232092285156250000e+02 1.314184570312500000e+02 1.001168823242187500e+02
1.227015991210937500e+02 1.312955322265625000e+02 9.972424316406250000e+01
1.223424682617187500e+02 1.313063354492187500e+02 9.928894042968750000e+01
1.219107055664062500e+02 1.312979736328125000e+02 9.900085449218750000e+01
1.219592895507812500e+02 1.314301147460937500e+02 9.902429199218750000e+01
1.220254516601562500e+02 1.315800781250000000e+02 9.906237792968750000e+01
1.221605224609375000e+02 1.317156982421875000e+02 9.868255615234375000e+01
1.223698120117187500e+02 1.317500610351562500e+02 9.843475341796875000e+01
1.225537109375000000e+02 1.316851806640625000e+02 9.810961914062500000e+01
1.227572021484375000e+02 1.316826171875000000e+02 9.796606445312500000e+01
1.228784790039062500e+02 1.317435913085937500e+02 9.801678466796875000e+01
1.231567993164062500e+02 1.317741699218750000e+02 9.807073974609375000e+01
1.233832397460937500e+02 1.316663818359375000e+02 9.805511474609375000e+01
1.234723510742187500e+02 1.317508544921875000e+02 9.816516113281250000e+01
1.235941772460937500e+02 1.317678833007812500e+02 9.819812011718750000e+01
1.235982666015625000e+02 1.316929931640625000e+02 9.816601562500000000e+01
1.235731201171875000e+02 1.315604858398437500e+02 9.867333984375000000e+01
1.236309204101562500e+02 1.315445556640625000e+02 9.929223632812500000e+01
1.235558471679687500e+02 1.314417724609375000e+02 9.971795654296875000e+01
1.233411254882812500e+02 1.312564697265625000e+02 9.969989013671875000e+01
1.231046142578125000e+02 1.310325927734375000e+02 9.959478759765625000e+01
1.230129394531250000e+02 1.308586425781250000e+02 9.936334228515625000e+01
1.229162597656250000e+02 1.307240600585937500e+02 9.908575439453125000e+01
1.229488525390625000e+02 1.307619018554687500e+02 9.891503906250000000e+01
1.228628540039062500e+02 1.306743774414062500e+02 9.874505615234375000e+01
1.230130615234375000e+02 1.307691040039062500e+02 9.864501953125000000e+01
1.229057006835937500e+02 1.307392578125000000e+02 9.842651367187500000e+01
1.228182373046875000e+02 1.308326416015625000e+02 9.832580566406250000e+01
1.229102172851562500e+02 1.309796142578125000e+02 9.833557128906250000e+01
1.230051879882812500e+02 1.310983886718750000e+02 9.838354492187500000e+01
1.230302734375000000e+02 1.311741943359375000e+02 9.837921142578125000e+01
1.231003417968750000e+02 1.312728881835937500e+02 9.847857666015625000e+01
1.229213867187500000e+02 1.312733764648437500e+02 9.830297851562500000e+01
1.228964233398437500e+02 1.313502197265625000e+02 9.820129394531250000e+01
1.228861083984375000e+02 1.313477172851562500e+02 9.821459960937500000e+01
1.228920898437500000e+02 1.313568725585937500e+02 9.820080566406250000e+01
1.233933715820312500e+02 1.312486572265625000e+02 9.805969238281250000e+01
1.239053955078125000e+02 1.312421875000000000e+02 9.798797607421875000e+01
1.241665649414062500e+02 1.310311889648437500e+02 9.789819335937500000e+01
1.242460937500000000e+02 1.308231201171875000e+02 9.772998046875000000e+01
1.241639404296875000e+02 1.305994873046875000e+02 9.752539062500000000e+01
1.239799804687500000e+02 1.305956420898437500e+02 9.734210205078125000e+01
1.239406127929687500e+02 1.304612426757812500e+02 9.726818847656250000e+01
1.238825683593750000e+02 1.305245361328125000e+02 9.702166748046875000e+01
1.239060668945312500e+02 1.304370117187500000e+02 9.687298583984375000e+01
1.240784301757812500e+02 1.305581665039062500e+02 9.701611328125000000e+01
1.241118164062500000e+02 1.306643066406250000e+02 9.705639648437500000e+01
1.243213500976562500e+02 1.308409423828125000e+02 9.719445800781250000e+01
1.245256347656250000e+02 1.310170288085937500e+02 9.745587158203125000e+01
1.245491943359375000e+02 1.310335083007812500e+02 9.745989990234375000e+01
1.245530395507812500e+02 1.310053710937500000e+02 9.741168212890625000e+01
1.247445068359375000e+02 1.310693359375000000e+02 9.796685791015625000e+01
1.249297485351562500e+02 1.310135498046875000e+02 9.840093994140625000e+01
1.251261596679687500e+02 1.309464111328125000e+02 9.860845947265625000e+01
1.251862182617187500e+02 1.308856201171875000e+02 9.884161376953125000e+01
1.253406982421875000e+02 1.309089965820312500e+02 9.881060791015625000e+01
1.251212768554687500e+02 1.305597534179687500e+02 9.833514404296875000e+01
1.249600830078125000e+02 1.304934692382812500e+02 9.801269531250000000e+01
1.247208862304687500e+02 1.303933715820312500e+02 9.791497802734375000e+01
1.247019653320312500e+02 1.304335937500000000e+02 9.783526611328125000e+01
1.245781250000000000e+02 1.303891601562500000e+02 9.766400146484375000e+01
1.239176635742187500e+02 1.305937500000000000e+02 9.765319824218750000e+01
1.238864746093750000e+02 1.307016601562500000e+02 9.777429199218750000e+01
1.235018310546875000e+02 1.303867187500000000e+02 9.764587402343750000e+01
1.236441040039062500e+02 1.305556030273437500e+02 9.763360595703125000e+01
1.236939697265625000e+02 1.306827392578125000e+02 9.777703857421875000e+01
1.237232055664062500e+02 1.308937377929687500e+02 9.737628173828125000e+01
1.237928466796875000e+02 1.310538940429687500e+02 9.689776611328125000e+01
1.238563842773437500e+02 1.310216674804687500e+02 9.690393066406250000e+01
1.238981933593750000e+02 1.310473022460937500e+02 9.684869384765625000e+01
1.238761596679687500e+02 1.309988403320312500e+02 9.672149658203125000e+01
1.243613891601562500e+02 1.309039916992187500e+02 9.660662841796875000e+01
1.244177246093750000e+02 1.308424682617187500e+02 9.669329833984375000e+01
1.246860351562500000e+02 1.308397827148437500e+02 9.673767089843750000e+01
1.247197265625000000e+02 1.308409423828125000e+02 9.662945556640625000e+01
1.248114013671875000e+02 1.308168334960937500e+02 9.660510253906250000e+01
1.246642456054687500e+02 1.307277832031250000e+02 9.706036376953125000e+01
1.246709594726562500e+02 1.306765136718750000e+02 9.752062988281250000e+01
1.244715576171875000e+02 1.304389038085937500e+02 9.761462402343750000e+01
1.240523681640625000e+02 1.302227172851562500e+02 9.752941894531250000e+01
1.237337646484375000e+02 1.299760131835937500e+02 9.750872802734375000e+01
1.236856689453125000e+02 1.299564208984375000e+02 9.764489746093750000e+01
1.239182128906250000e+02 1.298434448242187500e+02 9.770190429687500000e+01
1.238850097656250000e+02 1.297940673828125000e+02 9.769311523437500000e+01
1.240139770507812500e+02 1.296938476562500000e+02 9.778540039062500000e+01
1.240620117187500000e+02 1.297186279296875000e+02 9.785418701171875000e+01
1.240551757812500000e+02 1.297575683593750000e+02 9.773278808593750000e+01
1.241122436523437500e+02 1.299498291015625000e+02 9.720642089843750000e+01
1.242105102539062500e+02 1.300922851562500000e+02 9.724035644531250000e+01
1.241887817382812500e+02 1.301392211914062500e+02 9.708837890625000000e+01
1.241463012695312500e+02 1.301890869140625000e+02 9.709039306640625000e+01
1.241406860351562500e+02 1.302527465820312500e+02 9.737896728515625000e+01
1.241072998046875000e+02 1.303080444335937500e+02 9.765954589843750000e+01
1.240616455078125000e+02 1.303734130859375000e+02 9.771789550781250000e+01
1.239232788085937500e+02 1.303450317382812500e+02 9.780566406250000000e+01
1.239155273437500000e+02 1.304322509765625000e+02 9.789099121093750000e+01
1.235443115234375000e+02 1.305023193359375000e+02 9.812182617187500000e+01
1.231824951171875000e+02 1.304361572265625000e+02 9.812274169921875000e+01
1.229528808593750000e+02 1.303819580078125000e+02 9.813006591796875000e+01
1.229582519531250000e+02 1.303831176757812500e+02 9.823132324218750000e+01
1.228042602539062500e+02 1.303810424804687500e+02 9.828942871093750000e+01
1.224613647460937500e+02 1.304164428710937500e+02 9.851147460937500000e+01
1.222393798828125000e+02 1.305625000000000000e+02 9.875280761718750000e+01
1.221849365234375000e+02 1.307092285156250000e+02 9.887249755859375000e+01
1.221670532226562500e+02 1.306626586914062500e+02 9.911944580078125000e+01
1.222711181640625000e+02 1.307568969726562500e+02 9.922180175781250000e+01
1.221804809570312500e+02 1.306342773437500000e+02 9.888568115234375000e+01
1.221334228515625000e+02 1.306621093750000000e+02 9.851104736328125000e+01
1.219365234375000000e+02 1.305875854492187500e+02 9.802490234375000000e+01
1.218280639648437500e+02 1.304682617187500000e+02 9.787683105468750000e+01
1.216333618164062500e+02 1.302681274414062500e+02 9.761401367187500000e+01
1.216270751953125000e+02 1.302125244140625000e+02 9.772180175781250000e+01
1.216278076171875000e+02 1.300719604492187500e+02 9.773022460937500000e+01
1.217101440429687500e+02 1.299631347656250000e+02 9.768554687500000000e+01
1.216798706054687500e+02 1.298878173828125000e+02 9.761059570312500000e+01
1.216899414062500000e+02 1.298665771484375000e+02 9.757318115234375000e+01
1.214868774414062500e+02 1.297797851562500000e+02 9.758288574218750000e+01
1.212656860351562500e+02 1.299562377929687500e+02 9.760949707031250000e+01
1.208529663085937500e+02 1.302101440429687500e+02 9.770361328125000000e+01
1.207885742187500000e+02 1.302756347656250000e+02 9.788031005859375000e+01
1.207673950195312500e+02 1.303093261718750000e+02 9.805340576171875000e+01
1.201968994140625000e+02 1.305503540039062500e+02 9.804010009765625000e+01
1.195187377929687500e+02 1.308295898437500000e+02 9.802990722656250000e+01
1.189971313476562500e+02 1.309802246093750000e+02 9.772650146484375000e+01
1.190281982421875000e+02 1.310963745117187500e+02 9.779290771484375000e+01
1.190253295898437500e+02 1.311395874023437500e+02 9.798889160156250000e+01
1.191425781250000000e+02 1.312301635742187500e+02 9.809582519531250000e+01
1.193241577148437500e+02 1.311936645507812500e+02 9.832965087890625000e+01
1.194528198242187500e+02 1.311310424804687500e+02 9.859490966796875000e+01
1.194672851562500000e+02 1.310546264648437500e+02 9.880108642578125000e+01
1.194349365234375000e+02 1.309466552734375000e+02 9.879956054687500000e+01
1.188928222656250000e+02 1.310291748046875000e+02 9.942248535156250000e+01
1.185156250000000000e+02 1.308837890625000000e+02 9.978289794921875000e+01
1.182059326171875000e+02 1.309066772460937500e+02 1.002734985351562500e+02
1.178497924804687500e+02 1.309749145507812500e+02 1.003223876953125000e+02
1.176970825195312500e+02 1.311850585937500000e+02 1.005916748046875000e+02
1.180673217773437500e+02 1.312185058593750000e+02 1.000429687500000000e+02
1.184318847656250000e+02 1.310912475585937500e+02 9.969805908203125000e+01
1.185855102539062500e+02 1.310030517578125000e+02 9.920166015625000000e+01
1.184965820312500000e+02 1.308462524414062500e+02 9.904663085937500000e+01
1.183822021484375000e+02 1.306645507812500000e+02 9.878741455078125000e+01
1.183864746093750000e+02 1.306076660156250000e+02 9.871752929687500000e+01
1.183001708984375000e+02 1.305159912109375000e+02 9.869177246093750000e+01
1.183521728515625000e+02 1.306306152343750000e+02 9.874114990234375000e+01
1.183874511718750000e+02 1.306824340820312500e+02 9.885455322265625000e+01
1.184824218750000000e+02 1.307643432617187500e+02 9.889648437500000000e+01
1.185742187500000000e+02 1.308911132812500000e+02 9.886798095703125000e+01
1.187921142578125000e+02 1.309683837890625000e+02 9.894354248046875000e+01
1.188698120117187500e+02 1.310216674804687500e+02 9.886596679687500000e+01
1.187917480468750000e+02 1.309867553710937500e+02 9.868170166015625000e+01
1.187188720703125000e+02 1.308925781250000000e+02 9.848425292968750000e+01
1.184387207031250000e+02 1.307568969726562500e+02 9.836236572265625000e+01
1.180090332031250000e+02 1.308505859375000000e+02 9.840124511718750000e+01
1.178154296875000000e+02 1.309957275390625000e+02 9.857739257812500000e+01
1.176873779296875000e+02 1.311109619140625000e+02 9.874951171875000000e+01
1.177343139648437500e+02 1.312272338867187500e+02 9.892852783203125000e+01
1.178489379882812500e+02 1.313037109375000000e+02 9.901721191406250000e+01
1.179537963867187500e+02 1.314138183593750000e+02 9.871545410156250000e+01
1.180841064453125000e+02 1.313962402343750000e+02 9.864947509765625000e+01
1.180895996093750000e+02 1.314331665039062500e+02 9.863897705078125000e+01
1.182145385742187500e+02 1.313961791992187500e+02 9.858905029296875000e+01
1.185252685546875000e+02 1.314664306640625000e+02 9.884509277343750000e+01
1.187597045898437500e+02 1.315474243164062500e+02 9.907696533203125000e+01
1.188939819335937500e+02 1.315614013671875000e+02 9.918896484375000000e+01
1.190698852539062500e+02 1.316165161132812500e+02 9.946002197265625000e+01
1.191085205078125000e+02 1.315413208007812500e+02 9.954986572265625000e+01
1.192342529296875000e+02 1.315493774414062500e+02 9.956976318359375000e+01
1.193776855468750000e+02 1.315095825195312500e+02 9.958898925781250000e+01
1.194478759765625000e+02 1.313632812500000000e+02 9.955334472656250000e+01
1.193665771484375000e+02 1.312263183593750000e+02 9.932934570312500000e+01
1.192850952148437500e+02 1.310675659179687500e+02 9.922662353515625000e+01
1.192728881835937500e+02 1.309725341796875000e+02 9.909075927734375000e+01
1.193393554687500000e+02 1.309219970703125000e+02 9.873675537109375000e+01
1.195086669921875000e+02 1.310250854492187500e+02 9.874810791015625000e+01
1.196337890625000000e+02 1.310849609375000000e+02 9.872283935546875000e+01
1.197457885742187500e+02 1.311054687500000000e+02 9.876684570312500000e+01
1.198552856445312500e+02 1.310939941406250000e+02 9.869366455078125000e+01
1.199950561523437500e+02 1.310689697265625000e+02 9.865759277343750000e+01
1.201375122070312500e+02 1.311889648437500000e+02 9.869317626953125000e+01
1.202732543945312500e+02 1.313346557617187500e+02 9.874121093750000000e+01
1.203770141601562500e+02 1.314423828125000000e+02 9.886553955078125000e+01
1.214454345703125000e+02 1.312434692382812500e+02 9.845886230468750000e+01
1.221864624023437500e+02 1.310689697265625000e+02 9.833374023437500000e+01
1.227626953125000000e+02 1.310161132812500000e+02 9.816845703125000000e+01
1.230247192382812500e+02 1.311663818359375000e+02 9.824212646484375000e+01
1.231412963867187500e+02 1.313218994140625000e+02 9.825146484375000000e+01
1.232124023437500000e+02 1.312825927734375000e+02 9.816491699218750000e+01
1.230846557617187500e+02 1.313098754882812500e+02 9.807360839843750000e+01
1.229899902343750000e+02 1.312808227539062500e+02 9.787304687500000000e+01
1.229752197265625000e+02 1.312739868164062500e+02 9.788684082031250000e+01
1.229503173828125000e+02 1.312554931640625000e+02 9.787176513671875000e+01
1.230139160156250000e+02 1.312659301757812500e+02 9.792529296875000000e+01
1.229624633789062500e+02 1.312361450195312500e+02 9.786584472656250000e+01
1.229473266601562500e+02 1.311884765625000000e+02 9.779742431640625000e+01
1.229807128906250000e+02 1.312239379882812500e+02 9.780902099609375000e+01
1.229432373046875000e+02 1.311769409179687500e+02 9.779382324218750000e+01
1.225908203125000000e+02 1.310853881835937500e+02 9.742413330078125000e+01
1.222790527343750000e+02 1.310906982421875000e+02 9.690625000000000000e+01
1.219739379882812500e+02 1.310773925781250000e+02 9.659808349609375000e+01
1.217607421875000000e+02 1.309016113281250000e+02 9.650769042968750000e+01
1.213914794921875000e+02 1.306898193359375000e+02 9.618316650390625000e+01
1.211930541992187500e+02 1.307040405273437500e+02 9.636950683593750000e+01
1.209660644531250000e+02 1.308034667968750000e+02 9.656787109375000000e+01
1.208320922851562500e+02 1.308551025390625000e+02 9.680285644531250000e+01
1.207375488281250000e+02 1.309018554687500000e+02 9.686425781250000000e+01
1.207122802734375000e+02 1.308928833007812500e+02 9.710681152343750000e+01
1.205555419921875000e+02 1.308751831054687500e+02 9.723229980468750000e+01
1.204908447265625000e+02 1.309690551757812500e+02 9.732781982421875000e+01
1.204545288085937500e+02 1.310424804687500000e+02 9.759704589843750000e+01
1.202875976562500000e+02 1.311418457031250000e+02 9.768365478515625000e+01
1.203185424804687500e+02 1.311984252929687500e+02 9.783404541015625000e+01
1.202640380859375000e+02 1.312431640625000000e+02 9.782940673828125000e+01
1.202333374023437500e+02 1.313438720703125000e+02 9.759954833984375000e+01
1.201989746093750000e+02 1.313195800781250000e+02 9.741979980468750000e+01
1.200494995117187500e+02 1.312719116210937500e+02 9.731353759765625000e+01
1.200293579101562500e+02 1.312572021484375000e+02 9.725744628906250000e+01
1.200733032226562500e+02 1.312418212890625000e+02 9.746240234375000000e+01
1.202209472656250000e+02 1.311387939453125000e+02 9.749359130859375000e+01
1.202546997070312500e+02 1.310362548828125000e+02 9.767248535156250000e+01
1.203591918945312500e+02 1.310566406250000000e+02 9.775677490234375000e+01
1.204943237304687500e+02 1.310061035156250000e+02 9.781604003906250000e+01
1.207980346679687500e+02 1.309267578125000000e+02 9.821636962890625000e+01
1.210464477539062500e+02 1.309426879882812500e+02 9.866027832031250000e+01
1.211781005859375000e+02 1.308991699218750000e+02 9.886029052734375000e+01
1.211824951171875000e+02 1.308480834960937500e+02 9.906597900390625000e+01
1.212039794921875000e+02 1.307887573242187500e+02 9.919812011718750000e+01
1.211066284179687500e+02 1.306508178710937500e+02 9.895819091796875000e+01
1.210964355468750000e+02 1.304348754882812500e+02 9.874011230468750000e+01
1.208933105468750000e+02 1.301851806640625000e+02 9.837725830078125000e+01
1.207583007812500000e+02 1.299989624023437500e+02 9.817956542968750000e+01
1.206669921875000000e+02 1.298975219726562500e+02 9.803320312500000000e+01
1.206609497070312500e+02 1.299269409179687500e+02 9.787969970703125000e+01
1.207304687500000000e+02 1.299138183593750000e+02 9.776947021484375000e+01
1.208062133789062500e+02 1.299403686523437500e+02 9.768322753906250000e+01
1.208521728515625000e+02 1.299597167968750000e+02 9.758386230468750000e+01
1.208932495117187500e+02 1.299911499023437500e+02 9.754357910156250000e+01
1.207479248046875000e+02 1.300244140625000000e+02 9.814630126953125000e+01
1.205430908203125000e+02 1.301635131835937500e+02 9.884362792968750000e+01
1.204400634765625000e+02 1.303073730468750000e+02 9.928619384765625000e+01
1.204880371093750000e+02 1.303532104492187500e+02 9.944415283203125000e+01
1.204508666992187500e+02 1.303956298828125000e+02 9.951385498046875000e+01
1.196560058593750000e+02 1.305387573242187500e+02 9.941650390625000000e+01
1.192156982421875000e+02 1.307347412109375000e+02 9.959875488281250000e+01
1.184512329101562500e+02 1.306089477539062500e+02 9.937921142578125000e+01
1.184389648437500000e+02 1.306541748046875000e+02 9.943048095703125000e+01
1.184293212890625000e+02 1.306753540039062500e+02 9.949304199218750000e+01
1.184807128906250000e+02 1.306872558593750000e+02 9.958483886718750000e+01
1.184093017578125000e+02 1.305661010742187500e+02 9.956384277343750000e+01
1.182582397460937500e+02 1.304396972656250000e+02 9.947283935546875000e+01
1.181989746093750000e+02 1.303840332031250000e+02 9.943933105468750000e+01
1.180949707031250000e+02 1.303513793945312500e+02 9.950543212890625000e+01
1.179478759765625000e+02 1.302882080078125000e+02 9.914672851562500000e+01
1.177863159179687500e+02 1.303182983398437500e+02 9.897601318359375000e+01
1.176352539062500000e+02 1.302026977539062500e+02 9.873937988281250000e+01
1.175969848632812500e+02 1.301618041992187500e+02 9.870025634765625000e+01
1.173318481445312500e+02 1.300067138671875000e+02 9.816876220703125000e+01
1.172832031250000000e+02 1.297755126953125000e+02 9.815350341796875000e+01
1.173909912109375000e+02 1.296076660156250000e+02 9.792779541015625000e+01
1.173259277343750000e+02 1.294614257812500000e+02 9.776190185546875000e+01
1.171775512695312500e+02 1.292037963867187500e+02 9.766802978515625000e+01
1.170844726562500000e+02 1.289051513671875000e+02 9.732427978515625000e+01
1.168299560546875000e+02 1.286672363281250000e+02 9.588830566406250000e+01
1.171025390625000000e+02 1.287252807617187500e+02 9.519097900390625000e+01
1.172242431640625000e+02 1.288434448242187500e+02 9.468670654296875000e+01
1.174827880859375000e+02 1.287800903320312500e+02 9.452221679687500000e+01
1.175360717773437500e+02 1.286921386718750000e+02 9.413848876953125000e+01
1.173922119140625000e+02 1.286817016601562500e+02 9.430950927734375000e+01
1.174528198242187500e+02 1.287947998046875000e+02 9.455834960937500000e+01
1.175273437500000000e+02 1.289429321289062500e+02 9.484436035156250000e+01
1.174067382812500000e+02 1.289715576171875000e+02 9.493499755859375000e+01
1.174753417968750000e+02 1.289995117187500000e+02 9.517327880859375000e+01
1.170937500000000000e+02 1.290426635742187500e+02 9.540832519531250000e+01
1.168253173828125000e+02 1.292164916992187500e+02 9.539874267578125000e+01
1.168500976562500000e+02 1.293622436523437500e+02 9.551171875000000000e+01
1.170264282226562500e+02 1.295033569335937500e+02 9.570666503906250000e+01
1.171589965820312500e+02 1.296861572265625000e+02 9.585614013671875000e+01
1.173972778320312500e+02 1.298822631835937500e+02 9.574389648437500000e+01
1.175260009765625000e+02 1.299322509765625000e+02 9.557391357421875000e+01
1.175128173828125000e+02 1.300079956054687500e+02 9.517816162109375000e+01
1.174990234375000000e+02 1.299400024414062500e+02 9.495043945312500000e+01
1.176101684570312500e+02 1.299713134765625000e+02 9.498449707031250000e+01
1.176799316406250000e+02 1.299205932617187500e+02 9.536608886718750000e+01
1.179402465820312500e+02 1.298546752929687500e+02 9.554138183593750000e+01
1.180681152343750000e+02 1.297207641601562500e+02 9.601318359375000000e+01
1.181417846679687500e+02 1.297185058593750000e+02 9.643640136718750000e+01
1.181017456054687500e+02 1.295401000976562500e+02 9.631683349609375000e+01
1.181282958984375000e+02 1.295028076171875000e+02 9.639038085937500000e+01
1.180515136718750000e+02 1.295387573242187500e+02 9.634680175781250000e+01
1.178833618164062500e+02 1.294909667968750000e+02 9.629998779296875000e+01
1.176791381835937500e+02 1.294240722656250000e+02 9.619506835937500000e+01
1.177349243164062500e+02 1.294642944335937500e+02 9.623144531250000000e+01
1.177296752929687500e+02 1.294428100585937500e+02 9.696466064453125000e+01
1.179063110351562500e+02 1.294354248046875000e+02 9.771588134765625000e+01
1.180328369140625000e+02 1.295642700195312500e+02 9.807611083984375000e+01
1.181881103515625000e+02 1.296724853515625000e+02 9.823498535156250000e+01
1.182812500000000000e+02 1.297047729492187500e+02 9.841809082031250000e+01
1.184669189453125000e+02 1.298198242187500000e+02 9.881042480468750000e+01
1.185261840820312500e+02 1.298472900390625000e+02 9.894989013671875000e+01
1.186386108398437500e+02 1.299309082031250000e+02 9.910266113281250000e+01
1.187105102539062500e+02 1.299854736328125000e+02 9.927185058593750000e+01
1.187359619140625000e+02 1.299946899414062500e+02 9.940545654296875000e+01
1.186972045898437500e+02 1.299174194335937500e+02 9.952563476562500000e+01
1.186342773437500000e+02 1.298784790039062500e+02 9.964031982421875000e+01
1.183917846679687500e+02 1.296349487304687500e+02 9.969207763671875000e+01
1.184118041992187500e+02 1.297446899414062500e+02 9.981036376953125000e+01
1.185114746093750000e+02 1.298069458007812500e+02 9.987890625000000000e+01
1.185263061523437500e+02 1.299265747070312500e+02 9.945971679687500000e+01
1.183816528320312500e+02 1.300435791015625000e+02 9.889257812500000000e+01
1.183975830078125000e+02 1.301378173828125000e+02 9.868237304687500000e+01
1.184076538085937500e+02 1.301138916015625000e+02 9.849597167968750000e+01
1.185052490234375000e+02 1.301751708984375000e+02 9.842242431640625000e+01
1.186238403320312500e+02 1.301824340820312500e+02 9.832928466796875000e+01
1.187786865234375000e+02 1.302562255859375000e+02 9.835107421875000000e+01
1.188455810546875000e+02 1.302166137695312500e+02 9.832250976562500000e+01
1.189470214843750000e+02 1.302767333984375000e+02 9.828540039062500000e+01
1.188927612304687500e+02 1.301688232421875000e+02 9.815496826171875000e+01
1.194124755859375000e+02 1.299029541015625000e+02 9.776300048828125000e+01
1.197950439453125000e+02 1.296464233398437500e+02 9.701916503906250000e+01
1.198893432617187500e+02 1.295626831054687500e+02 9.691003417968750000e+01
1.196980590820312500e+02 1.293083496093750000e+02 9.646728515625000000e+01
1.196957397460937500e+02 1.290744628906250000e+02 9.620922851562500000e+01
1.197327880859375000e+02 1.289201660156250000e+02 9.637738037109375000e+01
1.198087768554687500e+02 1.287813110351562500e+02 9.646392822265625000e+01
1.197625122070312500e+02 1.285537109375000000e+02 9.655029296875000000e+01
1.197832031250000000e+02 1.284816284179687500e+02 9.662213134765625000e+01
1.196524047851562500e+02 1.282756347656250000e+02 9.648620605468750000e+01
1.196063842773437500e+02 1.281769409179687500e+02 9.630963134765625000e+01
1.194673461914062500e+02 1.281854858398437500e+02 9.624530029296875000e+01
1.193809204101562500e+02 1.281777343750000000e+02 9.614160156250000000e+01
1.192302246093750000e+02 1.283171997070312500e+02 9.617132568359375000e+01
1.192051391601562500e+02 1.284387817382812500e+02 9.620233154296875000e+01
1.190515747070312500e+02 1.286757202148437500e+02 9.637390136718750000e+01
1.189873046875000000e+02 1.288044433593750000e+02 9.659881591796875000e+01
1.188231201171875000e+02 1.289123535156250000e+02 9.660406494140625000e+01
1.188297729492187500e+02 1.290926513671875000e+02 9.673645019531250000e+01
1.186693115234375000e+02 1.291671142578125000e+02 9.681359863281250000e+01
1.182509155273437500e+02 1.293448486328125000e+02 9.724755859375000000e+01
1.178190307617187500e+02 1.291708374023437500e+02 9.719860839843750000e+01
1.175133666992187500e+02 1.292886962890625000e+02 9.747338867187500000e+01
1.174525756835937500e+02 1.293028564453125000e+02 9.768298339843750000e+01
1.173991088867187500e+02 1.294014892578125000e+02 9.767822265625000000e+01
1.171788330078125000e+02 1.294686889648437500e+02 9.776892089843750000e+01
1.171137695312500000e+02 1.294402465820312500e+02 9.793499755859375000e+01
1.168862304687500000e+02 1.295299682617187500e+02 9.810491943359375000e+01
1.169328002929687500e+02 1.295686645507812500e+02 9.833856201171875000e+01
1.168592529296875000e+02 1.296143798828125000e+02 9.839385986328125000e+01
1.176008300781250000e+02 1.294425048828125000e+02 9.818988037109375000e+01
1.184371948242187500e+02 1.291568603515625000e+02 9.814752197265625000e+01
1.186340332031250000e+02 1.289605102539062500e+02 9.794573974609375000e+01
1.187581176757812500e+02 1.286970825195312500e+02 9.772210693359375000e+01
1.188915405273437500e+02 1.287415771484375000e+02 9.772955322265625000e+01
1.181300048828125000e+02 1.288630371093750000e+02 9.795013427734375000e+01
1.179000854492187500e+02 1.289882812500000000e+02 9.820196533203125000e+01
1.176609497070312500e+02 1.289440917968750000e+02 9.836254882812500000e+01
1.175151977539062500e+02 1.289977416992187500e+02 9.834594726562500000e+01
1.174152832031250000e+02 1.289910278320312500e+02 9.828942871093750000e+01
1.167562255859375000e+02 1.293569335937500000e+02 9.839874267578125000e+01
1.164637451171875000e+02 1.292630615234375000e+02 9.824114990234375000e+01
1.161241455078125000e+02 1.294472656250000000e+02 9.835479736328125000e+01
1.158451538085937500e+02 1.293049316406250000e+02 9.827020263671875000e+01
1.155471801757812500e+02 1.292775268554687500e+02 9.827496337890625000e+01
1.151209716796875000e+02 1.291586914062500000e+02 9.812152099609375000e+01
1.148368530273437500e+02 1.293056640625000000e+02 9.830206298828125000e+01
1.141561279296875000e+02 1.290893554687500000e+02 9.825689697265625000e+01
1.143040771484375000e+02 1.291985473632812500e+02 9.840521240234375000e+01
1.143482666015625000e+02 1.293179321289062500e+02 9.845764160156250000e+01
1.148882446289062500e+02 1.291842651367187500e+02 9.807495117187500000e+01
1.154230346679687500e+02 1.291408081054687500e+02 9.792510986328125000e+01
1.155352783203125000e+02 1.291914062500000000e+02 9.766607666015625000e+01
1.158103027343750000e+02 1.291087036132812500e+02 9.773931884765625000e+01
1.159631347656250000e+02 1.291074218750000000e+02 9.760089111328125000e+01
1.157990112304687500e+02 1.290330200195312500e+02 9.685040283203125000e+01
1.156873779296875000e+02 1.290062866210937500e+02 9.665386962890625000e+01
1.155230712890625000e+02 1.288952026367187500e+02 9.638763427734375000e+01
1.154678344726562500e+02 1.288778686523437500e+02 9.613873291015625000e+01
1.153402709960937500e+02 1.287609252929687500e+02 9.596203613281250000e+01
1.151419677734375000e+02 1.286929931640625000e+02 9.549865722656250000e+01
1.148206787109375000e+02 1.285720825195312500e+02 9.503552246093750000e+01
1.146144409179687500e+02 1.284392089843750000e+02 9.470874023437500000e+01
1.144028320312500000e+02 1.283026123046875000e+02 9.433416748046875000e+01
1.143733520507812500e+02 1.282947387695312500e+02 9.411059570312500000e+01
1.145211181640625000e+02 1.283837280273437500e+02 9.439654541015625000e+01
1.148699340820312500e+02 1.283979492187500000e+02 9.457885742187500000e+01
1.150805664062500000e+02 1.284456176757812500e+02 9.461932373046875000e+01
1.153560180664062500e+02 1.284444580078125000e+02 9.474353027343750000e+01
1.155794067382812500e+02 1.284485473632812500e+02 9.489013671875000000e+01
1.155544433593750000e+02 1.285425415039062500e+02 9.488964843750000000e+01
1.154265136718750000e+02 1.285703735351562500e+02 9.485296630859375000e+01
1.151466064453125000e+02 1.285889892578125000e+02 9.482885742187500000e+01
1.149052734375000000e+02 1.283818969726562500e+02 9.467529296875000000e+01
1.147476806640625000e+02 1.283605346679687500e+02 9.461871337890625000e+01
1.148186035156250000e+02 1.282817382812500000e+02 9.453967285156250000e+01
1.149234008789062500e+02 1.284096679687500000e+02 9.435180664062500000e+01
1.150569458007812500e+02 1.283446655273437500e+02 9.424218750000000000e+01
1.151654663085937500e+02 1.284833374023437500e+02 9.426495361328125000e+01
1.150993652343750000e+02 1.284511718750000000e+02 9.424414062500000000e+01
1.151228637695312500e+02 1.284108276367187500e+02 9.417224121093750000e+01
1.149100952148437500e+02 1.283022460937500000e+02 9.405236816406250000e+01
1.149137573242187500e+02 1.282216796875000000e+02 9.423309326171875000e+01
1.148081665039062500e+02 1.281529541015625000e+02 9.419763183593750000e+01
1.147957763671875000e+02 1.281593017578125000e+02 9.422875976562500000e+01
1.147213745117187500e+02 1.280667724609375000e+02 9.386212158203125000e+01
1.147788696289062500e+02 1.280404663085937500e+02 9.335784912109375000e+01
1.147950439453125000e+02 1.278322753906250000e+02 9.321704101562500000e+01
1.147486572265625000e+02 1.277258300781250000e+02 9.305157470703125000e+01
1.146246337890625000e+02 1.275339355468750000e+02 9.285473632812500000e+01
1.147483520507812500e+02 1.275038452148437500e+02 9.309161376953125000e+01
1.147125244140625000e+02 1.275116577148437500e+02 9.320104980468750000e+01
1.147535400390625000e+02 1.275255737304687500e+02 9.326782226562500000e+01
1.147435913085937500e+02 1.274669799804687500e+02 9.329742431640625000e+01
1.148781738281250000e+02 1.277012939453125000e+02 9.365563964843750000e+01
1.151947021484375000e+02 1.278600463867187500e+02 9.399993896484375000e+01
1.154353027343750000e+02 1.279618530273437500e+02 9.432330322265625000e+01
1.155560302734375000e+02 1.280081176757812500e+02 9.456524658203125000e+01
1.156185913085937500e+02 1.280454101562500000e+02 9.464471435546875000e+01
1.156231689453125000e+02 1.280024414062500000e+02 9.472229003906250000e+01
1.154299316406250000e+02 1.280447387695312500e+02 9.463452148437500000e+01
1.152293090820312500e+02 1.279829101562500000e+02 9.441522216796875000e+01
1.150834960937500000e+02 1.279790649414062500e+02 9.436553955078125000e+01
1.147229003906250000e+02 1.277407836914062500e+02 9.420385742187500000e+01
1.146634521484375000e+02 1.277518920898437500e+02 9.411834716796875000e+01
1.146445922851562500e+02 1.277053833007812500e+02 9.397186279296875000e+01
1.147122802734375000e+02 1.277981567382812500e+02 9.370849609375000000e+01
1.147032470703125000e+02 1.277398071289062500e+02 9.345770263671875000e+01
1.150952758789062500e+02 1.280056762695312500e+02 9.373034667968750000e+01
1.152459106445312500e+02 1.281881713867187500e+02 9.390771484375000000e+01
1.155988159179687500e+02 1.283873901367187500e+02 9.396911621093750000e+01
1.157935180664062500e+02 1.284909057617187500e+02 9.420495605468750000e+01
1.160444335937500000e+02 1.285676269531250000e+02 9.418078613281250000e+01
1.161583251953125000e+02 1.284620971679687500e+02 9.413708496093750000e+01
1.162861938476562500e+02 1.284885253906250000e+02 9.419610595703125000e+01
1.160567626953125000e+02 1.283314819335937500e+02 9.410827636718750000e+01
1.159858398437500000e+02 1.283707885742187500e+02 9.421655273437500000e+01
1.157370605468750000e+02 1.283077392578125000e+02 9.441375732421875000e+01
1.156243286132812500e+02 1.284151611328125000e+02 9.459228515625000000e+01
1.156328125000000000e+02 1.284190673828125000e+02 9.461932373046875000e+01
1.157421264648437500e+02 1.284801025390625000e+02 9.457757568359375000e+01
1.157247314453125000e+02 1.284893188476562500e+02 9.444342041015625000e+01
1.157791748046875000e+02 1.286150512695312500e+02 9.442236328125000000e+01
1.157200927734375000e+02 1.285039062500000000e+02 9.430603027343750000e+01
1.158662109375000000e+02 1.286215820312500000e+02 9.439147949218750000e+01
1.148936157226562500e+02 1.288934936523437500e+02 9.599884033203125000e+01
1.148265991210937500e+02 1.290534057617187500e+02 9.696636962890625000e+01
1.146730957031250000e+02 1.291904907226562500e+02 9.745172119140625000e+01
1.146883544921875000e+02 1.292836914062500000e+02 9.777520751953125000e+01
1.147095336914062500e+02 1.292851562500000000e+02 9.789312744140625000e+01
1.150737915039062500e+02 1.294272460937500000e+02 9.803558349609375000e+01
1.156191406250000000e+02 1.293985595703125000e+02 9.824499511718750000e+01
1.159196777343750000e+02 1.295241699218750000e+02 9.835864257812500000e+01
1.160795288085937500e+02 1.294766235351562500e+02 9.812786865234375000e+01
1.162353515625000000e+02 1.296038818359375000e+02 9.822418212890625000e+01
1.158356933593750000e+02 1.296188964843750000e+02 9.815045166015625000e+01
1.153920288085937500e+02 1.298164672851562500e+02 9.813861083984375000e+01
1.151771850585937500e+02 1.297566528320312500e+02 9.812036132812500000e+01
1.149648437500000000e+02 1.299078369140625000e+02 9.806494140625000000e+01
1.148607788085937500e+02 1.299343872070312500e+02 9.801409912109375000e+01
1.149107055664062500e+02 1.299802246093750000e+02 9.800439453125000000e+01
1.149169311523437500e+02 1.297988891601562500e+02 9.794360351562500000e+01
1.149564208984375000e+02 1.297330932617187500e+02 9.789361572265625000e+01
1.150834350585937500e+02 1.297093505859375000e+02 9.785455322265625000e+01
1.151610717773437500e+02 1.297333374023437500e+02 9.783557128906250000e+01
1.153283081054687500e+02 1.296228027343750000e+02 9.779241943359375000e+01
1.155979003906250000e+02 1.296734008789062500e+02 9.781616210937500000e+01
1.156633300781250000e+02 1.295653076171875000e+02 9.784112548828125000e+01
1.157677612304687500e+02 1.296049194335937500e+02 9.802001953125000000e+01
1.157608642578125000e+02 1.295129394531250000e+02 9.800341796875000000e+01
1.158536376953125000e+02 1.295225830078125000e+02 9.795452880859375000e+01
1.157469482421875000e+02 1.293150634765625000e+02 9.773724365234375000e+01
1.157388305664062500e+02 1.292165527343750000e+02 9.752539062500000000e+01
1.155177001953125000e+02 1.289251708984375000e+02 9.725524902343750000e+01
1.154453735351562500e+02 1.288719482421875000e+02 9.719384765625000000e+01
1.151728515625000000e+02 1.287847290039062500e+02 9.750201416015625000e+01
1.150480346679687500e+02 1.288414306640625000e+02 9.800927734375000000e+01
1.148648071289062500e+02 1.288149414062500000e+02 9.833044433593750000e+01
1.148383789062500000e+02 1.288569946289062500e+02 9.854211425781250000e+01
1.147150268554687500e+02 1.289243774414062500e+02 9.870812988281250000e+01
1.148059082031250000e+02 1.290354614257812500e+02 9.880267333984375000e+01
1.149266967773437500e+02 1.290705566406250000e+02 9.869476318359375000e+01
1.149812011718750000e+02 1.291510009765625000e+02 9.862036132812500000e+01
1.150902099609375000e+02 1.290667724609375000e+02 9.870434570312500000e+01
1.151778564453125000e+02 1.291614379882812500e+02 9.879394531250000000e+01
1.152069702148437500e+02 1.291195068359375000e+02 9.864776611328125000e+01
1.153546752929687500e+02 1.291877441406250000e+02 9.858288574218750000e+01
1.154096679687500000e+02 1.288609619140625000e+02 9.844671630859375000e+01
1.155063476562500000e+02 1.289732055664062500e+02 9.835296630859375000e+01
1.155125122070312500e+02 1.289951782226562500e+02 9.814172363281250000e+01
1.150676879882812500e+02 1.290615844726562500e+02 9.777941894531250000e+01
1.146945800781250000e+02 1.289338378906250000e+02 9.754943847656250000e+01
1.145270385742187500e+02 1.289320068359375000e+02 9.743951416015625000e+01
1.144141235351562500e+02 1.288522338867187500e+02 9.722106933593750000e+01
1.144016723632812500e+02 1.288838500976562500e+02 9.716333007812500000e+01
1.143565063476562500e+02 1.287987060546875000e+02 9.713256835937500000e+01
1.145136718750000000e+02 1.288661499023437500e+02 9.715692138671875000e+01
1.144713134765625000e+02 1.287719726562500000e+02 9.705072021484375000e+01
1.145821533203125000e+02 1.287427978515625000e+02 9.710638427734375000e+01
1.145266113281250000e+02 1.285982666015625000e+02 9.707916259765625000e+01
1.145241699218750000e+02 1.285348510742187500e+02 9.706036376953125000e+01
1.145492553710937500e+02 1.282880859375000000e+02 9.691564941406250000e+01
1.145656127929687500e+02 1.281727294921875000e+02 9.680975341796875000e+01
1.144416503906250000e+02 1.278815307617187500e+02 9.658746337890625000e+01
1.144321289062500000e+02 1.277868652343750000e+02 9.653521728515625000e+01
1.141729736328125000e+02 1.276875610351562500e+02 9.582678222656250000e+01
1.141739501953125000e+02 1.277600097656250000e+02 9.508258056640625000e+01
1.140466918945312500e+02 1.276062622070312500e+02 9.461047363281250000e+01
1.139979858398437500e+02 1.277436523437500000e+02 9.458026123046875000e+01
1.137648315429687500e+02 1.277085571289062500e+02 9.433911132812500000e+01
1.143245849609375000e+02 1.277159423828125000e+02 9.450976562500000000e+01
1.147812500000000000e+02 1.275234985351562500e+02 9.444433593750000000e+01
1.152166748046875000e+02 1.276082763671875000e+02 9.460034179687500000e+01
1.153975830078125000e+02 1.275643920898437500e+02 9.462768554687500000e+01
1.155005493164062500e+02 1.276637573242187500e+02 9.461492919921875000e+01
1.153712768554687500e+02 1.275833129882812500e+02 9.449041748046875000e+01
1.154307250976562500e+02 1.276218872070312500e+02 9.456036376953125000e+01
1.153770141601562500e+02 1.275699462890625000e+02 9.447924804687500000e+01
1.153568725585937500e+02 1.276375122070312500e+02 9.448870849609375000e+01
1.152132568359375000e+02 1.275911254882812500e+02 9.449902343750000000e+01
1.150267333984375000e+02 1.274912719726562500e+02 9.430804443359375000e+01
1.148870849609375000e+02 1.273080444335937500e+02 9.392010498046875000e+01
1.148302612304687500e+02 1.273598022460937500e+02 9.386547851562500000e+01
1.148366699218750000e+02 1.274038085937500000e+02 9.377044677734375000e+01
1.149416503906250000e+02 1.273393554687500000e+02 9.383160400390625000e+01
1.149944458007812500e+02 1.272991333007812500e+02 9.367962646484375000e+01
1.149959106445312500e+02 1.273400878906250000e+02 9.356036376953125000e+01
1.149563598632812500e+02 1.273734130859375000e+02 9.348797607421875000e+01
1.150365600585937500e+02 1.274320678710937500e+02 9.340283203125000000e+01
1.150115356445312500e+02 1.273442993164062500e+02 9.347210693359375000e+01
1.147474975585937500e+02 1.272940673828125000e+02 9.352368164062500000e+01
1.140537109375000000e+02 1.271907348632812500e+02 9.351965332031250000e+01
1.137618408203125000e+02 1.272110595703125000e+02 9.341900634765625000e+01
1.134697875976562500e+02 1.270878906250000000e+02 9.329852294921875000e+01
1.133955078125000000e+02 1.272037963867187500e+02 9.338653564453125000e+01
1.135048217773437500e+02 1.272207641601562500e+02 9.335162353515625000e+01
1.135803833007812500e+02 1.273623657226562500e+02 9.340063476562500000e+01
1.136046752929687500e+02 1.273236083984375000e+02 9.329321289062500000e+01
1.136548461914062500e+02 1.273703613281250000e+02 9.328302001953125000e+01
1.135870971679687500e+02 1.273728027343750000e+02 9.327001953125000000e+01
1.137650146484375000e+02 1.274096069335937500e+02 9.320477294921875000e+01
1.140184326171875000e+02 1.273497924804687500e+02 9.313275146484375000e+01
1.141272583007812500e+02 1.274015502929687500e+02 9.296405029296875000e+01
1.140418701171875000e+02 1.273159790039062500e+02 9.287268066406250000e+01
1.141951904296875000e+02 1.273762207031250000e+02 9.293707275390625000e+01
1.141113891601562500e+02 1.273612670898437500e+02 9.296801757812500000e+01
1.141430664062500000e+02 1.274737548828125000e+02 9.314221191406250000e+01
1.139307861328125000e+02 1.274102172851562500e+02 9.288726806640625000e+01
1.140330200195312500e+02 1.275920410156250000e+02 9.315588378906250000e+01
1.139468383789062500e+02 1.276052856445312500e+02 9.324652099609375000e+01
1.141471557617187500e+02 1.276836547851562500e+02 9.327307128906250000e+01
1.144334106445312500e+02 1.275949096679687500e+02 9.333215332031250000e+01
1.146603393554687500e+02 1.276569824218750000e+02 9.348254394531250000e+01
1.147989501953125000e+02 1.275941162109375000e+02 9.354302978515625000e+01
1.151361083984375000e+02 1.276174316406250000e+02 9.368841552734375000e+01
1.151547241210937500e+02 1.275305786132812500e+02 9.383886718750000000e+01
1.152069091796875000e+02 1.275809936523437500e+02 9.392877197265625000e+01
1.151448364257812500e+02 1.275097045898437500e+02 9.391522216796875000e+01
1.152545776367187500e+02 1.275612792968750000e+02 9.402264404296875000e+01
1.152467041015625000e+02 1.275244140625000000e+02 9.406988525390625000e+01
1.151439819335937500e+02 1.274912109375000000e+02 9.371582031250000000e+01
1.148193359375000000e+02 1.273998413085937500e+02 9.335992431640625000e+01
1.148552246093750000e+02 1.274984130859375000e+02 9.308081054687500000e+01
1.149159545898437500e+02 1.274050903320312500e+02 9.298583984375000000e+01
1.151947631835937500e+02 1.275586547851562500e+02 9.303894042968750000e+01
1.154113159179687500e+02 1.276395263671875000e+02 9.312072753906250000e+01
1.156950073242187500e+02 1.277890625000000000e+02 9.352813720703125000e+01
1.158031616210937500e+02 1.278440551757812500e+02 9.377374267578125000e+01
1.159009399414062500e+02 1.279022827148437500e+02 9.399926757812500000e+01
1.160479125976562500e+02 1.279669189453125000e+02 9.409973144531250000e+01
1.159313354492187500e+02 1.280527954101562500e+02 9.429052734375000000e+01
1.155224609375000000e+02 1.280601196289062500e+02 9.463952636718750000e+01
1.153646240234375000e+02 1.282219848632812500e+02 9.489587402343750000e+01
1.152940063476562500e+02 1.282350463867187500e+02 9.512762451171875000e+01
1.152186889648437500e+02 1.283579711914062500e+02 9.520007324218750000e+01
1.151365356445312500e+02 1.284453125000000000e+02 9.522064208984375000e+01
1.152667236328125000e+02 1.286137084960937500e+02 9.547882080078125000e+01
1.152330322265625000e+02 1.287067260742187500e+02 9.559326171875000000e+01
1.152960205078125000e+02 1.287758178710937500e+02 9.579174804687500000e+01
1.153341064453125000e+02 1.287491455078125000e+02 9.588488769531250000e+01
1.153839111328125000e+02 1.288674316406250000e+02 9.605096435546875000e+01
1.152816162109375000e+02 1.288582153320312500e+02 9.634344482421875000e+01
1.153572387695312500e+02 1.288993530273437500e+02 9.663360595703125000e+01
1.153453369140625000e+02 1.288943481445312500e+02 9.663964843750000000e+01
1.155202026367187500e+02 1.289951171875000000e+02 9.668743896484375000e+01
1.155371704101562500e+02 1.290253906250000000e+02 9.706951904296875000e+01
1.156720581054687500e+02 1.290831298828125000e+02 9.792437744140625000e+01
1.156791381835937500e+02 1.291467285156250000e+02 9.828863525390625000e+01
1.157392578125000000e+02 1.292468872070312500e+02 9.860498046875000000e+01
1.156542358398437500e+02 1.291787109375000000e+02 9.854980468750000000e+01
1.157070922851562500e+02 1.291713867187500000e+02 9.853521728515625000e+01
1.157840576171875000e+02 1.289711914062500000e+02 9.835632324218750000e+01
1.159575195312500000e+02 1.288723754882812500e+02 9.824743652343750000e+01
1.160673828125000000e+02 1.287180786132812500e+02 9.812103271484375000e+01
1.161874389648437500e+02 1.286542358398437500e+02 9.803710937500000000e+01
1.169463500976562500e+02 1.283482666015625000e+02 9.746960449218750000e+01
1.176640625000000000e+02 1.281907958984375000e+02 9.700146484375000000e+01
1.179145507812500000e+02 1.280592041015625000e+02 9.680151367187500000e+01
1.182250366210937500e+02 1.281087036132812500e+02 9.691632080078125000e+01
1.183770751953125000e+02 1.282416992187500000e+02 9.688934326171875000e+01
1.185153808593750000e+02 1.284072265625000000e+02 9.691442871093750000e+01
1.186005859375000000e+02 1.285400390625000000e+02 9.692871093750000000e+01
1.186829223632812500e+02 1.286676635742187500e+02 9.707519531250000000e+01
1.186959228515625000e+02 1.287636718750000000e+02 9.718829345703125000e+01
1.186994628906250000e+02 1.288110961914062500e+02 9.715856933593750000e+01
1.186190185546875000e+02 1.287241210937500000e+02 9.697973632812500000e+01
1.186631469726562500e+02 1.287335815429687500e+02 9.686651611328125000e+01
1.186714477539062500e+02 1.283176269531250000e+02 9.609228515625000000e+01
1.187364501953125000e+02 1.283602905273437500e+02 9.620471191406250000e+01
1.187531738281250000e+02 1.283509521484375000e+02 9.621368408203125000e+01
1.184481811523437500e+02 1.285157470703125000e+02 9.621807861328125000e+01
1.180938720703125000e+02 1.284980468750000000e+02 9.613311767578125000e+01
1.179992065429687500e+02 1.286369628906250000e+02 9.615173339843750000e+01
1.178126220703125000e+02 1.287374877929687500e+02 9.610070800781250000e+01
1.177675170898437500e+02 1.288340454101562500e+02 9.624273681640625000e+01
1.179884033203125000e+02 1.288034667968750000e+02 9.627429199218750000e+01
1.182588500976562500e+02 1.287086181640625000e+02 9.611810302734375000e+01
1.181969604492187500e+02 1.285328979492187500e+02 9.589465332031250000e+01
1.182623291015625000e+02 1.283883666992187500e+02 9.590277099609375000e+01
1.181392822265625000e+02 1.282163085937500000e+02 9.563269042968750000e+01
1.181083374023437500e+02 1.283388671875000000e+02 9.625158691406250000e+01
1.178129272460937500e+02 1.283822631835937500e+02 9.663488769531250000e+01
1.178272094726562500e+02 1.283251953125000000e+02 9.684277343750000000e+01
1.175152587890625000e+02 1.282177124023437500e+02 9.672070312500000000e+01
1.175101928710937500e+02 1.282742919921875000e+02 9.694824218750000000e+01
1.174212646484375000e+02 1.282328491210937500e+02 9.728186035156250000e+01
1.174900512695312500e+02 1.283334350585937500e+02 9.748248291015625000e+01
1.173184814453125000e+02 1.283948364257812500e+02 9.758868408203125000e+01
1.171874389648437500e+02 1.284173583984375000e+02 9.780340576171875000e+01
1.170336303710937500e+02 1.283222045898437500e+02 9.784625244140625000e+01
1.165413818359375000e+02 1.285663452148437500e+02 9.809698486328125000e+01
1.160914306640625000e+02 1.286170043945312500e+02 9.824096679687500000e+01
1.157598876953125000e+02 1.286811523437500000e+02 9.821667480468750000e+01
1.156776123046875000e+02 1.286541748046875000e+02 9.824395751953125000e+01
1.155509033203125000e+02 1.286914062500000000e+02 9.824963378906250000e+01
1.151253662109375000e+02 1.284957275390625000e+02 9.788165283203125000e+01
1.149306640625000000e+02 1.285550537109375000e+02 9.755767822265625000e+01
1.148364868164062500e+02 1.285466308593750000e+02 9.751104736328125000e+01
1.148234252929687500e+02 1.284676513671875000e+02 9.755139160156250000e+01
1.147781982421875000e+02 1.284005737304687500e+02 9.747039794921875000e+01
1.147624511718750000e+02 1.283948364257812500e+02 9.750384521484375000e+01
1.147454833984375000e+02 1.283116455078125000e+02 9.763848876953125000e+01
1.145781860351562500e+02 1.282878417968750000e+02 9.754223632812500000e+01
1.144624633789062500e+02 1.282169799804687500e+02 9.748590087890625000e+01
1.144111938476562500e+02 1.281585083007812500e+02 9.741162109375000000e+01
1.142206420898437500e+02 1.280408935546875000e+02 9.617974853515625000e+01
1.141890869140625000e+02 1.279727172851562500e+02 9.522503662109375000e+01
1.141169433593750000e+02 1.278328247070312500e+02 9.495605468750000000e+01
1.140233764648437500e+02 1.277751464843750000e+02 9.458923339843750000e+01
1.140791015625000000e+02 1.277420043945312500e+02 9.435205078125000000e+01
1.142498168945312500e+02 1.278120117187500000e+02 9.461968994140625000e+01
1.144692993164062500e+02 1.277321777343750000e+02 9.481829833984375000e+01
1.147019042968750000e+02 1.277836914062500000e+02 9.502984619140625000e+01
1.148184204101562500e+02 1.278974609375000000e+02 9.518927001953125000e+01
1.149327392578125000e+02 1.279634399414062500e+02 9.520959472656250000e+01
1.150864868164062500e+02 1.280109252929687500e+02 9.534130859375000000e+01
1.155793457031250000e+02 1.278994140625000000e+02 9.558758544921875000e+01
1.158275756835937500e+02 1.278354492187500000e+02 9.561370849609375000e+01
1.158955688476562500e+02 1.278291625976562500e+02 9.566394042968750000e+01
1.158331909179687500e+02 1.277332153320312500e+02 9.567626953125000000e+01
1.157702026367187500e+02 1.277848510742187500e+02 9.562170410156250000e+01
1.154812011718750000e+02 1.277807006835937500e+02 9.540740966796875000e+01
1.154946899414062500e+02 1.278118896484375000e+02 9.545776367187500000e+01
1.153021850585937500e+02 1.278321533203125000e+02 9.552044677734375000e+01
1.152194824218750000e+02 1.277846069335937500e+02 9.542987060546875000e+01
1.152127685546875000e+02 1.276549682617187500e+02 9.524224853515625000e+01
1.154362792968750000e+02 1.276221313476562500e+02 9.534521484375000000e+01
1.159443969726562500e+02 1.272210693359375000e+02 9.506988525390625000e+01
1.160606689453125000e+02 1.273242187500000000e+02 9.518646240234375000e+01
1.161721801757812500e+02 1.273463134765625000e+02 9.535998535156250000e+01
1.161798095703125000e+02 1.273904418945312500e+02 9.513006591796875000e+01
1.161492309570312500e+02 1.273515014648437500e+02 9.501147460937500000e+01
1.161749877929687500e+02 1.273558959960937500e+02 9.478253173828125000e+01
1.160510864257812500e+02 1.273222045898437500e+02 9.465594482421875000e+01
1.159321899414062500e+02 1.272768554687500000e+02 9.458679199218750000e+01
1.159301757812500000e+02 1.270787963867187500e+02 9.449255371093750000e+01
1.157428588867187500e+02 1.269013061523437500e+02 9.413543701171875000e+01
1.155827026367187500e+02 1.266723022460937500e+02 9.384173583984375000e+01
1.155817260742187500e+02 1.267006835937500000e+02 9.375689697265625000e+01
1.156327514648437500e+02 1.267568359375000000e+02 9.378576660156250000e+01
1.157753295898437500e+02 1.269021606445312500e+02 9.383081054687500000e+01
1.157791137695312500e+02 1.269957885742187500e+02 9.388537597656250000e+01
1.158682250976562500e+02 1.270888671875000000e+02 9.385125732421875000e+01
1.159326171875000000e+02 1.270587158203125000e+02 9.379858398437500000e+01
1.159160156250000000e+02 1.271902465820312500e+02 9.395660400390625000e+01
1.159560546875000000e+02 1.271671142578125000e+02 9.384344482421875000e+01
1.159635009765625000e+02 1.272031250000000000e+02 9.388293457031250000e+01
1.159144287109375000e+02 1.271928710937500000e+02 9.384844970703125000e+01
1.159249877929687500e+02 1.272287597656250000e+02 9.390863037109375000e+01
1.158441162109375000e+02 1.272132568359375000e+02 9.380255126953125000e+01
1.158696289062500000e+02 1.273518066406250000e+02 9.398333740234375000e+01
1.159895629882812500e+02 1.274972534179687500e+02 9.409350585937500000e+01
1.161573486328125000e+02 1.276335449218750000e+02 9.431463623046875000e+01
1.163593139648437500e+02 1.277116699218750000e+02 9.442480468750000000e+01
1.165324707031250000e+02 1.278007202148437500e+02 9.458435058593750000e+01
1.162469482421875000e+02 1.279176635742187500e+02 9.468145751953125000e+01
1.160755615234375000e+02 1.279959106445312500e+02 9.467572021484375000e+01
1.159492187500000000e+02 1.279440917968750000e+02 9.492047119140625000e+01
1.160470581054687500e+02 1.279559326171875000e+02 9.514367675781250000e+01
1.160589599609375000e+02 1.279908447265625000e+02 9.525634765625000000e+01
1.159213867187500000e+02 1.281176757812500000e+02 9.524871826171875000e+01
1.158569335937500000e+02 1.281152343750000000e+02 9.520703125000000000e+01
1.159299926757812500e+02 1.281160888671875000e+02 9.514172363281250000e+01
1.160093994140625000e+02 1.281268310546875000e+02 9.520422363281250000e+01
1.161420898437500000e+02 1.282304077148437500e+02 9.519244384765625000e+01
1.160261840820312500e+02 1.283800659179687500e+02 9.548144531250000000e+01
1.160632934570312500e+02 1.283832397460937500e+02 9.588110351562500000e+01
1.160252075195312500e+02 1.282875366210937500e+02 9.636779785156250000e+01
1.159508056640625000e+02 1.281589965820312500e+02 9.657995605468750000e+01
1.159509277343750000e+02 1.280140991210937500e+02 9.638098144531250000e+01
1.159545898437500000e+02 1.279620971679687500e+02 9.622503662109375000e+01
1.159245605468750000e+02 1.278790283203125000e+02 9.636846923828125000e+01
1.159995117187500000e+02 1.278536987304687500e+02 9.619171142578125000e+01
1.160230712890625000e+02 1.276984252929687500e+02 9.617657470703125000e+01
1.159554443359375000e+02 1.276885375976562500e+02 9.610772705078125000e+01
1.161269531250000000e+02 1.276821289062500000e+02 9.627001953125000000e+01
1.162936401367187500e+02 1.275957031250000000e+02 9.634619140625000000e+01
1.163280639648437500e+02 1.276030273437500000e+02 9.635186767578125000e+01
1.163798828125000000e+02 1.275870361328125000e+02 9.637377929687500000e+01
1.163954467773437500e+02 1.275805664062500000e+02 9.637011718750000000e+01
1.165471191406250000e+02 1.275949096679687500e+02 9.608239746093750000e+01
1.167894287109375000e+02 1.275494384765625000e+02 9.563189697265625000e+01
1.169484252929687500e+02 1.275848388671875000e+02 9.506140136718750000e+01
1.170144042968750000e+02 1.276908569335937500e+02 9.481835937500000000e+01
1.171853637695312500e+02 1.276508178710937500e+02 9.475122070312500000e+01
1.171808471679687500e+02 1.276513671875000000e+02 9.517663574218750000e+01
1.171968994140625000e+02 1.276777954101562500e+02 9.568402099609375000e+01
1.168539428710937500e+02 1.275740966796875000e+02 9.603619384765625000e+01
1.169631347656250000e+02 1.276701049804687500e+02 9.606604003906250000e+01
1.169721069335937500e+02 1.277279052734375000e+02 9.624053955078125000e+01
1.171076660156250000e+02 1.277866821289062500e+02 9.624798583984375000e+01
1.171401977539062500e+02 1.278280639648437500e+02 9.624066162109375000e+01
1.171585083007812500e+02 1.278795166015625000e+02 9.627270507812500000e+01
1.171770019531250000e+02 1.278974609375000000e+02 9.636968994140625000e+01
1.171802978515625000e+02 1.279285888671875000e+02 9.643243408203125000e+01
1.169031982421875000e+02 1.278618774414062500e+02 9.620336914062500000e+01
1.166160278320312500e+02 1.277211303710937500e+02 9.611767578125000000e+01
1.162792358398437500e+02 1.275521850585937500e+02 9.593286132812500000e+01
1.159434204101562500e+02 1.273298950195312500e+02 9.566912841796875000e+01
1.158551025390625000e+02 1.272023925781250000e+02 9.563873291015625000e+01
1.158345336914062500e+02 1.270721435546875000e+02 9.598742675781250000e+01
1.157860717773437500e+02 1.270177001953125000e+02 9.620935058593750000e+01
1.156285400390625000e+02 1.269140625000000000e+02 9.627844238281250000e+01
1.156239624023437500e+02 1.269705810546875000e+02 9.640930175781250000e+01
1.156015625000000000e+02 1.269645385742187500e+02 9.669946289062500000e+01
1.156348266601562500e+02 1.270346069335937500e+02 9.648913574218750000e+01
1.156358032226562500e+02 1.271203613281250000e+02 9.634753417968750000e+01
1.155986328125000000e+02 1.271732177734375000e+02 9.633563232421875000e+01
1.155100708007812500e+02 1.272245483398437500e+02 9.617260742187500000e+01
1.154609375000000000e+02 1.272962646484375000e+02 9.611907958984375000e+01
1.157465209960937500e+02 1.273059082031250000e+02 9.539276123046875000e+01
1.159473266601562500e+02 1.273950805664062500e+02 9.494769287109375000e+01
1.161083984375000000e+02 1.274693603515625000e+02 9.462158203125000000e+01
1.163394165039062500e+02 1.273733520507812500e+02 9.448425292968750000e+01
1.164263305664062500e+02 1.272996826171875000e+02 9.449835205078125000e+01
1.161206054687500000e+02 1.272344970703125000e+02 9.437335205078125000e+01
1.157372436523437500e+02 1.271811523437500000e+02 9.414190673828125000e+01
1.157901000976562500e+02 1.271974487304687500e+02 9.421173095703125000e+01
1.156205444335937500e+02 1.271865844726562500e+02 9.415478515625000000e+01
1.155560302734375000e+02 1.272786865234375000e+02 9.419110107421875000e+01
1.151564331054687500e+02 1.272583007812500000e+02 9.411206054687500000e+01
1.149041137695312500e+02 1.273353271484375000e+02 9.421343994140625000e+01
1.145525512695312500e+02 1.273434448242187500e+02 9.417388916015625000e+01
1.143195800781250000e+02 1.272996215820312500e+02 9.407434082031250000e+01
1.141516723632812500e+02 1.272436523437500000e+02 9.399340820312500000e+01
1.146456909179687500e+02 1.269913330078125000e+02 9.394201660156250000e+01
1.150858764648437500e+02 1.267471313476562500e+02 9.399194335937500000e+01
1.153554687500000000e+02 1.265416870117187500e+02 9.392187500000000000e+01
1.152813110351562500e+02 1.263289794921875000e+02 9.378326416015625000e+01
1.153642578125000000e+02 1.262809448242187500e+02 9.377416992187500000e+01
1.149942626953125000e+02 1.260956420898437500e+02 9.313281250000000000e+01
1.146470947265625000e+02 1.260607299804687500e+02 9.202508544921875000e+01
1.144532470703125000e+02 1.260772705078125000e+02 9.172949218750000000e+01
1.144135742187500000e+02 1.262326049804687500e+02 9.147332763671875000e+01
1.143572387695312500e+02 1.262696533203125000e+02 9.139898681640625000e+01
1.145888061523437500e+02 1.264375000000000000e+02 9.161248779296875000e+01
1.146621704101562500e+02 1.265124511718750000e+02 9.161846923828125000e+01
1.146491088867187500e+02 1.265311889648437500e+02 9.164038085937500000e+01
1.145408935546875000e+02 1.264755249023437500e+02 9.162188720703125000e+01
1.144226684570312500e+02 1.263933105468750000e+02 9.157305908203125000e+01
1.144919433593750000e+02 1.264862670898437500e+02 9.158276367187500000e+01
1.145895385742187500e+02 1.265137939453125000e+02 9.179516601562500000e+01
1.146841430664062500e+02 1.266056518554687500e+02 9.187670898437500000e+01
1.147628784179687500e+02 1.266655273437500000e+02 9.197827148437500000e+01
1.147941284179687500e+02 1.266655883789062500e+02 9.201263427734375000e+01
