2.483165893554687500e+02 2.511887817382812500e+02 2.440982055664062500e+02
2.483383178710937500e+02 2.512134399414062500e+02 2.441348266601562500e+02
2.483250732421875000e+02 2.512030639648437500e+02 2.441289672851562500e+02
2.485567626953125000e+02 2.514334716796875000e+02 2.445018920898437500e+02
2.486671142578125000e+02 2.515834350585937500e+02 2.447004394531250000e+02
2.486625976562500000e+02 2.515953369140625000e+02 2.447199096679687500e+02
2.486405029296875000e+02 2.516260986328125000e+02 2.452500000000000000e+02
2.486612548828125000e+02 2.516229858398437500e+02 2.452879638671875000e+02
2.479867553710937500e+02 2.522039184570312500e+02 2.459471435546875000e+02
2.478980102539062500e+02 2.523021850585937500e+02 2.458811645507812500e+02
2.479569702148437500e+02 2.523203125000000000e+02 2.459439086914062500e+02
2.478803100585937500e+02 2.522979736328125000e+02 2.458132324218750000e+02
2.479047241210937500e+02 2.523129882812500000e+02 2.458320922851562500e+02
2.479317016601562500e+02 2.523385009765625000e+02 2.458599243164062500e+02
2.479501953125000000e+02 2.523822631835937500e+02 2.459014892578125000e+02
2.479581298828125000e+02 2.523941650390625000e+02 2.459287109375000000e+02
2.479193725585937500e+02 2.523702392578125000e+02 2.459577636718750000e+02
2.478623657226562500e+02 2.523825073242187500e+02 2.459558715820312500e+02
2.478827514648437500e+02 2.524032592773437500e+02 2.459736328125000000e+02
2.478890991210937500e+02 2.523712768554687500e+02 2.459188842773437500e+02
2.478953247070312500e+02 2.523952636718750000e+02 2.459165039062500000e+02
2.479299926757812500e+02 2.523858032226562500e+02 2.459195556640625000e+02
2.479355468750000000e+02 2.523604125976562500e+02 2.459051513671875000e+02
2.478367309570312500e+02 2.522999877929687500e+02 2.458153076171875000e+02
2.475554199218750000e+02 2.520667114257812500e+02 2.454346313476562500e+02
2.472145385742187500e+02 2.518160400390625000e+02 2.450440063476562500e+02
2.471290283203125000e+02 2.518026733398437500e+02 2.449631958007812500e+02
2.471588745117187500e+02 2.518460083007812500e+02 2.449271850585937500e+02
2.471072387695312500e+02 2.517714233398437500e+02 2.448172607421875000e+02
2.473216552734375000e+02 2.518048706054687500e+02 2.449143066406250000e+02
2.474627685546875000e+02 2.519078369140625000e+02 2.450725097656250000e+02
2.476184082031250000e+02 2.520054321289062500e+02 2.451849365234375000e+02
2.477112426757812500e+02 2.521100463867187500e+02 2.453064575195312500e+02
2.477829589843750000e+02 2.521608276367187500e+02 2.453960571289062500e+02
2.478023681640625000e+02 2.521777343750000000e+02 2.454956054687500000e+02
2.477884521484375000e+02 2.521610717773437500e+02 2.454796752929687500e+02
2.478497924804687500e+02 2.522208862304687500e+02 2.455416870117187500e+02
2.477934570312500000e+02 2.521792602539062500e+02 2.454990844726562500e+02
2.476960449218750000e+02 2.520931396484375000e+02 2.453992309570312500e+02
2.477436523437500000e+02 2.521123046875000000e+02 2.453716430664062500e+02
2.476759643554687500e+02 2.520540771484375000e+02 2.453079223632812500e+02
2.476111450195312500e+02 2.519929199218750000e+02 2.452207031250000000e+02
2.475824584960937500e+02 2.519796752929687500e+02 2.450891113281250000e+02
2.475950317382812500e+02 2.519935913085937500e+02 2.451182250976562500e+02
2.475136718750000000e+02 2.519226074218750000e+02 2.450626220703125000e+02
2.475213623046875000e+02 2.519340820312500000e+02 2.450955200195312500e+02
2.475206909179687500e+02 2.519195556640625000e+02 2.451139526367187500e+02
2.474898071289062500e+02 2.518888549804687500e+02 2.450879516601562500e+02
2.474123535156250000e+02 2.518710327148437500e+02 2.450430297851562500e+02
2.474354248046875000e+02 2.519171142578125000e+02 2.451006469726562500e+02
2.474500732421875000e+02 2.519478149414062500e+02 2.451329956054687500e+02
2.473587646484375000e+02 2.518782348632812500e+02 2.450463256835937500e+02
2.472584228515625000e+02 2.518326416015625000e+02 2.449734497070312500e+02
2.472311401367187500e+02 2.518053588867187500e+02 2.449465332031250000e+02
2.471656494140625000e+02 2.517312011718750000e+02 2.449088745117187500e+02
2.471658325195312500e+02 2.517070922851562500e+02 2.448519897460937500e+02
2.471623535156250000e+02 2.517072143554687500e+02 2.448462524414062500e+02
2.472062377929687500e+02 2.517448120117187500e+02 2.448872070312500000e+02
2.473008422851562500e+02 2.518146362304687500e+02 2.449674072265625000e+02
2.473657836914062500e+02 2.518710937500000000e+02 2.450314941406250000e+02
2.475133056640625000e+02 2.519169311523437500e+02 2.450142211914062500e+02
2.476235961914062500e+02 2.520164794921875000e+02 2.451295776367187500e+02
2.477453613281250000e+02 2.521304321289062500e+02 2.452587280273437500e+02
2.478403320312500000e+02 2.522131347656250000e+02 2.453529663085937500e+02
2.479470214843750000e+02 2.523038330078125000e+02 2.454310913085937500e+02
2.480147705078125000e+02 2.523597412109375000e+02 2.455195312500000000e+02
2.480775146484375000e+02 2.524058837890625000e+02 2.456023559570312500e+02
2.480490722656250000e+02 2.524041748046875000e+02 2.456214599609375000e+02
2.479841918945312500e+02 2.523449707031250000e+02 2.455581665039062500e+02
2.479366455078125000e+02 2.523547363281250000e+02 2.455619506835937500e+02
2.478272094726562500e+02 2.523882446289062500e+02 2.455675048828125000e+02
2.477767333984375000e+02 2.523695068359375000e+02 2.455430908203125000e+02
2.477698974609375000e+02 2.523811645507812500e+02 2.455561523437500000e+02
2.477931518554687500e+02 2.523825073242187500e+02 2.455733642578125000e+02
2.477758178710937500e+02 2.523834228515625000e+02 2.456254272460937500e+02
2.478430786132812500e+02 2.524353637695312500e+02 2.457201538085937500e+02
2.479194946289062500e+02 2.524676513671875000e+02 2.457774047851562500e+02
2.479899291992187500e+02 2.525031127929687500e+02 2.458236083984375000e+02
2.480246582031250000e+02 2.525305786132812500e+02 2.458888549804687500e+02
2.480643310546875000e+02 2.525386962890625000e+02 2.459049072265625000e+02
2.480073852539062500e+02 2.525010375976562500e+02 2.458666992187500000e+02
2.479298095703125000e+02 2.524278564453125000e+02 2.458089599609375000e+02
2.478457031250000000e+02 2.523611450195312500e+02 2.457191772460937500e+02
2.477906494140625000e+02 2.522769165039062500e+02 2.455799560546875000e+02
2.476972656250000000e+02 2.522074584960937500e+02 2.454759521484375000e+02
2.476192016601562500e+02 2.521700439453125000e+02 2.454061279296875000e+02
2.475612182617187500e+02 2.521221923828125000e+02 2.453399047851562500e+02
2.475141601562500000e+02 2.520916137695312500e+02 2.453172607421875000e+02
2.475297241210937500e+02 2.521044311523437500e+02 2.453332519531250000e+02
2.475770263671875000e+02 2.521472778320312500e+02 2.453780517578125000e+02
2.476274414062500000e+02 2.521937255859375000e+02 2.454275512695312500e+02
2.475886230468750000e+02 2.522067871093750000e+02 2.454317626953125000e+02
2.475639648437500000e+02 2.521975097656250000e+02 2.454239501953125000e+02
2.474939575195312500e+02 2.521369628906250000e+02 2.453512573242187500e+02
2.474351196289062500e+02 2.520842895507812500e+02 2.452897338867187500e+02
2.473586425781250000e+02 2.520250854492187500e+02 2.452219848632812500e+02
2.472450561523437500e+02 2.519371948242187500e+02 2.450828857421875000e+02
2.471858520507812500e+02 2.518821411132812500e+02 2.450170898437500000e+02
2.471279296875000000e+02 2.518660888671875000e+02 2.449132080078125000e+02
2.470442504882812500e+02 2.517708740234375000e+02 2.448073120117187500e+02
2.470338745117187500e+02 2.517875366210937500e+02 2.448156738281250000e+02
2.470114135742187500e+02 2.517638549804687500e+02 2.447828369140625000e+02
2.469763183593750000e+02 2.517338256835937500e+02 2.446801147460937500e+02
2.468889160156250000e+02 2.516797485351562500e+02 2.446464843750000000e+02
2.466826171875000000e+02 2.515549926757812500e+02 2.443963012695312500e+02
2.464081420898437500e+02 2.513748779296875000e+02 2.440890502929687500e+02
2.462813110351562500e+02 2.512671508789062500e+02 2.439470214843750000e+02
2.460278930664062500e+02 2.510994873046875000e+02 2.436671142578125000e+02
2.458143310546875000e+02 2.509420166015625000e+02 2.434565429687500000e+02
2.455608520507812500e+02 2.507915649414062500e+02 2.432411499023437500e+02
2.452102661132812500e+02 2.505827636718750000e+02 2.428726806640625000e+02
2.450147094726562500e+02 2.504404907226562500e+02 2.426173706054687500e+02
2.448082275390625000e+02 2.502738647460937500e+02 2.423999633789062500e+02
2.444946899414062500e+02 2.501787109375000000e+02 2.422581176757812500e+02
2.442893066406250000e+02 2.501010742187500000e+02 2.421292114257812500e+02
2.441088256835937500e+02 2.499836425781250000e+02 2.419680175781250000e+02
2.438729858398437500e+02 2.498229980468750000e+02 2.417700805664062500e+02
2.436945800781250000e+02 2.496788330078125000e+02 2.416291503906250000e+02
2.435193481445312500e+02 2.496204833984375000e+02 2.415840454101562500e+02
2.433991699218750000e+02 2.495690917968750000e+02 2.415798339843750000e+02
2.431488037109375000e+02 2.493833007812500000e+02 2.418410034179687500e+02
2.431196289062500000e+02 2.493715820312500000e+02 2.417653808593750000e+02
2.432022094726562500e+02 2.494438476562500000e+02 2.418500366210937500e+02
2.433309936523437500e+02 2.495830078125000000e+02 2.418994750976562500e+02
2.435761718750000000e+02 2.497467041015625000e+02 2.421594848632812500e+02
2.438331909179687500e+02 2.498912353515625000e+02 2.424176635742187500e+02
2.441140747070312500e+02 2.500957031250000000e+02 2.427642211914062500e+02
2.442969970703125000e+02 2.502535400390625000e+02 2.429042358398437500e+02
2.445646362304687500e+02 2.503905029296875000e+02 2.431760864257812500e+02
2.447749633789062500e+02 2.504923095703125000e+02 2.434730834960937500e+02
2.448592529296875000e+02 2.505572509765625000e+02 2.435556640625000000e+02
2.448821411132812500e+02 2.505170288085937500e+02 2.435894165039062500e+02
2.448347167968750000e+02 2.504888305664062500e+02 2.434734497070312500e+02
2.446812744140625000e+02 2.505075683593750000e+02 2.430478515625000000e+02
2.446252441406250000e+02 2.504966430664062500e+02 2.427357177734375000e+02
2.445910644531250000e+02 2.504979858398437500e+02 2.425739746093750000e+02
2.445934448242187500e+02 2.505103149414062500e+02 2.425173950195312500e+02
2.445539550781250000e+02 2.505059814453125000e+02 2.424907226562500000e+02
2.446268920898437500e+02 2.504950561523437500e+02 2.425100708007812500e+02
2.447200317382812500e+02 2.505751342773437500e+02 2.425836791992187500e+02
2.447916870117187500e+02 2.506407470703125000e+02 2.427593383789062500e+02
2.448311767578125000e+02 2.506642456054687500e+02 2.428296508789062500e+02
2.449113159179687500e+02 2.507078857421875000e+02 2.430166015625000000e+02
2.449178466796875000e+02 2.507092895507812500e+02 2.430236816406250000e+02
2.449060668945312500e+02 2.506944580078125000e+02 2.430260620117187500e+02
2.449675292968750000e+02 2.507604370117187500e+02 2.430987548828125000e+02
2.449438476562500000e+02 2.507322998046875000e+02 2.430576782226562500e+02
2.450056152343750000e+02 2.507917480468750000e+02 2.431267700195312500e+02
2.450650634765625000e+02 2.508414306640625000e+02 2.431606445312500000e+02
2.451043090820312500e+02 2.508563232421875000e+02 2.432363281250000000e+02
2.452206420898437500e+02 2.509227905273437500e+02 2.433421020507812500e+02
2.453601074218750000e+02 2.510144042968750000e+02 2.434853515625000000e+02
2.454791259765625000e+02 2.511030273437500000e+02 2.435947265625000000e+02
2.455921630859375000e+02 2.511498413085937500e+02 2.436751098632812500e+02
2.457128906250000000e+02 2.512420043945312500e+02 2.438150634765625000e+02
2.456886596679687500e+02 2.512357788085937500e+02 2.437483520507812500e+02
2.457795410156250000e+02 2.513231811523437500e+02 2.438392944335937500e+02
2.457454833984375000e+02 2.512896118164062500e+02 2.438079223632812500e+02
2.458573608398437500e+02 2.512809448242187500e+02 2.437871093750000000e+02
2.458812255859375000e+02 2.513075561523437500e+02 2.438545532226562500e+02
2.459690551757812500e+02 2.512479858398437500e+02 2.438289794921875000e+02
2.460226440429687500e+02 2.512697143554687500e+02 2.439166870117187500e+02
2.460880126953125000e+02 2.513274536132812500e+02 2.439763793945312500e+02
2.461156005859375000e+02 2.513512573242187500e+02 2.440104370117187500e+02
2.461658935546875000e+02 2.514152221679687500e+02 2.440740356445312500e+02
2.461636962890625000e+02 2.514107666015625000e+02 2.440772705078125000e+02
2.461340332031250000e+02 2.513701782226562500e+02 2.440401611328125000e+02
2.460736694335937500e+02 2.513032226562500000e+02 2.439722900390625000e+02
2.460703125000000000e+02 2.512902832031250000e+02 2.439255371093750000e+02
2.460520629882812500e+02 2.512713012695312500e+02 2.439078369140625000e+02
2.460325317382812500e+02 2.512617797851562500e+02 2.438726196289062500e+02
2.460484008789062500e+02 2.512821655273437500e+02 2.438853149414062500e+02
2.460187377929687500e+02 2.512273559570312500e+02 2.438479614257812500e+02
2.461787109375000000e+02 2.513298950195312500e+02 2.439575195312500000e+02
2.463273315429687500e+02 2.514252929687500000e+02 2.441146850585937500e+02
2.465247802734375000e+02 2.515263671875000000e+02 2.442847290039062500e+02
2.468175659179687500e+02 2.516878051757812500e+02 2.445314941406250000e+02
2.470620727539062500e+02 2.518438110351562500e+02 2.448312377929687500e+02
2.471693115234375000e+02 2.519105224609375000e+02 2.450046386718750000e+02
2.472671508789062500e+02 2.519496459960937500e+02 2.451756591796875000e+02
2.470501708984375000e+02 2.519898071289062500e+02 2.451445922851562500e+02
2.470285644531250000e+02 2.519736328125000000e+02 2.451320190429687500e+02
2.470329589843750000e+02 2.519580078125000000e+02 2.451734619140625000e+02
2.470358276367187500e+02 2.519634399414062500e+02 2.450747680664062500e+02
2.470191040039062500e+02 2.519657592773437500e+02 2.449722900390625000e+02
2.471369018554687500e+02 2.520007324218750000e+02 2.450312500000000000e+02
2.471339111328125000e+02 2.519917602539062500e+02 2.450222167968750000e+02
2.471270751953125000e+02 2.519832763671875000e+02 2.450151367187500000e+02
2.471338500976562500e+02 2.519747924804687500e+02 2.450451049804687500e+02
2.471414794921875000e+02 2.519810791015625000e+02 2.450509033203125000e+02
2.471184082031250000e+02 2.519693603515625000e+02 2.450314331054687500e+02
2.470645751953125000e+02 2.519149780273437500e+02 2.449743041992187500e+02
2.471241455078125000e+02 2.519639282226562500e+02 2.450316772460937500e+02
2.471158447265625000e+02 2.519415893554687500e+02 2.450305786132812500e+02
2.470238647460937500e+02 2.518387451171875000e+02 2.449065551757812500e+02
2.469361572265625000e+02 2.517415161132812500e+02 2.447539062500000000e+02
2.467988281250000000e+02 2.516469116210937500e+02 2.446192626953125000e+02
2.467059326171875000e+02 2.515680541992187500e+02 2.445291137695312500e+02
2.466395874023437500e+02 2.515042114257812500e+02 2.444620361328125000e+02
2.466237182617187500e+02 2.514927368164062500e+02 2.444107666015625000e+02
2.466151123046875000e+02 2.514793090820312500e+02 2.444332275390625000e+02
2.466015014648437500e+02 2.515059814453125000e+02 2.444515991210937500e+02
2.465447998046875000e+02 2.514389648437500000e+02 2.444000854492187500e+02
2.466214599609375000e+02 2.515125732421875000e+02 2.444752197265625000e+02
2.467028808593750000e+02 2.515940551757812500e+02 2.445384521484375000e+02
2.467384643554687500e+02 2.516259155273437500e+02 2.444996948242187500e+02
2.468318481445312500e+02 2.517062988281250000e+02 2.445888671875000000e+02
2.469163818359375000e+02 2.517805175781250000e+02 2.447001342773437500e+02
2.469650268554687500e+02 2.518228759765625000e+02 2.447651977539062500e+02
2.470697021484375000e+02 2.518869628906250000e+02 2.448660278320312500e+02
2.471696166992187500e+02 2.519304809570312500e+02 2.449038085937500000e+02
2.472844238281250000e+02 2.519883422851562500e+02 2.449814453125000000e+02
2.473327636718750000e+02 2.520100097656250000e+02 2.450032958984375000e+02
2.472416381835937500e+02 2.519353027343750000e+02 2.449142456054687500e+02
2.470894775390625000e+02 2.519042358398437500e+02 2.448497924804687500e+02
2.470230712890625000e+02 2.518428955078125000e+02 2.447717285156250000e+02
2.469439697265625000e+02 2.517844238281250000e+02 2.447060546875000000e+02
2.468861694335937500e+02 2.517319946289062500e+02 2.446472778320312500e+02
2.468121948242187500e+02 2.516652832031250000e+02 2.445428466796875000e+02
2.467398071289062500e+02 2.516105346679687500e+02 2.444783325195312500e+02
2.466875000000000000e+02 2.515737915039062500e+02 2.444447631835937500e+02
2.466672363281250000e+02 2.515549926757812500e+02 2.444244995117187500e+02
2.467448730468750000e+02 2.516287841796875000e+02 2.444774169921875000e+02
2.467376708984375000e+02 2.516281127929687500e+02 2.444783325195312500e+02
2.467547607421875000e+02 2.515360717773437500e+02 2.444144897460937500e+02
2.467150878906250000e+02 2.514064331054687500e+02 2.443015747070312500e+02
2.466477661132812500e+02 2.513076171875000000e+02 2.442094726562500000e+02
2.465579223632812500e+02 2.512175903320312500e+02 2.440825805664062500e+02
2.463930053710937500e+02 2.510770874023437500e+02 2.437655029296875000e+02
2.463026123046875000e+02 2.510261230468750000e+02 2.435536499023437500e+02
2.461784057617187500e+02 2.509125366210937500e+02 2.432438964843750000e+02
2.461127929687500000e+02 2.508666381835937500e+02 2.431260986328125000e+02
2.460704956054687500e+02 2.508593139648437500e+02 2.430643310546875000e+02
2.461212158203125000e+02 2.509857788085937500e+02 2.432436523437500000e+02
2.461496582031250000e+02 2.510645141601562500e+02 2.433789062500000000e+02
2.462331542968750000e+02 2.511411743164062500e+02 2.434641723632812500e+02
2.462606811523437500e+02 2.511974487304687500e+02 2.435491333007812500e+02
2.463064575195312500e+02 2.512393798828125000e+02 2.435928344726562500e+02
2.463586425781250000e+02 2.512874145507812500e+02 2.436463623046875000e+02
2.463668212890625000e+02 2.513148803710937500e+02 2.438082275390625000e+02
2.463150634765625000e+02 2.512191162109375000e+02 2.437879028320312500e+02
2.463488769531250000e+02 2.512499389648437500e+02 2.438229370117187500e+02
2.462841186523437500e+02 2.512110595703125000e+02 2.437680664062500000e+02
2.462441406250000000e+02 2.512045898437500000e+02 2.436275634765625000e+02
2.462472534179687500e+02 2.511871948242187500e+02 2.436085815429687500e+02
2.462602539062500000e+02 2.512009887695312500e+02 2.436115112304687500e+02
2.462420043945312500e+02 2.511964111328125000e+02 2.435627441406250000e+02
2.461763916015625000e+02 2.511525268554687500e+02 2.434575195312500000e+02
2.460872192382812500e+02 2.510676269531250000e+02 2.434143066406250000e+02
2.459707641601562500e+02 2.509683227539062500e+02 2.432943725585937500e+02
2.458932495117187500e+02 2.508799438476562500e+02 2.431569824218750000e+02
2.458591918945312500e+02 2.508391113281250000e+02 2.431011962890625000e+02
2.458937988281250000e+02 2.508786621093750000e+02 2.431331787109375000e+02
2.458291015625000000e+02 2.508352661132812500e+02 2.430625000000000000e+02
2.456486816406250000e+02 2.507252807617187500e+02 2.428483886718750000e+02
2.454382934570312500e+02 2.505556030273437500e+02 2.425781250000000000e+02
2.452468261718750000e+02 2.504251098632812500e+02 2.424126586914062500e+02
2.449837646484375000e+02 2.502123413085937500e+02 2.421611938476562500e+02
2.445617065429687500e+02 2.500178222656250000e+02 2.418325805664062500e+02
2.443127441406250000e+02 2.498555908203125000e+02 2.415606689453125000e+02
2.440404663085937500e+02 2.498269653320312500e+02 2.415159301757812500e+02
2.439231567382812500e+02 2.497706909179687500e+02 2.414154052734375000e+02
2.438344726562500000e+02 2.498182983398437500e+02 2.414101562500000000e+02
2.439657592773437500e+02 2.499378662109375000e+02 2.415510864257812500e+02
2.440203247070312500e+02 2.499287719726562500e+02 2.416006469726562500e+02
2.440864257812500000e+02 2.499882202148437500e+02 2.416585083007812500e+02
2.441200561523437500e+02 2.500155639648437500e+02 2.416997680664062500e+02
2.441415405273437500e+02 2.500457153320312500e+02 2.416917114257812500e+02
2.441839599609375000e+02 2.500833129882812500e+02 2.417421264648437500e+02
2.441127319335937500e+02 2.500221557617187500e+02 2.416838989257812500e+02
2.440183105468750000e+02 2.499365844726562500e+02 2.415722045898437500e+02
2.438243408203125000e+02 2.498408813476562500e+02 2.413569946289062500e+02
2.436928710937500000e+02 2.497374267578125000e+02 2.412564086914062500e+02
2.435259399414062500e+02 2.496188964843750000e+02 2.411065673828125000e+02
2.434527587890625000e+02 2.495537109375000000e+02 2.410119628906250000e+02
2.434433593750000000e+02 2.495846557617187500e+02 2.410161743164062500e+02
2.434205932617187500e+02 2.495625610351562500e+02 2.410000610351562500e+02
2.435721435546875000e+02 2.496944580078125000e+02 2.411482543945312500e+02
2.436310424804687500e+02 2.497788085937500000e+02 2.412263183593750000e+02
2.436100463867187500e+02 2.497659912109375000e+02 2.412820434570312500e+02
2.436909179687500000e+02 2.498441772460937500e+02 2.413878173828125000e+02
2.437408447265625000e+02 2.498861694335937500e+02 2.414258422851562500e+02
2.436822509765625000e+02 2.498365478515625000e+02 2.413715209960937500e+02
2.434788818359375000e+02 2.496910400390625000e+02 2.412563476562500000e+02
2.433771362304687500e+02 2.495973510742187500e+02 2.411611938476562500e+02
2.431766967773437500e+02 2.494732055664062500e+02 2.409830322265625000e+02
2.430292358398437500e+02 2.493998413085937500e+02 2.408887329101562500e+02
2.430049438476562500e+02 2.494102783203125000e+02 2.408972778320312500e+02
2.430192260742187500e+02 2.494255371093750000e+02 2.408222656250000000e+02
2.431460571289062500e+02 2.495404052734375000e+02 2.409468994140625000e+02
2.432495117187500000e+02 2.496476440429687500e+02 2.410758666992187500e+02
2.434193725585937500e+02 2.498051757812500000e+02 2.413187255859375000e+02
2.436602783203125000e+02 2.499421386718750000e+02 2.415708618164062500e+02
2.438778076171875000e+02 2.500866088867187500e+02 2.417630615234375000e+02
2.439643554687500000e+02 2.501826782226562500e+02 2.418731079101562500e+02
2.441090087890625000e+02 2.503074951171875000e+02 2.420147705078125000e+02
2.441549072265625000e+02 2.503557739257812500e+02 2.420643920898437500e+02
2.442341308593750000e+02 2.504106445312500000e+02 2.421666259765625000e+02
2.444140625000000000e+02 2.504487915039062500e+02 2.422317504882812500e+02
2.445324096679687500e+02 2.504973754882812500e+02 2.422964477539062500e+02
2.447069702148437500e+02 2.503714599609375000e+02 2.423566284179687500e+02
2.448450317382812500e+02 2.505017700195312500e+02 2.424600830078125000e+02
2.449821777343750000e+02 2.506281738281250000e+02 2.426049804687500000e+02
2.450968017578125000e+02 2.506694946289062500e+02 2.427650146484375000e+02
2.451798095703125000e+02 2.507257080078125000e+02 2.428599243164062500e+02
2.453038940429687500e+02 2.508287353515625000e+02 2.430073852539062500e+02
2.454017333984375000e+02 2.508930053710937500e+02 2.430627441406250000e+02
2.454490966796875000e+02 2.509219970703125000e+02 2.431060791015625000e+02
2.455517578125000000e+02 2.510125122070312500e+02 2.432048339843750000e+02
2.455193481445312500e+02 2.509894409179687500e+02 2.431806030273437500e+02
2.454765625000000000e+02 2.509464111328125000e+02 2.431365966796875000e+02
2.453577880859375000e+02 2.508795776367187500e+02 2.430401611328125000e+02
2.452694091796875000e+02 2.508086547851562500e+02 2.429576416015625000e+02
2.452246704101562500e+02 2.507403564453125000e+02 2.429592285156250000e+02
2.452810058593750000e+02 2.507335815429687500e+02 2.429560546875000000e+02
2.453724365234375000e+02 2.507371826171875000e+02 2.430590820312500000e+02
2.454423217773437500e+02 2.506984252929687500e+02 2.432578125000000000e+02
2.454985351562500000e+02 2.507120971679687500e+02 2.433515625000000000e+02
2.455401000976562500e+02 2.508468627929687500e+02 2.433812866210937500e+02
2.456221313476562500e+02 2.509538574218750000e+02 2.434215087890625000e+02
2.455909423828125000e+02 2.509932861328125000e+02 2.433937377929687500e+02
2.456998291015625000e+02 2.510841064453125000e+02 2.434480590820312500e+02
2.457225952148437500e+02 2.511503906250000000e+02 2.435106201171875000e+02
2.458300781250000000e+02 2.512107543945312500e+02 2.435856323242187500e+02
2.459404296875000000e+02 2.512554931640625000e+02 2.437211303710937500e+02
2.459464111328125000e+02 2.512548217773437500e+02 2.436720581054687500e+02
2.459332275390625000e+02 2.512023925781250000e+02 2.436253662109375000e+02
2.459014892578125000e+02 2.511719970703125000e+02 2.436004028320312500e+02
2.458447875976562500e+02 2.511353149414062500e+02 2.435534057617187500e+02
2.458475952148437500e+02 2.511188354492187500e+02 2.435491333007812500e+02
2.457529296875000000e+02 2.510487670898437500e+02 2.434476318359375000e+02
2.458062133789062500e+02 2.511074218750000000e+02 2.435037841796875000e+02
2.458331909179687500e+02 2.511396484375000000e+02 2.435186157226562500e+02
2.458128051757812500e+02 2.511173095703125000e+02 2.434876098632812500e+02
2.458867797851562500e+02 2.511891479492187500e+02 2.435864257812500000e+02
2.459863891601562500e+02 2.512789916992187500e+02 2.437117309570312500e+02
2.460404052734375000e+02 2.513096313476562500e+02 2.437916259765625000e+02
2.461590576171875000e+02 2.514105224609375000e+02 2.439407348632812500e+02
2.462199096679687500e+02 2.514763183593750000e+02 2.439887695312500000e+02
2.461966552734375000e+02 2.514595947265625000e+02 2.439866943359375000e+02
2.461412353515625000e+02 2.514212646484375000e+02 2.439504394531250000e+02
2.460652465820312500e+02 2.513596191406250000e+02 2.438892822265625000e+02
2.459722290039062500e+02 2.512446899414062500e+02 2.437526245117187500e+02
2.458746948242187500e+02 2.511713256835937500e+02 2.436225585937500000e+02
2.458195190429687500e+02 2.511048583984375000e+02 2.435499877929687500e+02
2.457916259765625000e+02 2.510784301757812500e+02 2.435443115234375000e+02
2.457874145507812500e+02 2.510433349609375000e+02 2.435235595703125000e+02
2.458708496093750000e+02 2.511212768554687500e+02 2.435919799804687500e+02
2.459416503906250000e+02 2.512229003906250000e+02 2.436942138671875000e+02
2.460556030273437500e+02 2.513161010742187500e+02 2.437966918945312500e+02
2.461079101562500000e+02 2.513905639648437500e+02 2.439433593750000000e+02
2.461801147460937500e+02 2.514616699218750000e+02 2.440758666992187500e+02
2.462536010742187500e+02 2.515297851562500000e+02 2.441442260742187500e+02
2.462852172851562500e+02 2.515579223632812500e+02 2.442031860351562500e+02
2.463718872070312500e+02 2.515875854492187500e+02 2.442166137695312500e+02
2.463637084960937500e+02 2.515808105468750000e+02 2.441556396484375000e+02
2.463185424804687500e+02 2.515355224609375000e+02 2.440974121093750000e+02
2.463233642578125000e+02 2.515509643554687500e+02 2.441094360351562500e+02
2.463833618164062500e+02 2.515935058593750000e+02 2.441245727539062500e+02
2.463721923828125000e+02 2.515802001953125000e+02 2.440877685546875000e+02
2.464827270507812500e+02 2.515618286132812500e+02 2.441359863281250000e+02
2.465455932617187500e+02 2.516154785156250000e+02 2.441889038085937500e+02
2.465889282226562500e+02 2.516429443359375000e+02 2.442662353515625000e+02
2.465797729492187500e+02 2.516408081054687500e+02 2.442667846679687500e+02
2.466461181640625000e+02 2.516959838867187500e+02 2.443716430664062500e+02
2.465923461914062500e+02 2.516473388671875000e+02 2.443268432617187500e+02
2.465806274414062500e+02 2.516436767578125000e+02 2.443171386718750000e+02
2.465139770507812500e+02 2.515833129882812500e+02 2.442493286132812500e+02
2.463817749023437500e+02 2.514715576171875000e+02 2.441350097656250000e+02
2.462667846679687500e+02 2.513831787109375000e+02 2.440700073242187500e+02
2.461149902343750000e+02 2.512944946289062500e+02 2.439112548828125000e+02
2.459801025390625000e+02 2.511949462890625000e+02 2.438468017578125000e+02
2.459007568359375000e+02 2.511394042968750000e+02 2.437988281250000000e+02
2.458460693359375000e+02 2.511064453125000000e+02 2.436572265625000000e+02
2.458038330078125000e+02 2.510831298828125000e+02 2.436365356445312500e+02
2.458080444335937500e+02 2.510924072265625000e+02 2.435000000000000000e+02
2.458966064453125000e+02 2.511494750976562500e+02 2.435183715820312500e+02
2.459642944335937500e+02 2.512105102539062500e+02 2.435823974609375000e+02
2.460485229492187500e+02 2.512435913085937500e+02 2.438728027343750000e+02
2.460433959960937500e+02 2.512380981445312500e+02 2.439277343750000000e+02
2.459801025390625000e+02 2.511860351562500000e+02 2.438688964843750000e+02
2.458704223632812500e+02 2.510918579101562500e+02 2.437623291015625000e+02
2.457822265625000000e+02 2.510270996093750000e+02 2.436936645507812500e+02
2.456372680664062500e+02 2.509005737304687500e+02 2.435281372070312500e+02
2.454857788085937500e+02 2.507891235351562500e+02 2.433759155273437500e+02
2.453826293945312500e+02 2.507086181640625000e+02 2.432864990234375000e+02
2.452681884765625000e+02 2.506142578125000000e+02 2.432357177734375000e+02
2.451718139648437500e+02 2.505700683593750000e+02 2.431419067382812500e+02
2.450285644531250000e+02 2.505048828125000000e+02 2.429740600585937500e+02
2.449080200195312500e+02 2.504238891601562500e+02 2.427838134765625000e+02
2.448470458984375000e+02 2.503743896484375000e+02 2.427062988281250000e+02
2.447456054687500000e+02 2.502899780273437500e+02 2.425694580078125000e+02
2.446486816406250000e+02 2.501964721679687500e+02 2.424489746093750000e+02
2.444812622070312500e+02 2.501422729492187500e+02 2.422647705078125000e+02
2.442949829101562500e+02 2.500854492187500000e+02 2.421734619140625000e+02
2.441217041015625000e+02 2.499923095703125000e+02 2.419743041992187500e+02
2.438911743164062500e+02 2.498435668945312500e+02 2.417933959960937500e+02
2.434721679687500000e+02 2.495648193359375000e+02 2.414326171875000000e+02
2.430433349609375000e+02 2.492285766601562500e+02 2.410430908203125000e+02
2.426174926757812500e+02 2.489890747070312500e+02 2.406322021484375000e+02
2.421519775390625000e+02 2.487297363281250000e+02 2.402381591796875000e+02
2.417709350585937500e+02 2.484874877929687500e+02 2.398696289062500000e+02
2.413729248046875000e+02 2.482174072265625000e+02 2.395900268554687500e+02
2.410867919921875000e+02 2.480495605468750000e+02 2.392710571289062500e+02
2.409670410156250000e+02 2.479333496093750000e+02 2.391027832031250000e+02
2.408003540039062500e+02 2.477487792968750000e+02 2.388881225585937500e+02
2.405900878906250000e+02 2.476065063476562500e+02 2.385953369140625000e+02
2.404182739257812500e+02 2.474577636718750000e+02 2.384326171875000000e+02
2.402009887695312500e+02 2.472492065429687500e+02 2.383496704101562500e+02
2.399518432617187500e+02 2.470387573242187500e+02 2.381782836914062500e+02
2.396964111328125000e+02 2.468269653320312500e+02 2.380175781250000000e+02
2.393402709960937500e+02 2.465465087890625000e+02 2.376931762695312500e+02
2.390769653320312500e+02 2.462997436523437500e+02 2.374572753906250000e+02
2.386984252929687500e+02 2.459716186523437500e+02 2.370979614257812500e+02
2.383105468750000000e+02 2.456556396484375000e+02 2.367492675781250000e+02
2.378642578125000000e+02 2.453127441406250000e+02 2.363042602539062500e+02
2.373119506835937500e+02 2.449116821289062500e+02 2.358003540039062500e+02
2.369223022460937500e+02 2.445880737304687500e+02 2.354534301757812500e+02
2.363510131835937500e+02 2.441386718750000000e+02 2.349664916992187500e+02
2.360110473632812500e+02 2.438707275390625000e+02 2.346254272460937500e+02
2.357967529296875000e+02 2.436646118164062500e+02 2.342182617187500000e+02
2.355910644531250000e+02 2.434719848632812500e+02 2.339667358398437500e+02
2.355487670898437500e+02 2.434365234375000000e+02 2.338696289062500000e+02
2.354282836914062500e+02 2.433082885742187500e+02 2.337400512695312500e+02
2.351461791992187500e+02 2.430510253906250000e+02 2.333848266601562500e+02
2.347924804687500000e+02 2.427614746093750000e+02 2.330244750976562500e+02
2.344518432617187500e+02 2.424679565429687500e+02 2.327138061523437500e+02
2.340516357421875000e+02 2.421056518554687500e+02 2.323398437500000000e+02
2.337958374023437500e+02 2.418682861328125000e+02 2.320318603515625000e+02
2.335655517578125000e+02 2.416606445312500000e+02 2.317772216796875000e+02
2.334739379882812500e+02 2.415614013671875000e+02 2.316069335937500000e+02
2.333817138671875000e+02 2.415050048828125000e+02 2.315220947265625000e+02
2.335919189453125000e+02 2.416721191406250000e+02 2.316846313476562500e+02
2.337117309570312500e+02 2.418370971679687500e+02 2.318408203125000000e+02
2.338334350585937500e+02 2.419979248046875000e+02 2.319988403320312500e+02
2.339672241210937500e+02 2.421699218750000000e+02 2.321624145507812500e+02
2.341020507812500000e+02 2.423228759765625000e+02 2.323032226562500000e+02
2.341942749023437500e+02 2.423873291015625000e+02 2.323731689453125000e+02
2.343618164062500000e+02 2.425212402343750000e+02 2.324416503906250000e+02
2.345340576171875000e+02 2.425526123046875000e+02 2.324965209960937500e+02
2.344157104492187500e+02 2.423843994140625000e+02 2.323013305664062500e+02
2.345206909179687500e+02 2.424393310546875000e+02 2.322861328125000000e+02
2.346055908203125000e+02 2.424379272460937500e+02 2.323165893554687500e+02
2.345129394531250000e+02 2.423860473632812500e+02 2.319763793945312500e+02
2.344551391601562500e+02 2.423693237304687500e+02 2.317463989257812500e+02
2.343950805664062500e+02 2.423966064453125000e+02 2.317106323242187500e+02
2.345569458007812500e+02 2.425509643554687500e+02 2.318782348632812500e+02
2.346785278320312500e+02 2.426589965820312500e+02 2.319526367187500000e+02
2.348021850585937500e+02 2.427518920898437500e+02 2.321535644531250000e+02
2.349569702148437500e+02 2.428935546875000000e+02 2.324002075195312500e+02
2.349019165039062500e+02 2.428251953125000000e+02 2.325479125976562500e+02
2.346682739257812500e+02 2.426216430664062500e+02 2.324347534179687500e+02
2.343995361328125000e+02 2.423662109375000000e+02 2.323736572265625000e+02
2.340764770507812500e+02 2.420438842773437500e+02 2.321210327148437500e+02
2.338331298828125000e+02 2.418364257812500000e+02 2.318701171875000000e+02
2.337342529296875000e+02 2.417383422851562500e+02 2.318571777343750000e+02
2.336466064453125000e+02 2.416496582031250000e+02 2.318135375976562500e+02
2.336574096679687500e+02 2.416990356445312500e+02 2.318521118164062500e+02
2.337929687500000000e+02 2.418287353515625000e+02 2.320123901367187500e+02
2.340036010742187500e+02 2.420465698242187500e+02 2.322126464843750000e+02
2.343264770507812500e+02 2.423442993164062500e+02 2.325144653320312500e+02
2.345751342773437500e+02 2.425568847656250000e+02 2.327681274414062500e+02
2.348351440429687500e+02 2.428190307617187500e+02 2.329605102539062500e+02
2.350131835937500000e+02 2.429818115234375000e+02 2.331157836914062500e+02
2.351467285156250000e+02 2.431310424804687500e+02 2.332178955078125000e+02
2.350820312500000000e+02 2.430712890625000000e+02 2.331171875000000000e+02
2.349154052734375000e+02 2.429326782226562500e+02 2.329354858398437500e+02
2.347247924804687500e+02 2.427425537109375000e+02 2.327176513671875000e+02
2.345825805664062500e+02 2.426046142578125000e+02 2.325506591796875000e+02
2.345621948242187500e+02 2.426149902343750000e+02 2.325223999023437500e+02
2.345308837890625000e+02 2.425785522460937500e+02 2.323608398437500000e+02
2.345386962890625000e+02 2.426012573242187500e+02 2.323914184570312500e+02
2.345955810546875000e+02 2.426627197265625000e+02 2.324202270507812500e+02
2.347582397460937500e+02 2.428150634765625000e+02 2.325241088867187500e+02
2.349555664062500000e+02 2.428985595703125000e+02 2.326556396484375000e+02
2.350790405273437500e+02 2.428812866210937500e+02 2.326495361328125000e+02
2.351273193359375000e+02 2.429351806640625000e+02 2.327167358398437500e+02
2.351362915039062500e+02 2.429285888671875000e+02 2.327194213867187500e+02
2.350412597656250000e+02 2.428410034179687500e+02 2.326624755859375000e+02
2.346733398437500000e+02 2.425435791015625000e+02 2.324524536132812500e+02
2.341370849609375000e+02 2.421315917968750000e+02 2.320758666992187500e+02
2.338256225585937500e+02 2.418671875000000000e+02 2.317750854492187500e+02
2.335995483398437500e+02 2.416666870117187500e+02 2.315704345703125000e+02
2.335821533203125000e+02 2.417021484375000000e+02 2.316198730468750000e+02
2.338424682617187500e+02 2.419375610351562500e+02 2.318645019531250000e+02
2.339519042968750000e+02 2.420426635742187500e+02 2.319712524414062500e+02
2.340551147460937500e+02 2.421423950195312500e+02 2.320740966796875000e+02
2.343448486328125000e+02 2.424160156250000000e+02 2.323151245117187500e+02
2.347165527343750000e+02 2.426811523437500000e+02 2.326183471679687500e+02
2.350156250000000000e+02 2.429661254882812500e+02 2.329785156250000000e+02
2.354298095703125000e+02 2.433151855468750000e+02 2.333732910156250000e+02
2.357863769531250000e+02 2.435972290039062500e+02 2.336406860351562500e+02
2.360095214843750000e+02 2.437767944335937500e+02 2.338647460937500000e+02
2.361962280273437500e+02 2.439500732421875000e+02 2.340595092773437500e+02
2.363327026367187500e+02 2.440437011718750000e+02 2.343322753906250000e+02
2.362766723632812500e+02 2.439482421875000000e+02 2.342960205078125000e+02
2.361179809570312500e+02 2.438109741210937500e+02 2.341367797851562500e+02
2.361333007812500000e+02 2.438391723632812500e+02 2.341799926757812500e+02
2.361154785156250000e+02 2.437846069335937500e+02 2.340405273437500000e+02
2.361924438476562500e+02 2.438332519531250000e+02 2.339335327148437500e+02
2.362821044921875000e+02 2.438527221679687500e+02 2.339666748046875000e+02
2.362459106445312500e+02 2.438173217773437500e+02 2.339544677734375000e+02
2.361351928710937500e+02 2.436926269531250000e+02 2.338480834960937500e+02
2.360247802734375000e+02 2.435653686523437500e+02 2.337542724609375000e+02
2.360036010742187500e+02 2.435161132812500000e+02 2.337353515625000000e+02
2.358888549804687500e+02 2.434038696289062500e+02 2.336279296875000000e+02
2.358250732421875000e+02 2.433336791992187500e+02 2.336099243164062500e+02
2.357464599609375000e+02 2.432704467773437500e+02 2.335660400390625000e+02
2.354438476562500000e+02 2.430632324218750000e+02 2.333823852539062500e+02
2.350990600585937500e+02 2.428125000000000000e+02 2.331781005859375000e+02
2.345660400390625000e+02 2.424669189453125000e+02 2.327978515625000000e+02
2.340588989257812500e+02 2.421202392578125000e+02 2.323725585937500000e+02
2.336769409179687500e+02 2.417868652343750000e+02 2.320308227539062500e+02
2.333059692382812500e+02 2.414885864257812500e+02 2.316018676757812500e+02
2.331295776367187500e+02 2.413267822265625000e+02 2.313290405273437500e+02
2.330314331054687500e+02 2.412376098632812500e+02 2.310534667968750000e+02
2.330498657226562500e+02 2.412930908203125000e+02 2.310111083984375000e+02
2.333700561523437500e+02 2.415899658203125000e+02 2.312606811523437500e+02
2.338024291992187500e+02 2.419274902343750000e+02 2.317686767578125000e+02
2.344531860351562500e+02 2.424172363281250000e+02 2.323746337890625000e+02
2.350309448242187500e+02 2.428817749023437500e+02 2.329354248046875000e+02
2.355723876953125000e+02 2.433197631835937500e+02 2.334877319335937500e+02
2.360336303710937500e+02 2.436124877929687500e+02 2.339488525390625000e+02
2.363101196289062500e+02 2.438612060546875000e+02 2.342346801757812500e+02
2.364933471679687500e+02 2.440175781250000000e+02 2.343710937500000000e+02
2.365770874023437500e+02 2.441112060546875000e+02 2.344282226562500000e+02
2.365471191406250000e+02 2.440857543945312500e+02 2.344168090820312500e+02
2.364127807617187500e+02 2.439461669921875000e+02 2.342947387695312500e+02
2.362761840820312500e+02 2.438388671875000000e+02 2.341564941406250000e+02
2.363276977539062500e+02 2.438681640625000000e+02 2.341968994140625000e+02
2.364396972656250000e+02 2.439763793945312500e+02 2.343069458007812500e+02
2.365459594726562500e+02 2.440482788085937500e+02 2.343670654296875000e+02
2.367362060546875000e+02 2.442189941406250000e+02 2.345298461914062500e+02
2.366997680664062500e+02 2.442258300781250000e+02 2.345280761718750000e+02
2.366630859375000000e+02 2.442243041992187500e+02 2.345248413085937500e+02
2.366416015625000000e+02 2.441846313476562500e+02 2.345143432617187500e+02
2.364807739257812500e+02 2.440554809570312500e+02 2.343470458984375000e+02
2.364013671875000000e+02 2.439766235351562500e+02 2.342500000000000000e+02
2.362854614257812500e+02 2.438796997070312500e+02 2.341622924804687500e+02
2.360908813476562500e+02 2.436994628906250000e+02 2.339661865234375000e+02
2.355902709960937500e+02 2.433873901367187500e+02 2.334778442382812500e+02
2.353192138671875000e+02 2.431481323242187500e+02 2.332049560546875000e+02
2.350755004882812500e+02 2.429157714843750000e+02 2.329839477539062500e+02
2.348673095703125000e+02 2.427166748046875000e+02 2.328775024414062500e+02
2.347880859375000000e+02 2.426416015625000000e+02 2.328280029296875000e+02
2.347816772460937500e+02 2.426374511718750000e+02 2.328263549804687500e+02
2.347941284179687500e+02 2.427033081054687500e+02 2.329152221679687500e+02
2.349507446289062500e+02 2.428579101562500000e+02 2.330819091796875000e+02
2.351305541992187500e+02 2.430429687500000000e+02 2.332461547851562500e+02
2.352649536132812500e+02 2.432341308593750000e+02 2.332343750000000000e+02
2.354840087890625000e+02 2.434259033203125000e+02 2.334137573242187500e+02
2.355731201171875000e+02 2.435528564453125000e+02 2.335397949218750000e+02
2.356076660156250000e+02 2.435637207031250000e+02 2.336091308593750000e+02
2.358167114257812500e+02 2.436964721679687500e+02 2.338055419921875000e+02
2.357712402343750000e+02 2.435831298828125000e+02 2.337546386718750000e+02
2.356976318359375000e+02 2.434637451171875000e+02 2.336837768554687500e+02
2.356505737304687500e+02 2.433356933593750000e+02 2.336318969726562500e+02
2.355599975585937500e+02 2.432345581054687500e+02 2.335320434570312500e+02
2.355784301757812500e+02 2.432223510742187500e+02 2.335276489257812500e+02
2.357906494140625000e+02 2.433790283203125000e+02 2.336857299804687500e+02
2.359861450195312500e+02 2.435589599609375000e+02 2.338927001953125000e+02
2.362075195312500000e+02 2.437631835937500000e+02 2.341054687500000000e+02
2.364324340820312500e+02 2.439479370117187500e+02 2.343167724609375000e+02
2.366807250976562500e+02 2.441647338867187500e+02 2.345253906250000000e+02
2.369472656250000000e+02 2.443642578125000000e+02 2.347622070312500000e+02
2.372200317382812500e+02 2.446235961914062500e+02 2.349631958007812500e+02
2.374674072265625000e+02 2.448088378906250000e+02 2.351823120117187500e+02
2.376828002929687500e+02 2.450087890625000000e+02 2.353880615234375000e+02
2.376149291992187500e+02 2.449633178710937500e+02 2.353784790039062500e+02
2.374663085937500000e+02 2.448195190429687500e+02 2.352429809570312500e+02
2.372328491210937500e+02 2.445904541015625000e+02 2.350285644531250000e+02
2.370651245117187500e+02 2.444389648437500000e+02 2.348847045898437500e+02
2.370752563476562500e+02 2.444567260742187500e+02 2.348975830078125000e+02
2.372803344726562500e+02 2.446459960937500000e+02 2.350967407226562500e+02
2.375072631835937500e+02 2.448370361328125000e+02 2.353724975585937500e+02
2.378332519531250000e+02 2.450440673828125000e+02 2.356895141601562500e+02
2.383196411132812500e+02 2.454047241210937500e+02 2.362355957031250000e+02
2.390999755859375000e+02 2.459335327148437500e+02 2.369615478515625000e+02
2.395419311523437500e+02 2.463377685546875000e+02 2.374215087890625000e+02
2.400795288085937500e+02 2.467910766601562500e+02 2.379228515625000000e+02
2.404808959960937500e+02 2.470892944335937500e+02 2.383632812500000000e+02
2.406577758789062500e+02 2.472387084960937500e+02 2.385671386718750000e+02
2.407459106445312500e+02 2.473621826171875000e+02 2.386491088867187500e+02
2.408292236328125000e+02 2.474509887695312500e+02 2.387250366210937500e+02
2.407048339843750000e+02 2.473159179687500000e+02 2.386610107421875000e+02
2.405218505859375000e+02 2.471586914062500000e+02 2.385999145507812500e+02
2.403960571289062500e+02 2.471224975585937500e+02 2.385416259765625000e+02
2.403637084960937500e+02 2.470979614257812500e+02 2.385049438476562500e+02
2.404888305664062500e+02 2.472625732421875000e+02 2.384505615234375000e+02
2.406318359375000000e+02 2.474075317382812500e+02 2.386036376953125000e+02
2.407498779296875000e+02 2.475194702148437500e+02 2.387205200195312500e+02
2.409500122070312500e+02 2.476987304687500000e+02 2.389181518554687500e+02
2.410812988281250000e+02 2.478271484375000000e+02 2.390858764648437500e+02
2.412695312500000000e+02 2.479835205078125000e+02 2.393457031250000000e+02
2.414193115234375000e+02 2.481038818359375000e+02 2.395661621093750000e+02
2.414790039062500000e+02 2.481750488281250000e+02 2.396748657226562500e+02
2.415634155273437500e+02 2.482076416015625000e+02 2.398328247070312500e+02
2.414341430664062500e+02 2.480513916015625000e+02 2.397863769531250000e+02
2.412446289062500000e+02 2.479628295898437500e+02 2.393936767578125000e+02
2.412127685546875000e+02 2.479096679687500000e+02 2.392267456054687500e+02
2.412201538085937500e+02 2.477390747070312500e+02 2.388070068359375000e+02
2.411504516601562500e+02 2.476702880859375000e+02 2.387216796875000000e+02
2.411195678710937500e+02 2.476065063476562500e+02 2.386708374023437500e+02
2.411176757812500000e+02 2.476099853515625000e+02 2.387209472656250000e+02
2.410599975585937500e+02 2.475948486328125000e+02 2.387702636718750000e+02
2.411453247070312500e+02 2.477304687500000000e+02 2.389816284179687500e+02
2.412562255859375000e+02 2.478313598632812500e+02 2.391774902343750000e+02
2.413963623046875000e+02 2.479512329101562500e+02 2.393671875000000000e+02
2.415560302734375000e+02 2.481037597656250000e+02 2.395689086914062500e+02
2.417418823242187500e+02 2.482686767578125000e+02 2.398220214843750000e+02
2.418988037109375000e+02 2.484078369140625000e+02 2.399738159179687500e+02
2.420281372070312500e+02 2.485327148437500000e+02 2.400612792968750000e+02
2.421870117187500000e+02 2.486253051757812500e+02 2.401763305664062500e+02
2.422752075195312500e+02 2.487407836914062500e+02 2.402186279296875000e+02
2.422853393554687500e+02 2.487467651367187500e+02 2.402639160156250000e+02
2.423297729492187500e+02 2.488008422851562500e+02 2.403175659179687500e+02
2.423449707031250000e+02 2.488004760742187500e+02 2.403768310546875000e+02
2.424209594726562500e+02 2.488668212890625000e+02 2.404708251953125000e+02
2.424570312500000000e+02 2.488978881835937500e+02 2.404749755859375000e+02
2.425374145507812500e+02 2.489590454101562500e+02 2.405889892578125000e+02
2.426364135742187500e+02 2.490560302734375000e+02 2.407203979492187500e+02
2.426876831054687500e+02 2.490997924804687500e+02 2.407718505859375000e+02
2.427800903320312500e+02 2.491892700195312500e+02 2.408712158203125000e+02
2.428399047851562500e+02 2.492512817382812500e+02 2.409312133789062500e+02
2.428547973632812500e+02 2.493773803710937500e+02 2.409709472656250000e+02
2.430011596679687500e+02 2.494611206054687500e+02 2.410729980468750000e+02
2.429439086914062500e+02 2.494087524414062500e+02 2.409759521484375000e+02
2.429424438476562500e+02 2.494058837890625000e+02 2.409801025390625000e+02
2.429352416992187500e+02 2.493467407226562500e+02 2.409833984375000000e+02
2.428964233398437500e+02 2.492557983398437500e+02 2.409315795898437500e+02
2.429028930664062500e+02 2.492376098632812500e+02 2.410171508789062500e+02
2.429822387695312500e+02 2.493035888671875000e+02 2.410957031250000000e+02
2.429840698242187500e+02 2.493016967773437500e+02 2.410892944335937500e+02
2.430689697265625000e+02 2.493516845703125000e+02 2.412200927734375000e+02
2.431917114257812500e+02 2.494537963867187500e+02 2.413646240234375000e+02
2.432933349609375000e+02 2.495498046875000000e+02 2.415229492187500000e+02
2.434636230468750000e+02 2.497198486328125000e+02 2.417257690429687500e+02
2.436204223632812500e+02 2.498573608398437500e+02 2.419388427734375000e+02
2.437922973632812500e+02 2.499984130859375000e+02 2.422008056640625000e+02
2.439511108398437500e+02 2.500912475585937500e+02 2.424165649414062500e+02
2.440891113281250000e+02 2.501522827148437500e+02 2.426054077148437500e+02
2.441933593750000000e+02 2.502430419921875000e+02 2.427460327148437500e+02
2.441560058593750000e+02 2.502034912109375000e+02 2.426955566406250000e+02
2.442401123046875000e+02 2.502821044921875000e+02 2.426872558593750000e+02
2.442180175781250000e+02 2.502673950195312500e+02 2.425916748046875000e+02
2.443244628906250000e+02 2.503643798828125000e+02 2.426929321289062500e+02
2.442680053710937500e+02 2.503021850585937500e+02 2.426391601562500000e+02
2.442774047851562500e+02 2.502915039062500000e+02 2.426569213867187500e+02
2.442346801757812500e+02 2.502496337890625000e+02 2.426061401367187500e+02
2.442268066406250000e+02 2.502275390625000000e+02 2.425902099609375000e+02
2.442219848632812500e+02 2.502144165039062500e+02 2.426275634765625000e+02
2.442173461914062500e+02 2.501948852539062500e+02 2.426079101562500000e+02
2.442664794921875000e+02 2.502564697265625000e+02 2.426608886718750000e+02
2.443563232421875000e+02 2.503770751953125000e+02 2.426722412109375000e+02
2.443106079101562500e+02 2.503464965820312500e+02 2.425574340820312500e+02
2.443005371093750000e+02 2.502531127929687500e+02 2.424321289062500000e+02
2.442210693359375000e+02 2.501761474609375000e+02 2.422800292968750000e+02
2.440996093750000000e+02 2.500708618164062500e+02 2.421665649414062500e+02
2.440366210937500000e+02 2.499874877929687500e+02 2.420494384765625000e+02
2.440281982421875000e+02 2.499511108398437500e+02 2.420198364257812500e+02
2.440729980468750000e+02 2.499876098632812500e+02 2.420593872070312500e+02
2.440379638671875000e+02 2.499567260742187500e+02 2.420277709960937500e+02
2.441531982421875000e+02 2.500614624023437500e+02 2.421355590820312500e+02
2.441433105468750000e+02 2.500464477539062500e+02 2.421147460937500000e+02
2.441806030273437500e+02 2.501311645507812500e+02 2.421969604492187500e+02
2.442411499023437500e+02 2.501928100585937500e+02 2.422604370117187500e+02
2.441609497070312500e+02 2.501341552734375000e+02 2.421914062500000000e+02
2.441954345703125000e+02 2.501772460937500000e+02 2.422359619140625000e+02
2.441083374023437500e+02 2.500908203125000000e+02 2.421442260742187500e+02
2.440390014648437500e+02 2.499929809570312500e+02 2.421127319335937500e+02
2.439324951171875000e+02 2.498439941406250000e+02 2.421306762695312500e+02
2.438176269531250000e+02 2.497357788085937500e+02 2.420521240234375000e+02
2.436774291992187500e+02 2.496316528320312500e+02 2.419512939453125000e+02
2.435010375976562500e+02 2.495569458007812500e+02 2.418990478515625000e+02
2.433966674804687500e+02 2.494646606445312500e+02 2.418190917968750000e+02
2.432897949218750000e+02 2.493629760742187500e+02 2.417226562500000000e+02
2.431155395507812500e+02 2.492786865234375000e+02 2.415624389648437500e+02
2.430061645507812500e+02 2.491864013671875000e+02 2.414708862304687500e+02
2.428817138671875000e+02 2.490708618164062500e+02 2.413118896484375000e+02
2.427546997070312500e+02 2.489746704101562500e+02 2.411618652343750000e+02
2.427667846679687500e+02 2.489879150390625000e+02 2.410419311523437500e+02
2.425859985351562500e+02 2.488654785156250000e+02 2.408887939453125000e+02
2.423823242187500000e+02 2.486822509765625000e+02 2.406400146484375000e+02
2.420348510742187500e+02 2.484332885742187500e+02 2.404244995117187500e+02
2.416685791015625000e+02 2.481049804687500000e+02 2.401889648437500000e+02
2.412965087890625000e+02 2.478384399414062500e+02 2.399522094726562500e+02
2.410152587890625000e+02 2.476286010742187500e+02 2.398165283203125000e+02
2.407877807617187500e+02 2.474556884765625000e+02 2.396781005859375000e+02
2.405946655273437500e+02 2.472927246093750000e+02 2.395451049804687500e+02
2.404785156250000000e+02 2.472071533203125000e+02 2.394661254882812500e+02
2.405171508789062500e+02 2.472799682617187500e+02 2.394767456054687500e+02
2.404802246093750000e+02 2.472517089843750000e+02 2.394424438476562500e+02
2.406088256835937500e+02 2.473627319335937500e+02 2.395609130859375000e+02
2.406405029296875000e+02 2.474365844726562500e+02 2.394599609375000000e+02
2.406539306640625000e+02 2.473515014648437500e+02 2.393225708007812500e+02
2.406832885742187500e+02 2.473105468750000000e+02 2.391527709960937500e+02
2.406383056640625000e+02 2.472792358398437500e+02 2.389733276367187500e+02
2.405323486328125000e+02 2.472075195312500000e+02 2.387501220703125000e+02
2.403024902343750000e+02 2.470431518554687500e+02 2.384883422851562500e+02
2.401015014648437500e+02 2.468588256835937500e+02 2.384151000976562500e+02
2.399121704101562500e+02 2.466785888671875000e+02 2.382741088867187500e+02
2.397326049804687500e+02 2.465222167968750000e+02 2.380710449218750000e+02
2.395364379882812500e+02 2.463825683593750000e+02 2.379266967773437500e+02
2.394052124023437500e+02 2.462579956054687500e+02 2.377635498046875000e+02
2.393138427734375000e+02 2.461912841796875000e+02 2.376757202148437500e+02
2.393322143554687500e+02 2.462316284179687500e+02 2.377139282226562500e+02
2.395632934570312500e+02 2.464694213867187500e+02 2.378965454101562500e+02
2.397690429687500000e+02 2.466867675781250000e+02 2.380809936523437500e+02
2.398544311523437500e+02 2.467628784179687500e+02 2.381553955078125000e+02
2.397349853515625000e+02 2.466370849609375000e+02 2.380203857421875000e+02
2.395970458984375000e+02 2.464744262695312500e+02 2.378477172851562500e+02
2.394361572265625000e+02 2.463278198242187500e+02 2.376961669921875000e+02
2.393565673828125000e+02 2.462340698242187500e+02 2.376721191406250000e+02
2.392955322265625000e+02 2.461673583984375000e+02 2.376209716796875000e+02
2.393388671875000000e+02 2.462006835937500000e+02 2.376544189453125000e+02
2.393709106445312500e+02 2.462340087890625000e+02 2.376863403320312500e+02
2.396175537109375000e+02 2.464662475585937500e+02 2.379228515625000000e+02
2.398217163085937500e+02 2.466683349609375000e+02 2.381358032226562500e+02
2.400310058593750000e+02 2.468677978515625000e+02 2.383488769531250000e+02
2.402551269531250000e+02 2.470787353515625000e+02 2.385437011718750000e+02
2.406849975585937500e+02 2.472410278320312500e+02 2.386531982421875000e+02
2.408301391601562500e+02 2.473581542968750000e+02 2.388161621093750000e+02
2.409791870117187500e+02 2.474893798828125000e+02 2.389667968750000000e+02
2.410924072265625000e+02 2.475735473632812500e+02 2.390634155273437500e+02
2.409364624023437500e+02 2.474783935546875000e+02 2.390083007812500000e+02
2.407851562500000000e+02 2.473318481445312500e+02 2.388645019531250000e+02
2.406495361328125000e+02 2.471990966796875000e+02 2.387794799804687500e+02
2.404957275390625000e+02 2.470091552734375000e+02 2.386726684570312500e+02
2.404399414062500000e+02 2.469871826171875000e+02 2.386495361328125000e+02
2.403401489257812500e+02 2.468915405273437500e+02 2.385453491210937500e+02
2.403303222656250000e+02 2.469515380859375000e+02 2.384937744140625000e+02
2.403815917968750000e+02 2.470863647460937500e+02 2.385158081054687500e+02
2.404689941406250000e+02 2.471644287109375000e+02 2.386003417968750000e+02
2.406043701171875000e+02 2.473446044921875000e+02 2.387280273437500000e+02
2.407984619140625000e+02 2.475044555664062500e+02 2.388506469726562500e+02
2.406968994140625000e+02 2.474116210937500000e+02 2.387140502929687500e+02
2.406393432617187500e+02 2.473579101562500000e+02 2.386616210937500000e+02
2.404703369140625000e+02 2.471953125000000000e+02 2.384948730468750000e+02
2.402890625000000000e+02 2.470307617187500000e+02 2.383180541992187500e+02
2.402271728515625000e+02 2.469844360351562500e+02 2.382551269531250000e+02
2.402214965820312500e+02 2.469907836914062500e+02 2.382066650390625000e+02
2.403328857421875000e+02 2.470768432617187500e+02 2.381893920898437500e+02
2.404434204101562500e+02 2.471109619140625000e+02 2.382673339843750000e+02
2.404966430664062500e+02 2.471659545898437500e+02 2.383018798828125000e+02
2.406468505859375000e+02 2.473288574218750000e+02 2.384992675781250000e+02
2.407742919921875000e+02 2.474813232421875000e+02 2.386561889648437500e+02
2.409824829101562500e+02 2.476652832031250000e+02 2.388673706054687500e+02
2.411658325195312500e+02 2.478452148437500000e+02 2.390598144531250000e+02
2.412981567382812500e+02 2.480026855468750000e+02 2.392646484375000000e+02
2.414246215820312500e+02 2.481254272460937500e+02 2.393798828125000000e+02
2.415747680664062500e+02 2.482064819335937500e+02 2.395284423828125000e+02
2.416439819335937500e+02 2.482426147460937500e+02 2.395637207031250000e+02
2.416494750976562500e+02 2.482377319335937500e+02 2.395949096679687500e+02
2.416501464843750000e+02 2.482409667968750000e+02 2.396025390625000000e+02
2.417027587890625000e+02 2.483172607421875000e+02 2.397180175781250000e+02
2.416769409179687500e+02 2.482847290039062500e+02 2.397260742187500000e+02
2.417531738281250000e+02 2.483492431640625000e+02 2.398959350585937500e+02
2.417749633789062500e+02 2.483713378906250000e+02 2.399560546875000000e+02
2.417667846679687500e+02 2.483191528320312500e+02 2.400767211914062500e+02
2.418688964843750000e+02 2.483189086914062500e+02 2.403774414062500000e+02
2.419077758789062500e+02 2.483591308593750000e+02 2.404769897460937500e+02
2.420628051757812500e+02 2.484831542968750000e+02 2.406671142578125000e+02
2.420436401367187500e+02 2.484274902343750000e+02 2.407205810546875000e+02
2.418881835937500000e+02 2.483057861328125000e+02 2.405465087890625000e+02
2.417388916015625000e+02 2.481958618164062500e+02 2.403139648437500000e+02
2.415404663085937500e+02 2.480014038085937500e+02 2.401317749023437500e+02
2.413361206054687500e+02 2.478263549804687500e+02 2.399799194335937500e+02
2.411702270507812500e+02 2.476972656250000000e+02 2.397680053710937500e+02
2.410458984375000000e+02 2.476694946289062500e+02 2.395301513671875000e+02
2.410750122070312500e+02 2.477454223632812500e+02 2.394400634765625000e+02
2.411375732421875000e+02 2.478164062500000000e+02 2.394873046875000000e+02
2.411948242187500000e+02 2.478602294921875000e+02 2.395238037109375000e+02
2.413672485351562500e+02 2.480218505859375000e+02 2.396923828125000000e+02
2.416010742187500000e+02 2.482421264648437500e+02 2.398046875000000000e+02
2.417573242187500000e+02 2.483463745117187500e+02 2.399695434570312500e+02
2.418941040039062500e+02 2.484625244140625000e+02 2.401018676757812500e+02
2.420479736328125000e+02 2.485696411132812500e+02 2.402166748046875000e+02
2.420164794921875000e+02 2.485452270507812500e+02 2.401451416015625000e+02
2.419630126953125000e+02 2.484732666015625000e+02 2.401315307617187500e+02
2.418641967773437500e+02 2.483743896484375000e+02 2.401071166992187500e+02
2.417059326171875000e+02 2.480708618164062500e+02 2.405462036132812500e+02
2.416095581054687500e+02 2.480209350585937500e+02 2.404710083007812500e+02
2.415983276367187500e+02 2.480208129882812500e+02 2.404642333984375000e+02
2.417474975585937500e+02 2.481614990234375000e+02 2.406117553710937500e+02
2.418420410156250000e+02 2.483054809570312500e+02 2.406702880859375000e+02
2.419949340820312500e+02 2.484660644531250000e+02 2.407360229492187500e+02
2.420670776367187500e+02 2.485556640625000000e+02 2.407080688476562500e+02
2.421417846679687500e+02 2.485586547851562500e+02 2.407564697265625000e+02
2.422778320312500000e+02 2.486841430664062500e+02 2.408805541992187500e+02
2.423123168945312500e+02 2.487095947265625000e+02 2.409213256835937500e+02
2.424135742187500000e+02 2.487791137695312500e+02 2.410676879882812500e+02
2.425218505859375000e+02 2.488156127929687500e+02 2.412587280273437500e+02
2.424035034179687500e+02 2.486905517578125000e+02 2.411403198242187500e+02
2.422980957031250000e+02 2.485960693359375000e+02 2.410017700195312500e+02
2.421428833007812500e+02 2.484573974609375000e+02 2.408279418945312500e+02
2.419202270507812500e+02 2.483129882812500000e+02 2.405957031250000000e+02
2.417728271484375000e+02 2.481669921875000000e+02 2.404538574218750000e+02
2.416836547851562500e+02 2.480872192382812500e+02 2.403712158203125000e+02
2.415386352539062500e+02 2.479794311523437500e+02 2.402112426757812500e+02
2.413917846679687500e+02 2.479146728515625000e+02 2.398728027343750000e+02
2.413609619140625000e+02 2.479440307617187500e+02 2.398314819335937500e+02
2.413911743164062500e+02 2.479655761718750000e+02 2.398624877929687500e+02
2.413836669921875000e+02 2.479966430664062500e+02 2.398806762695312500e+02
2.414193725585937500e+02 2.480516967773437500e+02 2.398724975585937500e+02
2.413543090820312500e+02 2.480038452148437500e+02 2.397188720703125000e+02
2.414385375976562500e+02 2.480000610351562500e+02 2.395358886718750000e+02
2.413649902343750000e+02 2.479227905273437500e+02 2.394262695312500000e+02
2.412515869140625000e+02 2.478530273437500000e+02 2.392766113281250000e+02
2.411057739257812500e+02 2.477573852539062500e+02 2.391583251953125000e+02
2.410310058593750000e+02 2.476826782226562500e+02 2.391029663085937500e+02
2.409256591796875000e+02 2.476256713867187500e+02 2.390751953125000000e+02
2.409196777343750000e+02 2.476030883789062500e+02 2.391107177734375000e+02
2.408564453125000000e+02 2.475084228515625000e+02 2.391248168945312500e+02
2.408949584960937500e+02 2.475342407226562500e+02 2.392102661132812500e+02
2.408699340820312500e+02 2.475315551757812500e+02 2.391545410156250000e+02
2.408048706054687500e+02 2.475061645507812500e+02 2.391257324218750000e+02
2.407694091796875000e+02 2.474710693359375000e+02 2.390924072265625000e+02
2.407854614257812500e+02 2.475344238281250000e+02 2.391517944335937500e+02
2.408128662109375000e+02 2.475776367187500000e+02 2.391121215820312500e+02
2.408123168945312500e+02 2.476688842773437500e+02 2.389209594726562500e+02
2.407589111328125000e+02 2.475960693359375000e+02 2.388258666992187500e+02
2.405339355468750000e+02 2.474105224609375000e+02 2.386157836914062500e+02
2.402343139648437500e+02 2.471389160156250000e+02 2.383341064453125000e+02
2.397137451171875000e+02 2.467507934570312500e+02 2.379438476562500000e+02
2.392290649414062500e+02 2.463703613281250000e+02 2.375538330078125000e+02
2.387399902343750000e+02 2.460020141601562500e+02 2.371132202148437500e+02
2.384390869140625000e+02 2.456959228515625000e+02 2.369874877929687500e+02
2.380125732421875000e+02 2.453347778320312500e+02 2.366543579101562500e+02
2.377321166992187500e+02 2.450937500000000000e+02 2.363779296875000000e+02
2.375590209960937500e+02 2.449515380859375000e+02 2.360614624023437500e+02
2.373887939453125000e+02 2.447911987304687500e+02 2.358524780273437500e+02
2.372117309570312500e+02 2.446157836914062500e+02 2.356932373046875000e+02
2.370521850585937500e+02 2.444389038085937500e+02 2.354992675781250000e+02
2.369511718750000000e+02 2.443435058593750000e+02 2.354044799804687500e+02
2.367325439453125000e+02 2.441732788085937500e+02 2.352083740234375000e+02
2.366756591796875000e+02 2.441347656250000000e+02 2.350528564453125000e+02
2.365385131835937500e+02 2.440161132812500000e+02 2.349324340820312500e+02
2.363698120117187500e+02 2.438672485351562500e+02 2.346467285156250000e+02
2.362560424804687500e+02 2.437749633789062500e+02 2.344845581054687500e+02
2.362266235351562500e+02 2.437359619140625000e+02 2.344893188476562500e+02
2.363048095703125000e+02 2.436016845703125000e+02 2.342656250000000000e+02
2.362297363281250000e+02 2.435371093750000000e+02 2.341937255859375000e+02
2.361810302734375000e+02 2.434876708984375000e+02 2.341497802734375000e+02
2.361909179687500000e+02 2.435111694335937500e+02 2.340417480468750000e+02
2.362252807617187500e+02 2.435499877929687500e+02 2.340223999023437500e+02
2.363192749023437500e+02 2.436724243164062500e+02 2.340053710937500000e+02
2.362960205078125000e+02 2.436870117187500000e+02 2.338609619140625000e+02
2.363203125000000000e+02 2.436815795898437500e+02 2.338389892578125000e+02
2.363012695312500000e+02 2.437191772460937500e+02 2.338139038085937500e+02
2.360496215820312500e+02 2.434790039062500000e+02 2.335739746093750000e+02
2.357141723632812500e+02 2.431934204101562500e+02 2.332042236328125000e+02
2.354470214843750000e+02 2.429326782226562500e+02 2.329451904296875000e+02
2.352188110351562500e+02 2.427244262695312500e+02 2.327343750000000000e+02
2.351707153320312500e+02 2.427012939453125000e+02 2.327069702148437500e+02
2.352114868164062500e+02 2.427612304687500000e+02 2.328005371093750000e+02
2.352695922851562500e+02 2.428464965820312500e+02 2.329223022460937500e+02
2.352499389648437500e+02 2.428649902343750000e+02 2.329639282226562500e+02
2.354713134765625000e+02 2.430694580078125000e+02 2.332583618164062500e+02
2.356454467773437500e+02 2.432367553710937500e+02 2.334437866210937500e+02
2.357373657226562500e+02 2.432988891601562500e+02 2.334523315429687500e+02
2.358611450195312500e+02 2.434356079101562500e+02 2.335328979492187500e+02
2.360418090820312500e+02 2.436167602539062500e+02 2.336706542968750000e+02
2.361120605468750000e+02 2.436746826171875000e+02 2.337293701171875000e+02
2.360348510742187500e+02 2.436119384765625000e+02 2.337124023437500000e+02
2.359887695312500000e+02 2.435863647460937500e+02 2.336397094726562500e+02
2.360114746093750000e+02 2.436579589843750000e+02 2.336989135742187500e+02
2.359241333007812500e+02 2.435680541992187500e+02 2.336127929687500000e+02
2.359164428710937500e+02 2.435609741210937500e+02 2.335927734375000000e+02
2.359854125976562500e+02 2.436632080078125000e+02 2.337066040039062500e+02
2.360014648437500000e+02 2.436608886718750000e+02 2.337859497070312500e+02
2.360719604492187500e+02 2.437234497070312500e+02 2.338977661132812500e+02
2.362219238281250000e+02 2.438661499023437500e+02 2.340565795898437500e+02
2.363651123046875000e+02 2.439960327148437500e+02 2.341962280273437500e+02
2.364840698242187500e+02 2.440961303710937500e+02 2.342958984375000000e+02
2.367210693359375000e+02 2.443218383789062500e+02 2.344613037109375000e+02
2.370322265625000000e+02 2.445090332031250000e+02 2.346658325195312500e+02
2.371545410156250000e+02 2.445192260742187500e+02 2.346936035156250000e+02
2.371724243164062500e+02 2.445465087890625000e+02 2.346935424804687500e+02
2.372752685546875000e+02 2.446265258789062500e+02 2.348273925781250000e+02
2.374538574218750000e+02 2.447847900390625000e+02 2.349951171875000000e+02
2.377180786132812500e+02 2.449721069335937500e+02 2.352319946289062500e+02
2.380506591796875000e+02 2.452559204101562500e+02 2.355634155273437500e+02
2.384915771484375000e+02 2.455222778320312500e+02 2.358662719726562500e+02
2.387921752929687500e+02 2.457873535156250000e+02 2.361104736328125000e+02
2.391207885742187500e+02 2.460363159179687500e+02 2.363764038085937500e+02
2.394889526367187500e+02 2.463135375976562500e+02 2.367454833984375000e+02
2.397645263671875000e+02 2.465241088867187500e+02 2.370319824218750000e+02
2.399440307617187500e+02 2.467384033203125000e+02 2.372115478515625000e+02
2.402311401367187500e+02 2.469724121093750000e+02 2.375731811523437500e+02
2.404039306640625000e+02 2.471010742187500000e+02 2.378688964843750000e+02
2.406408691406250000e+02 2.472819213867187500e+02 2.381328735351562500e+02
2.408317260742187500e+02 2.474272460937500000e+02 2.384263916015625000e+02
2.410324096679687500e+02 2.475946044921875000e+02 2.386541748046875000e+02
2.412125854492187500e+02 2.477267456054687500e+02 2.388098144531250000e+02
2.413497924804687500e+02 2.478731079101562500e+02 2.389354858398437500e+02
2.414135742187500000e+02 2.479640502929687500e+02 2.389909667968750000e+02
2.413770141601562500e+02 2.479304809570312500e+02 2.390133056640625000e+02
2.413861083984375000e+02 2.479423217773437500e+02 2.390015258789062500e+02
2.413214111328125000e+02 2.478983764648437500e+02 2.389552001953125000e+02
2.412753906250000000e+02 2.478493041992187500e+02 2.388922119140625000e+02
2.411824340820312500e+02 2.478537597656250000e+02 2.386122436523437500e+02
2.412117309570312500e+02 2.478651123046875000e+02 2.386992187500000000e+02
2.413955078125000000e+02 2.480493774414062500e+02 2.388856201171875000e+02
2.415823974609375000e+02 2.482260742187500000e+02 2.390643920898437500e+02
2.417612915039062500e+02 2.483790893554687500e+02 2.393705444335937500e+02
2.416939697265625000e+02 2.483155517578125000e+02 2.393212890625000000e+02
2.417663574218750000e+02 2.484003295898437500e+02 2.394002685546875000e+02
2.416322631835937500e+02 2.482756347656250000e+02 2.392682495117187500e+02
2.415584106445312500e+02 2.482008056640625000e+02 2.392205810546875000e+02
2.414166259765625000e+02 2.481695556640625000e+02 2.391547241210937500e+02
2.414384155273437500e+02 2.482324218750000000e+02 2.391813964843750000e+02
2.413848266601562500e+02 2.481905517578125000e+02 2.392006225585937500e+02
2.414865722656250000e+02 2.483064575195312500e+02 2.393309326171875000e+02
2.416714477539062500e+02 2.484546508789062500e+02 2.396597900390625000e+02
2.418733520507812500e+02 2.485855102539062500e+02 2.401630859375000000e+02
2.420776367187500000e+02 2.488037109375000000e+02 2.403200073242187500e+02
2.423813476562500000e+02 2.489822998046875000e+02 2.406071777343750000e+02
2.426212768554687500e+02 2.490925903320312500e+02 2.408884887695312500e+02
2.427992553710937500e+02 2.492411499023437500e+02 2.410784912109375000e+02
2.429527587890625000e+02 2.492739868164062500e+02 2.413470458984375000e+02
2.430173339843750000e+02 2.493427124023437500e+02 2.414130249023437500e+02
2.431420898437500000e+02 2.494552612304687500e+02 2.415338745117187500e+02
2.432322387695312500e+02 2.495317382812500000e+02 2.416273803710937500e+02
2.431795654296875000e+02 2.495150756835937500e+02 2.415453491210937500e+02
2.432597045898437500e+02 2.496693725585937500e+02 2.414191894531250000e+02
2.432478637695312500e+02 2.496550292968750000e+02 2.414046630859375000e+02
2.432276611328125000e+02 2.496343383789062500e+02 2.414049072265625000e+02
2.432406005859375000e+02 2.496548461914062500e+02 2.413879394531250000e+02
2.432224121093750000e+02 2.496026611328125000e+02 2.414671020507812500e+02
2.431829833984375000e+02 2.495489501953125000e+02 2.414613037109375000e+02
2.433199462890625000e+02 2.496185913085937500e+02 2.415609130859375000e+02
2.432429199218750000e+02 2.495429077148437500e+02 2.414886474609375000e+02
2.433027343750000000e+02 2.496309814453125000e+02 2.415388183593750000e+02
2.433961791992187500e+02 2.497094116210937500e+02 2.416265869140625000e+02
2.434802856445312500e+02 2.497788696289062500e+02 2.417108764648437500e+02
2.434893798828125000e+02 2.497492065429687500e+02 2.416898193359375000e+02
2.434671630859375000e+02 2.496997070312500000e+02 2.416481933593750000e+02
2.434916381835937500e+02 2.497338256835937500e+02 2.416790771484375000e+02
2.434293212890625000e+02 2.496778564453125000e+02 2.415997924804687500e+02
2.433833007812500000e+02 2.496948242187500000e+02 2.415003051757812500e+02
2.433537597656250000e+02 2.496640625000000000e+02 2.414373168945312500e+02
2.433091430664062500e+02 2.496203002929687500e+02 2.413936157226562500e+02
2.433392333984375000e+02 2.496381225585937500e+02 2.414174804687500000e+02
2.434754638671875000e+02 2.497236328125000000e+02 2.414973144531250000e+02
2.435570678710937500e+02 2.497917480468750000e+02 2.415748291015625000e+02
2.436007690429687500e+02 2.498293457031250000e+02 2.416166992187500000e+02
2.436530761718750000e+02 2.498786010742187500e+02 2.416584472656250000e+02
2.436933593750000000e+02 2.498960571289062500e+02 2.416865234375000000e+02
2.437369995117187500e+02 2.499478149414062500e+02 2.417583007812500000e+02
2.436677246093750000e+02 2.498713989257812500e+02 2.417390136718750000e+02
2.436908569335937500e+02 2.498905029296875000e+02 2.418303222656250000e+02
2.436660766601562500e+02 2.498424682617187500e+02 2.418532104492187500e+02
2.436664428710937500e+02 2.498220825195312500e+02 2.418758544921875000e+02
2.436670532226562500e+02 2.498281860351562500e+02 2.416956787109375000e+02
2.437484741210937500e+02 2.498294067382812500e+02 2.416418457031250000e+02
2.437871704101562500e+02 2.498332519531250000e+02 2.415687866210937500e+02
2.437885131835937500e+02 2.498087768554687500e+02 2.414975585937500000e+02
2.437340698242187500e+02 2.497564697265625000e+02 2.414430541992187500e+02
2.436386108398437500e+02 2.496771850585937500e+02 2.413710327148437500e+02
2.435319824218750000e+02 2.495778198242187500e+02 2.412930297851562500e+02
2.433676757812500000e+02 2.495032958984375000e+02 2.412249755859375000e+02
2.432727050781250000e+02 2.493988647460937500e+02 2.411167602539062500e+02
2.433594360351562500e+02 2.494797363281250000e+02 2.412011718750000000e+02
2.432901000976562500e+02 2.494335937500000000e+02 2.412996215820312500e+02
2.431868286132812500e+02 2.494016723632812500e+02 2.412683715820312500e+02
2.430941162109375000e+02 2.493044433593750000e+02 2.411888427734375000e+02
2.429700317382812500e+02 2.491458129882812500e+02 2.411725463867187500e+02
2.428232421875000000e+02 2.489981079101562500e+02 2.410843505859375000e+02
2.426889648437500000e+02 2.488921508789062500e+02 2.409627685546875000e+02
2.425742187500000000e+02 2.488319091796875000e+02 2.407122192382812500e+02
2.424607543945312500e+02 2.487302246093750000e+02 2.406050415039062500e+02
2.423077392578125000e+02 2.486098632812500000e+02 2.404704589843750000e+02
2.422139282226562500e+02 2.485171508789062500e+02 2.403546752929687500e+02
2.419321289062500000e+02 2.484842529296875000e+02 2.402916870117187500e+02
2.418138427734375000e+02 2.483904418945312500e+02 2.402050781250000000e+02
2.416514282226562500e+02 2.483272094726562500e+02 2.401423950195312500e+02
2.414595336914062500e+02 2.482374877929687500e+02 2.400017700195312500e+02
2.413901977539062500e+02 2.481676025390625000e+02 2.399085693359375000e+02
2.410947265625000000e+02 2.479667968750000000e+02 2.395484619140625000e+02
2.408588867187500000e+02 2.477968139648437500e+02 2.391901855468750000e+02
2.406026000976562500e+02 2.475950927734375000e+02 2.388415527343750000e+02
2.403328857421875000e+02 2.473911132812500000e+02 2.385895996093750000e+02
2.401141357421875000e+02 2.472200317382812500e+02 2.383263549804687500e+02
2.399059448242187500e+02 2.470497436523437500e+02 2.380226440429687500e+02
2.397367553710937500e+02 2.468126220703125000e+02 2.377238159179687500e+02
2.395270996093750000e+02 2.466008911132812500e+02 2.372939453125000000e+02
2.393490600585937500e+02 2.464393310546875000e+02 2.371087036132812500e+02
2.392113647460937500e+02 2.463189086914062500e+02 2.369262084960937500e+02
2.391033325195312500e+02 2.462357177734375000e+02 2.367840576171875000e+02
2.392213745117187500e+02 2.463427734375000000e+02 2.369285278320312500e+02
2.390225830078125000e+02 2.461625366210937500e+02 2.367078857421875000e+02
2.387645263671875000e+02 2.459513549804687500e+02 2.364588012695312500e+02
2.384026489257812500e+02 2.456514282226562500e+02 2.361343994140625000e+02
2.380156250000000000e+02 2.453677368164062500e+02 2.357825927734375000e+02
2.375793457031250000e+02 2.449650878906250000e+02 2.352319946289062500e+02
2.372079467773437500e+02 2.447007446289062500e+02 2.348707885742187500e+02
2.369351806640625000e+02 2.444819335937500000e+02 2.346193237304687500e+02
2.367218627929687500e+02 2.443046875000000000e+02 2.343864746093750000e+02
2.365187988281250000e+02 2.440997924804687500e+02 2.342092895507812500e+02
2.363989257812500000e+02 2.439868164062500000e+02 2.341300659179687500e+02
2.363936767578125000e+02 2.439675903320312500e+02 2.341441040039062500e+02
2.363885498046875000e+02 2.439592285156250000e+02 2.341575927734375000e+02
2.365181884765625000e+02 2.440718383789062500e+02 2.342672729492187500e+02
2.367069702148437500e+02 2.442493286132812500e+02 2.344017944335937500e+02
2.369295043945312500e+02 2.444288940429687500e+02 2.345630493164062500e+02
2.372824096679687500e+02 2.447381591796875000e+02 2.348154296875000000e+02
2.376030273437500000e+02 2.450272827148437500e+02 2.351795043945312500e+02
2.379005737304687500e+02 2.453002929687500000e+02 2.354481811523437500e+02
2.380139160156250000e+02 2.454255371093750000e+02 2.354747924804687500e+02
2.381363525390625000e+02 2.455579223632812500e+02 2.355925903320312500e+02
2.380856323242187500e+02 2.455401000976562500e+02 2.355244140625000000e+02
2.380523681640625000e+02 2.454932250976562500e+02 2.354362792968750000e+02
2.379110107421875000e+02 2.453692016601562500e+02 2.352888793945312500e+02
2.379689941406250000e+02 2.453978881835937500e+02 2.354288330078125000e+02
2.381362304687500000e+02 2.455524902343750000e+02 2.357709960937500000e+02
2.382886962890625000e+02 2.456885986328125000e+02 2.359858398437500000e+02
2.384700927734375000e+02 2.458385620117187500e+02 2.362274780273437500e+02
2.386530151367187500e+02 2.460037841796875000e+02 2.364370117187500000e+02
2.385884399414062500e+02 2.459044189453125000e+02 2.363272094726562500e+02
2.384472045898437500e+02 2.457728881835937500e+02 2.361210937500000000e+02
2.382495117187500000e+02 2.455694580078125000e+02 2.357699584960937500e+02
2.380527954101562500e+02 2.453815307617187500e+02 2.355354614257812500e+02
2.379273071289062500e+02 2.452528686523437500e+02 2.354145507812500000e+02
2.378528442382812500e+02 2.451817016601562500e+02 2.353920288085937500e+02
2.377203979492187500e+02 2.450385742187500000e+02 2.353188476562500000e+02
2.377705078125000000e+02 2.450916137695312500e+02 2.353704833984375000e+02
2.379326782226562500e+02 2.452788696289062500e+02 2.356040039062500000e+02
2.380911865234375000e+02 2.454645996093750000e+02 2.357999877929687500e+02
2.383771362304687500e+02 2.456541748046875000e+02 2.360291748046875000e+02
2.387972412109375000e+02 2.458273925781250000e+02 2.362695312500000000e+02
2.389508056640625000e+02 2.459061279296875000e+02 2.363776245117187500e+02
2.390180664062500000e+02 2.458785400390625000e+02 2.363841552734375000e+02
2.390512084960937500e+02 2.458660278320312500e+02 2.363867797851562500e+02
2.386754760742187500e+02 2.456950073242187500e+02 2.361648559570312500e+02
2.384317626953125000e+02 2.455198974609375000e+02 2.359370727539062500e+02
2.382593994140625000e+02 2.454371948242187500e+02 2.358311157226562500e+02
2.380613403320312500e+02 2.453082885742187500e+02 2.357237548828125000e+02
2.379642944335937500e+02 2.452287597656250000e+02 2.356704101562500000e+02
2.380261230468750000e+02 2.452907714843750000e+02 2.357332763671875000e+02
2.381864624023437500e+02 2.454349975585937500e+02 2.359083251953125000e+02
2.383535156250000000e+02 2.455953369140625000e+02 2.360880737304687500e+02
2.384774780273437500e+02 2.457229003906250000e+02 2.362329711914062500e+02
2.386525878906250000e+02 2.458765869140625000e+02 2.364314575195312500e+02
2.388673095703125000e+02 2.460414428710937500e+02 2.366134643554687500e+02
2.388092651367187500e+02 2.459896240234375000e+02 2.364944458007812500e+02
2.386311035156250000e+02 2.458442382812500000e+02 2.362622070312500000e+02
2.383323364257812500e+02 2.456257934570312500e+02 2.359196166992187500e+02
2.381340942382812500e+02 2.454327392578125000e+02 2.356777343750000000e+02
2.378369140625000000e+02 2.451782226562500000e+02 2.354146728515625000e+02
2.375713500976562500e+02 2.449524536132812500e+02 2.352020874023437500e+02
2.374425659179687500e+02 2.448410644531250000e+02 2.351187744140625000e+02
2.374768676757812500e+02 2.448769531250000000e+02 2.351571655273437500e+02
2.376575317382812500e+02 2.450477294921875000e+02 2.353416137695312500e+02
2.380247802734375000e+02 2.453251953125000000e+02 2.356519165039062500e+02
2.384900512695312500e+02 2.457229614257812500e+02 2.360711059570312500e+02
2.389243774414062500e+02 2.459506835937500000e+02 2.363964843750000000e+02
2.393695678710937500e+02 2.461439819335937500e+02 2.368367919921875000e+02
2.396560058593750000e+02 2.463514404296875000e+02 2.370635375976562500e+02
2.396483764648437500e+02 2.463656005859375000e+02 2.370513305664062500e+02
2.395371704101562500e+02 2.462817993164062500e+02 2.368973388671875000e+02
2.394434814453125000e+02 2.461712036132812500e+02 2.367977905273437500e+02
2.392812500000000000e+02 2.460206909179687500e+02 2.366657104492187500e+02
2.391259155273437500e+02 2.459368286132812500e+02 2.365106811523437500e+02
2.390196533203125000e+02 2.458311767578125000e+02 2.364003906250000000e+02
2.389798583984375000e+02 2.458115844726562500e+02 2.363275146484375000e+02
2.388778686523437500e+02 2.458136596679687500e+02 2.362809448242187500e+02
2.389481811523437500e+02 2.459005126953125000e+02 2.362813110351562500e+02
2.390253295898437500e+02 2.459749755859375000e+02 2.363370971679687500e+02
2.391762084960937500e+02 2.461223754882812500e+02 2.364932250976562500e+02
2.393753051757812500e+02 2.463196411132812500e+02 2.368592529296875000e+02
2.395978393554687500e+02 2.464761962890625000e+02 2.371835327148437500e+02
2.397611083984375000e+02 2.466138305664062500e+02 2.373774414062500000e+02
2.398579711914062500e+02 2.467224731445312500e+02 2.375089111328125000e+02
2.397393798828125000e+02 2.466483154296875000e+02 2.372630615234375000e+02
2.396527709960937500e+02 2.465478515625000000e+02 2.369882812500000000e+02
2.394917602539062500e+02 2.464164428710937500e+02 2.367707519531250000e+02
2.394494018554687500e+02 2.463875732421875000e+02 2.366087646484375000e+02
2.394956054687500000e+02 2.464679565429687500e+02 2.364743652343750000e+02
2.397196044921875000e+02 2.466264648437500000e+02 2.366719360351562500e+02
2.398821411132812500e+02 2.467142333984375000e+02 2.367910156250000000e+02
2.401428222656250000e+02 2.467584228515625000e+02 2.367387695312500000e+02
2.404078369140625000e+02 2.470032958984375000e+02 2.369656982421875000e+02
2.407308959960937500e+02 2.472570800781250000e+02 2.373469238281250000e+02
2.409367675781250000e+02 2.474518432617187500e+02 2.375584106445312500e+02
2.410824584960937500e+02 2.475988769531250000e+02 2.377157592773437500e+02
2.411801757812500000e+02 2.476976928710937500e+02 2.378176879882812500e+02
2.412086791992187500e+02 2.477205810546875000e+02 2.378569335937500000e+02
2.410868530273437500e+02 2.475987548828125000e+02 2.377213134765625000e+02
2.409760131835937500e+02 2.475193481445312500e+02 2.376354370117187500e+02
2.408487548828125000e+02 2.474334716796875000e+02 2.375482177734375000e+02
2.407027587890625000e+02 2.473670043945312500e+02 2.374592895507812500e+02
2.405671386718750000e+02 2.472516479492187500e+02 2.373594970703125000e+02
2.404491577148437500e+02 2.471920166015625000e+02 2.372752075195312500e+02
2.404633789062500000e+02 2.472134399414062500e+02 2.372954711914062500e+02
2.404868774414062500e+02 2.472377319335937500e+02 2.373215332031250000e+02
2.405150146484375000e+02 2.472565307617187500e+02 2.373494873046875000e+02
2.406207275390625000e+02 2.473671875000000000e+02 2.374854125976562500e+02
2.407354125976562500e+02 2.474821166992187500e+02 2.376035156250000000e+02
2.408771362304687500e+02 2.475632934570312500e+02 2.377248535156250000e+02
2.410234375000000000e+02 2.476968383789062500e+02 2.378724365234375000e+02
2.412346191406250000e+02 2.478438110351562500e+02 2.382327270507812500e+02
2.413814086914062500e+02 2.479761962890625000e+02 2.383969726562500000e+02
2.413911743164062500e+02 2.479362792968750000e+02 2.383988037109375000e+02
2.413315429687500000e+02 2.478763427734375000e+02 2.384121093750000000e+02
2.413293457031250000e+02 2.478651733398437500e+02 2.384441528320312500e+02
2.412684326171875000e+02 2.478171386718750000e+02 2.384126586914062500e+02
2.413189697265625000e+02 2.478746337890625000e+02 2.384638061523437500e+02
2.414235839843750000e+02 2.479733276367187500e+02 2.385640869140625000e+02
2.414998168945312500e+02 2.480551147460937500e+02 2.386323852539062500e+02
2.415561523437500000e+02 2.481054077148437500e+02 2.386502685546875000e+02
2.417337036132812500e+02 2.482801513671875000e+02 2.388224487304687500e+02
2.419328002929687500e+02 2.484508056640625000e+02 2.390509643554687500e+02
2.421392822265625000e+02 2.486560668945312500e+02 2.393651123046875000e+02
2.423516845703125000e+02 2.488572387695312500e+02 2.395590820312500000e+02
2.425485229492187500e+02 2.489534912109375000e+02 2.396333618164062500e+02
2.427412109375000000e+02 2.490560302734375000e+02 2.397238159179687500e+02
2.428595581054687500e+02 2.491127319335937500e+02 2.397874145507812500e+02
2.427811279296875000e+02 2.490310058593750000e+02 2.397113037109375000e+02
2.427200317382812500e+02 2.489738159179687500e+02 2.396273803710937500e+02
2.426447753906250000e+02 2.489107055664062500e+02 2.395594482421875000e+02
2.426077880859375000e+02 2.488385620117187500e+02 2.394820556640625000e+02
2.425364379882812500e+02 2.487352294921875000e+02 2.393792724609375000e+02
2.426401977539062500e+02 2.488214721679687500e+02 2.394694213867187500e+02
2.427165527343750000e+02 2.488665161132812500e+02 2.396733398437500000e+02
2.426900634765625000e+02 2.488421630859375000e+02 2.397373657226562500e+02
2.428330078125000000e+02 2.489431762695312500e+02 2.399402465820312500e+02
2.429411621093750000e+02 2.490223388671875000e+02 2.400994873046875000e+02
2.429834594726562500e+02 2.490566406250000000e+02 2.401429443359375000e+02
2.430958862304687500e+02 2.491488647460937500e+02 2.402478637695312500e+02
2.432016601562500000e+02 2.492461547851562500e+02 2.403961791992187500e+02
2.433256835937500000e+02 2.493055419921875000e+02 2.405339965820312500e+02
2.432877197265625000e+02 2.492657470703125000e+02 2.405086669921875000e+02
2.432194824218750000e+02 2.491568603515625000e+02 2.404309692382812500e+02
2.430987548828125000e+02 2.490398559570312500e+02 2.403136596679687500e+02
2.429467163085937500e+02 2.489359130859375000e+02 2.400885009765625000e+02
2.428738403320312500e+02 2.488690795898437500e+02 2.399500732421875000e+02
2.428543701171875000e+02 2.488711547851562500e+02 2.398897094726562500e+02
2.428286743164062500e+02 2.488588256835937500e+02 2.398777465820312500e+02
2.428464965820312500e+02 2.488790283203125000e+02 2.398121948242187500e+02
2.429921264648437500e+02 2.490076293945312500e+02 2.399296875000000000e+02
2.431832275390625000e+02 2.491026611328125000e+02 2.401795654296875000e+02
2.433790283203125000e+02 2.492618408203125000e+02 2.403865966796875000e+02
2.435452880859375000e+02 2.493994140625000000e+02 2.405291748046875000e+02
2.436893310546875000e+02 2.495344238281250000e+02 2.406950683593750000e+02
2.437623291015625000e+02 2.496147460937500000e+02 2.407772827148437500e+02
2.438245239257812500e+02 2.496684570312500000e+02 2.408605346679687500e+02
2.438893432617187500e+02 2.497364501953125000e+02 2.409260864257812500e+02
2.439415893554687500e+02 2.497588500976562500e+02 2.409520874023437500e+02
2.439460449218750000e+02 2.497262573242187500e+02 2.408514404296875000e+02
2.440072631835937500e+02 2.497914428710937500e+02 2.407667236328125000e+02
2.440692138671875000e+02 2.498523559570312500e+02 2.408004760742187500e+02
2.441289062500000000e+02 2.498981323242187500e+02 2.407891235351562500e+02
2.442919311523437500e+02 2.500090332031250000e+02 2.409055175781250000e+02
2.446974487304687500e+02 2.500921630859375000e+02 2.411453247070312500e+02
2.450050659179687500e+02 2.502103271484375000e+02 2.413456420898437500e+02
2.452854614257812500e+02 2.503159179687500000e+02 2.415235595703125000e+02
2.453953247070312500e+02 2.504349975585937500e+02 2.416567993164062500e+02
2.454996948242187500e+02 2.504963989257812500e+02 2.417351074218750000e+02
2.455134277343750000e+02 2.505247192382812500e+02 2.417662353515625000e+02
2.454467163085937500e+02 2.504559326171875000e+02 2.417025756835937500e+02
2.452718505859375000e+02 2.503348999023437500e+02 2.415793457031250000e+02
2.451080322265625000e+02 2.501893310546875000e+02 2.414287109375000000e+02
2.447785644531250000e+02 2.499899291992187500e+02 2.412362670898437500e+02
2.446119995117187500e+02 2.498480834960937500e+02 2.410969848632812500e+02
2.444492797851562500e+02 2.496676025390625000e+02 2.409354858398437500e+02
2.443215942382812500e+02 2.495459594726562500e+02 2.408541259765625000e+02
2.442219848632812500e+02 2.494323730468750000e+02 2.407860107421875000e+02
2.440496215820312500e+02 2.493253173828125000e+02 2.406532592773437500e+02
2.439489135742187500e+02 2.492404174804687500e+02 2.404981079101562500e+02
2.437862548828125000e+02 2.491401367187500000e+02 2.402895507812500000e+02
2.436564941406250000e+02 2.490128784179687500e+02 2.401136474609375000e+02
2.434411621093750000e+02 2.488279418945312500e+02 2.398491821289062500e+02
2.432455444335937500e+02 2.486654052734375000e+02 2.395936279296875000e+02
2.428752441406250000e+02 2.485616455078125000e+02 2.392791137695312500e+02
2.426298828125000000e+02 2.483925781250000000e+02 2.390108032226562500e+02
2.423863525390625000e+02 2.482744140625000000e+02 2.388432006835937500e+02
2.421673583984375000e+02 2.481283569335937500e+02 2.386591796875000000e+02
2.420376586914062500e+02 2.480146484375000000e+02 2.385424194335937500e+02
2.419839477539062500e+02 2.479727783203125000e+02 2.385357666015625000e+02
2.420139770507812500e+02 2.480193481445312500e+02 2.386660766601562500e+02
2.419570922851562500e+02 2.480075683593750000e+02 2.386737670898437500e+02
2.419830932617187500e+02 2.479897460937500000e+02 2.386515502929687500e+02
2.419438476562500000e+02 2.479287719726562500e+02 2.386242675781250000e+02
2.419620361328125000e+02 2.480492553710937500e+02 2.388412475585937500e+02
2.420037841796875000e+02 2.480932617187500000e+02 2.389440917968750000e+02
2.420505371093750000e+02 2.481734008789062500e+02 2.390698852539062500e+02
2.420897216796875000e+02 2.482366333007812500e+02 2.391858520507812500e+02
2.419471435546875000e+02 2.480718994140625000e+02 2.391567993164062500e+02
2.416939086914062500e+02 2.479083251953125000e+02 2.387645874023437500e+02
2.414763183593750000e+02 2.477775878906250000e+02 2.385820922851562500e+02
2.413118286132812500e+02 2.476480102539062500e+02 2.383858032226562500e+02
2.411607055664062500e+02 2.475523071289062500e+02 2.382048950195312500e+02
2.411081542968750000e+02 2.475278930664062500e+02 2.381387939453125000e+02
2.410773315429687500e+02 2.475134277343750000e+02 2.381519165039062500e+02
2.409727172851562500e+02 2.474956665039062500e+02 2.381137084960937500e+02
2.409238281250000000e+02 2.475205078125000000e+02 2.382165527343750000e+02
2.410605468750000000e+02 2.476770019531250000e+02 2.383432006835937500e+02
2.411500244140625000e+02 2.477651977539062500e+02 2.384377441406250000e+02
2.412219848632812500e+02 2.478220214843750000e+02 2.385452270507812500e+02
