5.513800048828125000e+01 7.847100830078125000e+01 7.684362792968750000e+01
5.513800048828125000e+01 7.847100830078125000e+01 7.684362792968750000e+01
5.513800048828125000e+01 7.847100830078125000e+01 7.684362792968750000e+01
5.439331054687500000e+01 7.783819580078125000e+01 7.616076660156250000e+01
5.423712158203125000e+01 7.775189208984375000e+01 7.592559814453125000e+01
5.436486816406250000e+01 7.863024902343750000e+01 7.393237304687500000e+01
5.356365966796875000e+01 8.163513183593750000e+01 7.463586425781250000e+01
5.421325683593750000e+01 8.261492919921875000e+01 7.552642822265625000e+01
5.445458984375000000e+01 8.329425048828125000e+01 7.542376708984375000e+01
5.442346191406250000e+01 8.337316894531250000e+01 7.534332275390625000e+01
5.462878417968750000e+01 8.366278076171875000e+01 7.552465820312500000e+01
5.502685546875000000e+01 8.404388427734375000e+01 7.591809082031250000e+01
5.482891845703125000e+01 8.382464599609375000e+01 7.570892333984375000e+01
5.456750488281250000e+01 8.309320068359375000e+01 7.523608398437500000e+01
5.468054199218750000e+01 8.302014160156250000e+01 7.524822998046875000e+01
5.490045166015625000e+01 8.283941650390625000e+01 7.527288818359375000e+01
5.462127685546875000e+01 8.208807373046875000e+01 7.477105712890625000e+01
5.362939453125000000e+01 8.058148193359375000e+01 7.357141113281250000e+01
5.293017578125000000e+01 7.980810546875000000e+01 7.279614257812500000e+01
5.275000000000000000e+01 7.965093994140625000e+01 7.257818603515625000e+01
5.312463378906250000e+01 7.999755859375000000e+01 7.299755859375000000e+01
5.367077636718750000e+01 8.074542236328125000e+01 7.367144775390625000e+01
5.435180664062500000e+01 8.224151611328125000e+01 7.483203125000000000e+01
5.455847167968750000e+01 8.317962646484375000e+01 7.527050781250000000e+01
5.546911621093750000e+01 8.468280029296875000e+01 7.647692871093750000e+01
5.581610107421875000e+01 8.502416992187500000e+01 7.690936279296875000e+01
5.600793457031250000e+01 8.523126220703125000e+01 7.724090576171875000e+01
5.591882324218750000e+01 8.511755371093750000e+01 7.710406494140625000e+01
5.549072265625000000e+01 8.460205078125000000e+01 7.649609375000000000e+01
5.537152099609375000e+01 8.361944580078125000e+01 7.587500000000000000e+01
5.514776611328125000e+01 8.260766601562500000e+01 7.528784179687500000e+01
5.480780029296875000e+01 8.189501953125000000e+01 7.478125000000000000e+01
5.435778808593750000e+01 8.136614990234375000e+01 7.433099365234375000e+01
5.425823974609375000e+01 8.132312011718750000e+01 7.426080322265625000e+01
5.422393798828125000e+01 8.177001953125000000e+01 7.446575927734375000e+01
5.441003417968750000e+01 8.261804199218750000e+01 7.494635009765625000e+01
5.459423828125000000e+01 8.307684326171875000e+01 7.525561523437500000e+01
5.458923339843750000e+01 8.333349609375000000e+01 7.540338134765625000e+01
5.474737548828125000e+01 8.342077636718750000e+01 7.552166748046875000e+01
5.468640136718750000e+01 8.330303955078125000e+01 7.542730712890625000e+01
5.413385009765625000e+01 8.191619873046875000e+01 7.448846435546875000e+01
5.359698486328125000e+01 8.096612548828125000e+01 7.369909667968750000e+01
5.361230468750000000e+01 8.102380371093750000e+01 7.377954101562500000e+01
5.360162353515625000e+01 8.100524902343750000e+01 7.376348876953125000e+01
5.300738525390625000e+01 8.010162353515625000e+01 7.300640869140625000e+01
5.227172851562500000e+01 7.906945800781250000e+01 7.205749511718750000e+01
5.206506347656250000e+01 7.887884521484375000e+01 7.186688232421875000e+01
5.175268554687500000e+01 7.859619140625000000e+01 7.152722167968750000e+01
5.173791503906250000e+01 7.854882812500000000e+01 7.150610351562500000e+01
5.187097167968750000e+01 7.877703857421875000e+01 7.173822021484375000e+01
5.233288574218750000e+01 7.945874023437500000e+01 7.231121826171875000e+01
5.307012939453125000e+01 8.137158203125000000e+01 7.368701171875000000e+01
5.409667968750000000e+01 8.328240966796875000e+01 7.522265625000000000e+01
5.570526123046875000e+01 8.491345214843750000e+01 7.714459228515625000e+01
5.725500488281250000e+01 8.682031250000000000e+01 7.977813720703125000e+01
5.721374511718750000e+01 8.687774658203125000e+01 8.005419921875000000e+01
5.713818359375000000e+01 8.673211669921875000e+01 7.974700927734375000e+01
5.678259277343750000e+01 8.615161132812500000e+01 7.925219726562500000e+01
5.687683105468750000e+01 8.615472412109375000e+01 7.865686035156250000e+01
5.692468261718750000e+01 8.620318603515625000e+01 7.841400146484375000e+01
5.730145263671875000e+01 8.653021240234375000e+01 7.847900390625000000e+01
5.733142089843750000e+01 8.653680419921875000e+01 7.836145019531250000e+01
5.718664550781250000e+01 8.635845947265625000e+01 7.824505615234375000e+01
5.697241210937500000e+01 8.614642333984375000e+01 7.800933837890625000e+01
5.707794189453125000e+01 8.627410888671875000e+01 7.814685058593750000e+01
5.771844482421875000e+01 8.691656494140625000e+01 7.881048583984375000e+01
5.806518554687500000e+01 8.730511474609375000e+01 7.935241699218750000e+01
5.825006103515625000e+01 8.747814941406250000e+01 7.970965576171875000e+01
5.854321289062500000e+01 8.793078613281250000e+01 8.028796386718750000e+01
5.896795654296875000e+01 8.832244873046875000e+01 8.086987304687500000e+01
5.930670166015625000e+01 8.933892822265625000e+01 8.210522460937500000e+01
5.951293945312500000e+01 9.032611083984375000e+01 8.301617431640625000e+01
5.971563720703125000e+01 9.046417236328125000e+01 8.314410400390625000e+01
5.981402587890625000e+01 9.053253173828125000e+01 8.317510986328125000e+01
5.995507812500000000e+01 9.051324462890625000e+01 8.318511962890625000e+01
6.011083984375000000e+01 9.063079833984375000e+01 8.342364501953125000e+01
6.025128173828125000e+01 9.077618408203125000e+01 8.352886962890625000e+01
6.020263671875000000e+01 9.072808837890625000e+01 8.360125732421875000e+01
6.014270019531250000e+01 9.058825683593750000e+01 8.343841552734375000e+01
5.977105712890625000e+01 8.995239257812500000e+01 8.256951904296875000e+01
5.966247558593750000e+01 8.975097656250000000e+01 8.238635253906250000e+01
5.961700439453125000e+01 8.966918945312500000e+01 8.260308837890625000e+01
5.971813964843750000e+01 8.972320556640625000e+01 8.277679443359375000e+01
5.905975341796875000e+01 8.985839843750000000e+01 8.313562011718750000e+01
5.916436767578125000e+01 9.011267089843750000e+01 8.333319091796875000e+01
5.903723144531250000e+01 9.012927246093750000e+01 8.314947509765625000e+01
5.922503662109375000e+01 9.025994873046875000e+01 8.343249511718750000e+01
5.924334716796875000e+01 9.039556884765625000e+01 8.373181152343750000e+01
5.944396972656250000e+01 9.040014648437500000e+01 8.375231933593750000e+01
5.956536865234375000e+01 9.043566894531250000e+01 8.376434326171875000e+01
5.943560791015625000e+01 9.056292724609375000e+01 8.416577148437500000e+01
6.031231689453125000e+01 9.148767089843750000e+01 8.513714599609375000e+01
6.079101562500000000e+01 9.202990722656250000e+01 8.550897216796875000e+01
6.103393554687500000e+01 9.237957763671875000e+01 8.559210205078125000e+01
6.107885742187500000e+01 9.242126464843750000e+01 8.547143554687500000e+01
6.112469482421875000e+01 9.268371582031250000e+01 8.573272705078125000e+01
6.217602539062500000e+01 9.375915527343750000e+01 8.663116455078125000e+01
6.262237548828125000e+01 9.453857421875000000e+01 8.755255126953125000e+01
6.308673095703125000e+01 9.497912597656250000e+01 8.801544189453125000e+01
6.308959960937500000e+01 9.482141113281250000e+01 8.749426269531250000e+01
6.309368896484375000e+01 9.459045410156250000e+01 8.709613037109375000e+01
6.326904296875000000e+01 9.468200683593750000e+01 8.728991699218750000e+01
6.360302734375000000e+01 9.519366455078125000e+01 8.774420166015625000e+01
6.364093017578125000e+01 9.534014892578125000e+01 8.778625488281250000e+01
6.356414794921875000e+01 9.533801269531250000e+01 8.778588867187500000e+01
6.368603515625000000e+01 9.554046630859375000e+01 8.787249755859375000e+01
6.397808837890625000e+01 9.598828125000000000e+01 8.832147216796875000e+01
6.400274658203125000e+01 9.601300048828125000e+01 8.834344482421875000e+01
6.363970947265625000e+01 9.551037597656250000e+01 8.794665527343750000e+01
6.320672607421875000e+01 9.495196533203125000e+01 8.741784667968750000e+01
6.314184570312500000e+01 9.495904541015625000e+01 8.734039306640625000e+01
6.301519775390625000e+01 9.487213134765625000e+01 8.727856445312500000e+01
6.274542236328125000e+01 9.462396240234375000e+01 8.696667480468750000e+01
6.231134033203125000e+01 9.391711425781250000e+01 8.661065673828125000e+01
6.218103027343750000e+01 9.380212402343750000e+01 8.632476806640625000e+01
6.198968505859375000e+01 9.360711669921875000e+01 8.608105468750000000e+01
6.202093505859375000e+01 9.360504150390625000e+01 8.601666259765625000e+01
6.181622314453125000e+01 9.343688964843750000e+01 8.620239257812500000e+01
6.157043457031250000e+01 9.332379150390625000e+01 8.597509765625000000e+01
6.166577148437500000e+01 9.343011474609375000e+01 8.632202148437500000e+01
6.190911865234375000e+01 9.366601562500000000e+01 8.676971435546875000e+01
6.174816894531250000e+01 9.346484375000000000e+01 8.642370605468750000e+01
6.184155273437500000e+01 9.355566406250000000e+01 8.648120117187500000e+01
6.271636962890625000e+01 9.471362304687500000e+01 8.812609863281250000e+01
6.307348632812500000e+01 9.519836425781250000e+01 8.864404296875000000e+01
6.312115478515625000e+01 9.524920654296875000e+01 8.878570556640625000e+01
6.298474121093750000e+01 9.511126708984375000e+01 8.869067382812500000e+01
6.241448974609375000e+01 9.432635498046875000e+01 8.803460693359375000e+01
6.182788085937500000e+01 9.341693115234375000e+01 8.635607910156250000e+01
6.165460205078125000e+01 9.329992675781250000e+01 8.624005126953125000e+01
6.213586425781250000e+01 9.385876464843750000e+01 8.679589843750000000e+01
6.305255126953125000e+01 9.498669433593750000e+01 8.819085693359375000e+01
6.314123535156250000e+01 9.510974121093750000e+01 8.812792968750000000e+01
6.305664062500000000e+01 9.507122802734375000e+01 8.792382812500000000e+01
6.262042236328125000e+01 9.458221435546875000e+01 8.710150146484375000e+01
6.249377441406250000e+01 9.448229980468750000e+01 8.696936035156250000e+01
6.283660888671875000e+01 9.484570312500000000e+01 8.757727050781250000e+01
6.333990478515625000e+01 9.554553222656250000e+01 8.839385986328125000e+01
6.344134521484375000e+01 9.557342529296875000e+01 8.833081054687500000e+01
6.343963623046875000e+01 9.539288330078125000e+01 8.812445068359375000e+01
6.330560302734375000e+01 9.516351318359375000e+01 8.797534179687500000e+01
6.316149902343750000e+01 9.496856689453125000e+01 8.759326171875000000e+01
6.316387939453125000e+01 9.495654296875000000e+01 8.746044921875000000e+01
6.313012695312500000e+01 9.499768066406250000e+01 8.738696289062500000e+01
6.316632080078125000e+01 9.500415039062500000e+01 8.755560302734375000e+01
6.290747070312500000e+01 9.470867919921875000e+01 8.729003906250000000e+01
6.241040039062500000e+01 9.418298339843750000e+01 8.665417480468750000e+01
6.249682617187500000e+01 9.423321533203125000e+01 8.675927734375000000e+01
6.307800292968750000e+01 9.497399902343750000e+01 8.752514648437500000e+01
6.320489501953125000e+01 9.512426757812500000e+01 8.781884765625000000e+01
6.301190185546875000e+01 9.498699951171875000e+01 8.736352539062500000e+01
6.299841308593750000e+01 9.490075683593750000e+01 8.737084960937500000e+01
6.298968505859375000e+01 9.479302978515625000e+01 8.738592529296875000e+01
6.281964111328125000e+01 9.450885009765625000e+01 8.700860595703125000e+01
6.260021972656250000e+01 9.406689453125000000e+01 8.670098876953125000e+01
6.223004150390625000e+01 9.359509277343750000e+01 8.610412597656250000e+01
6.195166015625000000e+01 9.325524902343750000e+01 8.591040039062500000e+01
6.199810791015625000e+01 9.334472656250000000e+01 8.596038818359375000e+01
6.204754638671875000e+01 9.354016113281250000e+01 8.625738525390625000e+01
6.204699707031250000e+01 9.361920166015625000e+01 8.614489746093750000e+01
6.203735351562500000e+01 9.350115966796875000e+01 8.604907226562500000e+01
6.204669189453125000e+01 9.340832519531250000e+01 8.588061523437500000e+01
6.190594482421875000e+01 9.342370605468750000e+01 8.586553955078125000e+01
6.199346923828125000e+01 9.355480957031250000e+01 8.604376220703125000e+01
6.211389160156250000e+01 9.364422607421875000e+01 8.616009521484375000e+01
6.214715576171875000e+01 9.376733398437500000e+01 8.644952392578125000e+01
6.213385009765625000e+01 9.372570800781250000e+01 8.627856445312500000e+01
6.202709960937500000e+01 9.374420166015625000e+01 8.624487304687500000e+01
6.193493652343750000e+01 9.369738769531250000e+01 8.632135009765625000e+01
6.168078613281250000e+01 9.351507568359375000e+01 8.637396240234375000e+01
6.167767333984375000e+01 9.327941894531250000e+01 8.625488281250000000e+01
6.130566406250000000e+01 9.281097412109375000e+01 8.554785156250000000e+01
6.105249023437500000e+01 9.252722167968750000e+01 8.519635009765625000e+01
6.068536376953125000e+01 9.186627197265625000e+01 8.493872070312500000e+01
6.030975341796875000e+01 9.140191650390625000e+01 8.466571044921875000e+01
6.022961425781250000e+01 9.129595947265625000e+01 8.413793945312500000e+01
5.990661621093750000e+01 9.115850830078125000e+01 8.397589111328125000e+01
5.985577392578125000e+01 9.108599853515625000e+01 8.394903564453125000e+01
5.988372802734375000e+01 9.104498291015625000e+01 8.392883300781250000e+01
5.972296142578125000e+01 9.057952880859375000e+01 8.336004638671875000e+01
5.984588623046875000e+01 9.013500976562500000e+01 8.308453369140625000e+01
5.962268066406250000e+01 9.006762695312500000e+01 8.292687988281250000e+01
5.952667236328125000e+01 9.034271240234375000e+01 8.331219482421875000e+01
6.014349365234375000e+01 9.121429443359375000e+01 8.423883056640625000e+01
6.007354736328125000e+01 9.126177978515625000e+01 8.453637695312500000e+01
5.976361083984375000e+01 9.103857421875000000e+01 8.432012939453125000e+01
5.970574951171875000e+01 9.090307617187500000e+01 8.422753906250000000e+01
5.985504150390625000e+01 9.095837402343750000e+01 8.387506103515625000e+01
5.980462646484375000e+01 9.081433105468750000e+01 8.381683349609375000e+01
5.953985595703125000e+01 9.016314697265625000e+01 8.255780029296875000e+01
5.957843017578125000e+01 9.010302734375000000e+01 8.249316406250000000e+01
5.942907714843750000e+01 9.005627441406250000e+01 8.275708007812500000e+01
5.943200683593750000e+01 9.009643554687500000e+01 8.281182861328125000e+01
5.943170166015625000e+01 9.018853759765625000e+01 8.285113525390625000e+01
5.953710937500000000e+01 9.026715087890625000e+01 8.292553710937500000e+01
5.958996582031250000e+01 9.020251464843750000e+01 8.284234619140625000e+01
5.967779541015625000e+01 9.024639892578125000e+01 8.276367187500000000e+01
5.952679443359375000e+01 9.034631347656250000e+01 8.289508056640625000e+01
5.955310058593750000e+01 9.057250976562500000e+01 8.345764160156250000e+01
5.992236328125000000e+01 9.137213134765625000e+01 8.469659423828125000e+01
6.002117919921875000e+01 9.149572753906250000e+01 8.482696533203125000e+01
5.973907470703125000e+01 9.122644042968750000e+01 8.403576660156250000e+01
5.944305419921875000e+01 9.083776855468750000e+01 8.360479736328125000e+01
5.973223876953125000e+01 9.067248535156250000e+01 8.336834716796875000e+01
5.980798339843750000e+01 9.054388427734375000e+01 8.312139892578125000e+01
6.000628662109375000e+01 9.050622558593750000e+01 8.295874023437500000e+01
6.022436523437500000e+01 9.066040039062500000e+01 8.314514160156250000e+01
6.032550048828125000e+01 9.112231445312500000e+01 8.378729248046875000e+01
6.119244384765625000e+01 9.207897949218750000e+01 8.534063720703125000e+01
6.126574707031250000e+01 9.228753662109375000e+01 8.552117919921875000e+01
6.105712890625000000e+01 9.201135253906250000e+01 8.501281738281250000e+01
6.076336669921875000e+01 9.162274169921875000e+01 8.450622558593750000e+01
6.054010009765625000e+01 9.136590576171875000e+01 8.420495605468750000e+01
6.008929443359375000e+01 9.084783935546875000e+01 8.364709472656250000e+01
5.962738037109375000e+01 8.921020507812500000e+01 8.148156738281250000e+01
5.876165771484375000e+01 8.793829345703125000e+01 8.026043701171875000e+01
5.848345947265625000e+01 8.766638183593750000e+01 7.985546875000000000e+01
5.828399658203125000e+01 8.745849609375000000e+01 7.962469482421875000e+01
5.780120849609375000e+01 8.700054931640625000e+01 7.904681396484375000e+01
5.756140136718750000e+01 8.675238037109375000e+01 7.885919189453125000e+01
5.761724853515625000e+01 8.681646728515625000e+01 7.902734375000000000e+01
5.733770751953125000e+01 8.670977783203125000e+01 7.885614013671875000e+01
5.682562255859375000e+01 8.609991455078125000e+01 7.827264404296875000e+01
5.646667480468750000e+01 8.559246826171875000e+01 7.778594970703125000e+01
5.613299560546875000e+01 8.517199707031250000e+01 7.734796142578125000e+01
5.606146240234375000e+01 8.507952880859375000e+01 7.732977294921875000e+01
5.595263671875000000e+01 8.500634765625000000e+01 7.719903564453125000e+01
5.552563476562500000e+01 8.460229492187500000e+01 7.682299804687500000e+01
5.457507324218750000e+01 8.356036376953125000e+01 7.627960205078125000e+01
5.409753417968750000e+01 8.310217285156250000e+01 7.601208496093750000e+01
5.451495361328125000e+01 8.372692871093750000e+01 7.667169189453125000e+01
5.520159912109375000e+01 8.437554931640625000e+01 7.806201171875000000e+01
5.605383300781250000e+01 8.523541259765625000e+01 7.911120605468750000e+01
5.776684570312500000e+01 8.710443115234375000e+01 8.104156494140625000e+01
5.816241455078125000e+01 8.848455810546875000e+01 8.250726318359375000e+01
5.860705566406250000e+01 8.991259765625000000e+01 8.409283447265625000e+01
5.913085937500000000e+01 9.051281738281250000e+01 8.466528320312500000e+01
5.962365722656250000e+01 9.100024414062500000e+01 8.518792724609375000e+01
5.996783447265625000e+01 9.134863281250000000e+01 8.548712158203125000e+01
6.056359863281250000e+01 9.192486572265625000e+01 8.585223388671875000e+01
6.098352050781250000e+01 9.239074707031250000e+01 8.596356201171875000e+01
6.100555419921875000e+01 9.247058105468750000e+01 8.599511718750000000e+01
6.200146484375000000e+01 9.324847412109375000e+01 8.689868164062500000e+01
6.243981933593750000e+01 9.370416259765625000e+01 8.724090576171875000e+01
6.245556640625000000e+01 9.369458007812500000e+01 8.691906738281250000e+01
6.213903808593750000e+01 9.318408203125000000e+01 8.557733154296875000e+01
6.194506835937500000e+01 9.285662841796875000e+01 8.545434570312500000e+01
6.176684570312500000e+01 9.277905273437500000e+01 8.549584960937500000e+01
6.170562744140625000e+01 9.270111083984375000e+01 8.538775634765625000e+01
6.170037841796875000e+01 9.270196533203125000e+01 8.504150390625000000e+01
6.178808593750000000e+01 9.277600097656250000e+01 8.480908203125000000e+01
6.173706054687500000e+01 9.285253906250000000e+01 8.492663574218750000e+01
6.173193359375000000e+01 9.288665771484375000e+01 8.526110839843750000e+01
6.176745605468750000e+01 9.291210937500000000e+01 8.506323242187500000e+01
6.186627197265625000e+01 9.293969726562500000e+01 8.515252685546875000e+01
6.167333984375000000e+01 9.285772705078125000e+01 8.521075439453125000e+01
6.124377441406250000e+01 9.240093994140625000e+01 8.501824951171875000e+01
6.088629150390625000e+01 9.201470947265625000e+01 8.447082519531250000e+01
6.084545898437500000e+01 9.188836669921875000e+01 8.416180419921875000e+01
6.070275878906250000e+01 9.132818603515625000e+01 8.352105712890625000e+01
6.051928710937500000e+01 9.049426269531250000e+01 8.240594482421875000e+01
6.029974365234375000e+01 9.001293945312500000e+01 8.184497070312500000e+01
6.034997558593750000e+01 8.993182373046875000e+01 8.183258056640625000e+01
5.997314453125000000e+01 8.961358642578125000e+01 8.160229492187500000e+01
5.931359863281250000e+01 8.855718994140625000e+01 8.051806640625000000e+01
5.830749511718750000e+01 8.744439697265625000e+01 7.957141113281250000e+01
5.720837402343750000e+01 8.626116943359375000e+01 7.828063964843750000e+01
5.732403564453125000e+01 8.644183349609375000e+01 7.838946533203125000e+01
5.757489013671875000e+01 8.668499755859375000e+01 7.883831787109375000e+01
5.748400878906250000e+01 8.664276123046875000e+01 7.873468017578125000e+01
5.778228759765625000e+01 8.696563720703125000e+01 7.938537597656250000e+01
5.857403564453125000e+01 8.800177001953125000e+01 8.167474365234375000e+01
5.850305175781250000e+01 8.815863037109375000e+01 8.135595703125000000e+01
5.829455566406250000e+01 8.841296386718750000e+01 8.187689208984375000e+01
5.830029296875000000e+01 8.850030517578125000e+01 8.211578369140625000e+01
5.835192871093750000e+01 8.857037353515625000e+01 8.208752441406250000e+01
5.843389892578125000e+01 8.864947509765625000e+01 8.195153808593750000e+01
5.832635498046875000e+01 8.859478759765625000e+01 8.176129150390625000e+01
5.843164062500000000e+01 8.864031982421875000e+01 8.183435058593750000e+01
5.832452392578125000e+01 8.852056884765625000e+01 8.196777343750000000e+01
5.866082763671875000e+01 8.872784423828125000e+01 8.190142822265625000e+01
5.906811523437500000e+01 8.920483398437500000e+01 8.221777343750000000e+01
5.909497070312500000e+01 8.924377441406250000e+01 8.228540039062500000e+01
5.879467773437500000e+01 8.853204345703125000e+01 8.122668457031250000e+01
5.858319091796875000e+01 8.805865478515625000e+01 8.041900634765625000e+01
5.875079345703125000e+01 8.822814941406250000e+01 8.057397460937500000e+01
5.893463134765625000e+01 8.844482421875000000e+01 8.074499511718750000e+01
5.888513183593750000e+01 8.840563964843750000e+01 8.088006591796875000e+01
5.867828369140625000e+01 8.810852050781250000e+01 8.063720703125000000e+01
5.870538330078125000e+01 8.760168457031250000e+01 7.992883300781250000e+01
5.847802734375000000e+01 8.682141113281250000e+01 7.925585937500000000e+01
5.831182861328125000e+01 8.627587890625000000e+01 7.872192382812500000e+01
5.812054443359375000e+01 8.577465820312500000e+01 7.804473876953125000e+01
5.788824462890625000e+01 8.544421386718750000e+01 7.762298583984375000e+01
5.771185302734375000e+01 8.520098876953125000e+01 7.734356689453125000e+01
5.738110351562500000e+01 8.507891845703125000e+01 7.731115722656250000e+01
5.716180419921875000e+01 8.493347167968750000e+01 7.720867919921875000e+01
5.685345458984375000e+01 8.523706054687500000e+01 7.759399414062500000e+01
5.667645263671875000e+01 8.567211914062500000e+01 7.813793945312500000e+01
5.653448486328125000e+01 8.552001953125000000e+01 7.809136962890625000e+01
5.600964355468750000e+01 8.494238281250000000e+01 7.750634765625000000e+01
5.596453857421875000e+01 8.478637695312500000e+01 7.745538330078125000e+01
5.575317382812500000e+01 8.453558349609375000e+01 7.761621093750000000e+01
5.531085205078125000e+01 8.370141601562500000e+01 7.751873779296875000e+01
5.479644775390625000e+01 8.304815673828125000e+01 7.682135009765625000e+01
5.445581054687500000e+01 8.246954345703125000e+01 7.636053466796875000e+01
5.374456787109375000e+01 8.172387695312500000e+01 7.555645751953125000e+01
5.209759521484375000e+01 7.977154541015625000e+01 7.369946289062500000e+01
5.106884765625000000e+01 7.742883300781250000e+01 7.081347656250000000e+01
4.928619384765625000e+01 7.478332519531250000e+01 6.855419921875000000e+01
4.765899658203125000e+01 7.265478515625000000e+01 6.647668457031250000e+01
4.755334472656250000e+01 7.236334228515625000e+01 6.626184082031250000e+01
4.767150878906250000e+01 7.256781005859375000e+01 6.638201904296875000e+01
4.823291015625000000e+01 7.342828369140625000e+01 6.722985839843750000e+01
4.842907714843750000e+01 7.366534423828125000e+01 6.751153564453125000e+01
4.841680908203125000e+01 7.357684326171875000e+01 6.744390869140625000e+01
4.844647216796875000e+01 7.331732177734375000e+01 6.723785400390625000e+01
4.930957031250000000e+01 7.394555664062500000e+01 6.799536132812500000e+01
5.078009033203125000e+01 7.547760009765625000e+01 6.950463867187500000e+01
5.101849365234375000e+01 7.581231689453125000e+01 6.980700683593750000e+01
5.077386474609375000e+01 7.544610595703125000e+01 6.949584960937500000e+01
5.043804931640625000e+01 7.504852294921875000e+01 6.912371826171875000e+01
5.067858886718750000e+01 7.545117187500000000e+01 6.939923095703125000e+01
5.128582763671875000e+01 7.636511230468750000e+01 7.018023681640625000e+01
5.158111572265625000e+01 7.682574462890625000e+01 7.059692382812500000e+01
5.169213867187500000e+01 7.728411865234375000e+01 7.087573242187500000e+01
5.201837158203125000e+01 7.750457763671875000e+01 7.116552734375000000e+01
5.214813232421875000e+01 7.753527832031250000e+01 7.128161621093750000e+01
5.273516845703125000e+01 7.797857666015625000e+01 7.175866699218750000e+01
5.383203125000000000e+01 7.920605468750000000e+01 7.280065917968750000e+01
5.585998535156250000e+01 8.171191406250000000e+01 7.519561767578125000e+01
5.749407958984375000e+01 8.378802490234375000e+01 7.704956054687500000e+01
5.860058593750000000e+01 8.500164794921875000e+01 7.822033691406250000e+01
5.888085937500000000e+01 8.535357666015625000e+01 7.861053466796875000e+01
5.895446777343750000e+01 8.557800292968750000e+01 7.879333496093750000e+01
5.896209716796875000e+01 8.557775878906250000e+01 7.889807128906250000e+01
5.884027099609375000e+01 8.542333984375000000e+01 7.875445556640625000e+01
5.856085205078125000e+01 8.505639648437500000e+01 7.840820312500000000e+01
5.840063476562500000e+01 8.496691894531250000e+01 7.806939697265625000e+01
5.827368164062500000e+01 8.511151123046875000e+01 7.820928955078125000e+01
5.808508300781250000e+01 8.497882080078125000e+01 7.803033447265625000e+01
5.814160156250000000e+01 8.504162597656250000e+01 7.807928466796875000e+01
5.810119628906250000e+01 8.524871826171875000e+01 7.821087646484375000e+01
5.809704589843750000e+01 8.525091552734375000e+01 7.812921142578125000e+01
5.828112792968750000e+01 8.552075195312500000e+01 7.834863281250000000e+01
5.865246582031250000e+01 8.587792968750000000e+01 7.871441650390625000e+01
5.861865234375000000e+01 8.588073730468750000e+01 7.870007324218750000e+01
5.864331054687500000e+01 8.575384521484375000e+01 7.867431640625000000e+01
5.888720703125000000e+01 8.606585693359375000e+01 7.891888427734375000e+01
5.969976806640625000e+01 8.677838134765625000e+01 7.966278076171875000e+01
6.005767822265625000e+01 8.716290283203125000e+01 8.003674316406250000e+01
5.988391113281250000e+01 8.643524169921875000e+01 7.952331542968750000e+01
5.910821533203125000e+01 8.492999267578125000e+01 7.830957031250000000e+01
5.817932128906250000e+01 8.360632324218750000e+01 7.645874023437500000e+01
5.779071044921875000e+01 8.252233886718750000e+01 7.516271972656250000e+01
5.744213867187500000e+01 8.207452392578125000e+01 7.459564208984375000e+01
5.749713134765625000e+01 8.205841064453125000e+01 7.446173095703125000e+01
5.755297851562500000e+01 8.262298583984375000e+01 7.549957275390625000e+01
5.803295898437500000e+01 8.327380371093750000e+01 7.660083007812500000e+01
5.810339355468750000e+01 8.353424072265625000e+01 7.698553466796875000e+01
5.818981933593750000e+01 8.376580810546875000e+01 7.725726318359375000e+01
5.839752197265625000e+01 8.393634033203125000e+01 7.754693603515625000e+01
5.865979003906250000e+01 8.430584716796875000e+01 7.785467529296875000e+01
5.823248291015625000e+01 8.367364501953125000e+01 7.699035644531250000e+01
5.753887939453125000e+01 8.293316650390625000e+01 7.582897949218750000e+01
5.755810546875000000e+01 8.283404541015625000e+01 7.595190429687500000e+01
5.776019287109375000e+01 8.316107177734375000e+01 7.651586914062500000e+01
5.822760009765625000e+01 8.400854492187500000e+01 7.719079589843750000e+01
5.844274902343750000e+01 8.443200683593750000e+01 7.758093261718750000e+01
5.856896972656250000e+01 8.462933349609375000e+01 7.773083496093750000e+01
5.892712402343750000e+01 8.492504882812500000e+01 7.803027343750000000e+01
5.930505371093750000e+01 8.551843261718750000e+01 7.860668945312500000e+01
5.947784423828125000e+01 8.583294677734375000e+01 7.885650634765625000e+01
5.948382568359375000e+01 8.566009521484375000e+01 7.884136962890625000e+01
5.946527099609375000e+01 8.544641113281250000e+01 7.865936279296875000e+01
5.961090087890625000e+01 8.575189208984375000e+01 7.901104736328125000e+01
6.008056640625000000e+01 8.615368652343750000e+01 7.936907958984375000e+01
6.017651367187500000e+01 8.626300048828125000e+01 7.924835205078125000e+01
6.009326171875000000e+01 8.617285156250000000e+01 7.892645263671875000e+01
6.007476806640625000e+01 8.620678710937500000e+01 7.832037353515625000e+01
6.026098632812500000e+01 8.636645507812500000e+01 7.833807373046875000e+01
6.047943115234375000e+01 8.650555419921875000e+01 7.862872314453125000e+01
6.100531005859375000e+01 8.740435791015625000e+01 8.005517578125000000e+01
6.126867675781250000e+01 8.784893798828125000e+01 8.082293701171875000e+01
6.113342285156250000e+01 8.771813964843750000e+01 8.063024902343750000e+01
6.066839599609375000e+01 8.706896972656250000e+01 8.008355712890625000e+01
6.057348632812500000e+01 8.690783691406250000e+01 7.992840576171875000e+01
6.059509277343750000e+01 8.690100097656250000e+01 7.991326904296875000e+01
6.083020019531250000e+01 8.723370361328125000e+01 8.015368652343750000e+01
6.103613281250000000e+01 8.762304687500000000e+01 8.025384521484375000e+01
6.101788330078125000e+01 8.747406005859375000e+01 8.018426513671875000e+01
6.032086181640625000e+01 8.609747314453125000e+01 7.914282226562500000e+01
6.016473388671875000e+01 8.596148681640625000e+01 7.834295654296875000e+01
6.024359130859375000e+01 8.609545898437500000e+01 7.848272705078125000e+01
6.034228515625000000e+01 8.631756591796875000e+01 7.853692626953125000e+01
6.075268554687500000e+01 8.686059570312500000e+01 7.921563720703125000e+01
6.093060302734375000e+01 8.730523681640625000e+01 7.950555419921875000e+01
6.086132812500000000e+01 8.737231445312500000e+01 7.951239013671875000e+01
6.080407714843750000e+01 8.752221679687500000e+01 7.968658447265625000e+01
6.123510742187500000e+01 8.796411132812500000e+01 8.038787841796875000e+01
6.146746826171875000e+01 8.822485351562500000e+01 8.066455078125000000e+01
6.141723632812500000e+01 8.811773681640625000e+01 8.046246337890625000e+01
6.090997314453125000e+01 8.752343750000000000e+01 7.947247314453125000e+01
6.071032714843750000e+01 8.744635009765625000e+01 7.942132568359375000e+01
6.065490722656250000e+01 8.738452148437500000e+01 7.908129882812500000e+01
6.065325927734375000e+01 8.745837402343750000e+01 7.911859130859375000e+01
6.068646240234375000e+01 8.749584960937500000e+01 7.891101074218750000e+01
6.058856201171875000e+01 8.743542480468750000e+01 7.911511230468750000e+01
6.062506103515625000e+01 8.733978271484375000e+01 7.940826416015625000e+01
6.049884033203125000e+01 8.705596923828125000e+01 7.963525390625000000e+01
6.026361083984375000e+01 8.658032226562500000e+01 7.911206054687500000e+01
6.035369873046875000e+01 8.663500976562500000e+01 7.902447509765625000e+01
6.070391845703125000e+01 8.700561523437500000e+01 7.941357421875000000e+01
6.116400146484375000e+01 8.747186279296875000e+01 8.008892822265625000e+01
6.151177978515625000e+01 8.777313232421875000e+01 8.039318847656250000e+01
6.160772705078125000e+01 8.792443847656250000e+01 8.088629150390625000e+01
6.165118408203125000e+01 8.785290527343750000e+01 8.063372802734375000e+01
6.128009033203125000e+01 8.732879638671875000e+01 8.009710693359375000e+01
6.105621337890625000e+01 8.686126708984375000e+01 7.974444580078125000e+01
6.099310302734375000e+01 8.676422119140625000e+01 7.959539794921875000e+01
6.085565185546875000e+01 8.630535888671875000e+01 7.918511962890625000e+01
6.061474609375000000e+01 8.599902343750000000e+01 7.856219482421875000e+01
6.047583007812500000e+01 8.566168212890625000e+01 7.787780761718750000e+01
6.068109130859375000e+01 8.565771484375000000e+01 7.775213623046875000e+01
6.085998535156250000e+01 8.577929687500000000e+01 7.768652343750000000e+01
6.088531494140625000e+01 8.563830566406250000e+01 7.763690185546875000e+01
6.088476562500000000e+01 8.541052246093750000e+01 7.747143554687500000e+01
6.066912841796875000e+01 8.528594970703125000e+01 7.736456298828125000e+01
6.060174560546875000e+01 8.530358886718750000e+01 7.734344482421875000e+01
6.073791503906250000e+01 8.548431396484375000e+01 7.755615234375000000e+01
6.092736816406250000e+01 8.591033935546875000e+01 7.836285400390625000e+01
6.090435791015625000e+01 8.620648193359375000e+01 7.813958740234375000e+01
6.107348632812500000e+01 8.626910400390625000e+01 7.818280029296875000e+01
6.134790039062500000e+01 8.660821533203125000e+01 7.862506103515625000e+01
6.162164306640625000e+01 8.680328369140625000e+01 7.886889648437500000e+01
6.172888183593750000e+01 8.692333984375000000e+01 7.882452392578125000e+01
6.129858398437500000e+01 8.627838134765625000e+01 7.810394287109375000e+01
6.058459472656250000e+01 8.537884521484375000e+01 7.725750732421875000e+01
6.020989990234375000e+01 8.497277832031250000e+01 7.685668945312500000e+01
5.990386962890625000e+01 8.458953857421875000e+01 7.672033691406250000e+01
5.929370117187500000e+01 8.388305664062500000e+01 7.597851562500000000e+01
5.882409667968750000e+01 8.311706542968750000e+01 7.545300292968750000e+01
5.899963378906250000e+01 8.285223388671875000e+01 7.528381347656250000e+01
5.923016357421875000e+01 8.279638671875000000e+01 7.523944091796875000e+01
5.930078125000000000e+01 8.260241699218750000e+01 7.516467285156250000e+01
5.912670898437500000e+01 8.237481689453125000e+01 7.498297119140625000e+01
5.918237304687500000e+01 8.220648193359375000e+01 7.477416992187500000e+01
5.931652832031250000e+01 8.225109863281250000e+01 7.484008789062500000e+01
5.945233154296875000e+01 8.218762207031250000e+01 7.488598632812500000e+01
5.930780029296875000e+01 8.244573974609375000e+01 7.512023925781250000e+01
5.923132324218750000e+01 8.248034667968750000e+01 7.507098388671875000e+01
5.932470703125000000e+01 8.221423339843750000e+01 7.490734863281250000e+01
5.894012451171875000e+01 8.174438476562500000e+01 7.431372070312500000e+01
5.885662841796875000e+01 8.155718994140625000e+01 7.411059570312500000e+01
5.889996337890625000e+01 8.153070068359375000e+01 7.409088134765625000e+01
5.913934326171875000e+01 8.193566894531250000e+01 7.450769042968750000e+01
5.923889160156250000e+01 8.191534423828125000e+01 7.455426025390625000e+01
5.865478515625000000e+01 8.099542236328125000e+01 7.356335449218750000e+01
5.823712158203125000e+01 8.023120117187500000e+01 7.291851806640625000e+01
5.827728271484375000e+01 8.031121826171875000e+01 7.297369384765625000e+01
5.854846191406250000e+01 8.085034179687500000e+01 7.341668701171875000e+01
5.872674560546875000e+01 8.156475830078125000e+01 7.395391845703125000e+01
5.909625244140625000e+01 8.173791503906250000e+01 7.427862548828125000e+01
5.901269531250000000e+01 8.182971191406250000e+01 7.427124023437500000e+01
5.899237060546875000e+01 8.183441162109375000e+01 7.441699218750000000e+01
5.907373046875000000e+01 8.204974365234375000e+01 7.468560791015625000e+01
5.917657470703125000e+01 8.202563476562500000e+01 7.474145507812500000e+01
5.932653808593750000e+01 8.213629150390625000e+01 7.505120849609375000e+01
5.952124023437500000e+01 8.234222412109375000e+01 7.530572509765625000e+01
5.954809570312500000e+01 8.241400146484375000e+01 7.533081054687500000e+01
5.924902343750000000e+01 8.197991943359375000e+01 7.501391601562500000e+01
5.896875000000000000e+01 8.165002441406250000e+01 7.467279052734375000e+01
5.881524658203125000e+01 8.146289062500000000e+01 7.451867675781250000e+01
5.865734863281250000e+01 8.159094238281250000e+01 7.449188232421875000e+01
5.904663085937500000e+01 8.219732666015625000e+01 7.497882080078125000e+01
5.885864257812500000e+01 8.293780517578125000e+01 7.576226806640625000e+01
5.866821289062500000e+01 8.297473144531250000e+01 7.556439208984375000e+01
5.912042236328125000e+01 8.273291015625000000e+01 7.540777587890625000e+01
5.899090576171875000e+01 8.246704101562500000e+01 7.506475830078125000e+01
5.901525878906250000e+01 8.219812011718750000e+01 7.483068847656250000e+01
5.888616943359375000e+01 8.176910400390625000e+01 7.426037597656250000e+01
5.883105468750000000e+01 8.157263183593750000e+01 7.412878417968750000e+01
5.870050048828125000e+01 8.142620849609375000e+01 7.391302490234375000e+01
5.872003173828125000e+01 8.133636474609375000e+01 7.389624023437500000e+01
5.874993896484375000e+01 8.133032226562500000e+01 7.381072998046875000e+01
5.871343994140625000e+01 8.122253417968750000e+01 7.374566650390625000e+01
5.875976562500000000e+01 8.105902099609375000e+01 7.378039550781250000e+01
5.878717041015625000e+01 8.131396484375000000e+01 7.396960449218750000e+01
5.878021240234375000e+01 8.148406982421875000e+01 7.402526855468750000e+01
5.875024414062500000e+01 8.133032226562500000e+01 7.388806152343750000e+01
5.868286132812500000e+01 8.118139648437500000e+01 7.372747802734375000e+01
5.864678955078125000e+01 8.131860351562500000e+01 7.382659912109375000e+01
5.852624511718750000e+01 8.115960693359375000e+01 7.365600585937500000e+01
5.844818115234375000e+01 8.092919921875000000e+01 7.343078613281250000e+01
5.816857910156250000e+01 8.104345703125000000e+01 7.340698242187500000e+01
5.840039062500000000e+01 8.135760498046875000e+01 7.383972167968750000e+01
5.818560791015625000e+01 8.154321289062500000e+01 7.396624755859375000e+01
5.814447021484375000e+01 8.157745361328125000e+01 7.411212158203125000e+01
5.817413330078125000e+01 8.147216796875000000e+01 7.397619628906250000e+01
5.761761474609375000e+01 8.086010742187500000e+01 7.324267578125000000e+01
5.700061035156250000e+01 7.966656494140625000e+01 7.219268798828125000e+01
5.685028076171875000e+01 7.917077636718750000e+01 7.177655029296875000e+01
5.696832275390625000e+01 7.899450683593750000e+01 7.168048095703125000e+01
5.713153076171875000e+01 7.913812255859375000e+01 7.180773925781250000e+01
5.709045410156250000e+01 7.909594726562500000e+01 7.174206542968750000e+01
5.676947021484375000e+01 7.876568603515625000e+01 7.148187255859375000e+01
5.681402587890625000e+01 7.872509765625000000e+01 7.146844482421875000e+01
5.683624267578125000e+01 7.886059570312500000e+01 7.148974609375000000e+01
5.667980957031250000e+01 7.895947265625000000e+01 7.153057861328125000e+01
5.675109863281250000e+01 7.884143066406250000e+01 7.148242187500000000e+01
5.667724609375000000e+01 7.873162841796875000e+01 7.142291259765625000e+01
5.654803466796875000e+01 7.863824462890625000e+01 7.132232666015625000e+01
5.627947998046875000e+01 7.798046875000000000e+01 7.073962402343750000e+01
5.573901367187500000e+01 7.722521972656250000e+01 6.993103027343750000e+01
5.532995605468750000e+01 7.675091552734375000e+01 6.923590087890625000e+01
5.524395751953125000e+01 7.666961669921875000e+01 6.898040771484375000e+01
5.530340576171875000e+01 7.664410400390625000e+01 6.907714843750000000e+01
5.522558593750000000e+01 7.663269042968750000e+01 6.928790283203125000e+01
5.500238037109375000e+01 7.651696777343750000e+01 6.933911132812500000e+01
5.499859619140625000e+01 7.666387939453125000e+01 6.945007324218750000e+01
5.531335449218750000e+01 7.712213134765625000e+01 6.991638183593750000e+01
5.495513916015625000e+01 7.755651855468750000e+01 7.007543945312500000e+01
5.505841064453125000e+01 7.757934570312500000e+01 7.008685302734375000e+01
5.541094970703125000e+01 7.764648437500000000e+01 7.018640136718750000e+01
5.567712402343750000e+01 7.785223388671875000e+01 7.038897705078125000e+01
5.582202148437500000e+01 7.770166015625000000e+01 7.043542480468750000e+01
5.550494384765625000e+01 7.724493408203125000e+01 6.990106201171875000e+01
5.525384521484375000e+01 7.677575683593750000e+01 6.945941162109375000e+01
5.503076171875000000e+01 7.658593750000000000e+01 6.913714599609375000e+01
5.500817871093750000e+01 7.625610351562500000e+01 6.899957275390625000e+01
5.505297851562500000e+01 7.622442626953125000e+01 6.888952636718750000e+01
5.517272949218750000e+01 7.636950683593750000e+01 6.901208496093750000e+01
5.498773193359375000e+01 7.625927734375000000e+01 6.881542968750000000e+01
5.486706542968750000e+01 7.607135009765625000e+01 6.873608398437500000e+01
5.486846923828125000e+01 7.606488037109375000e+01 6.881481933593750000e+01
5.499768066406250000e+01 7.617028808593750000e+01 6.894689941406250000e+01
5.505261230468750000e+01 7.620495605468750000e+01 6.905694580078125000e+01
5.491064453125000000e+01 7.614776611328125000e+01 6.896588134765625000e+01
5.448571777343750000e+01 7.571649169921875000e+01 6.852832031250000000e+01
5.456994628906250000e+01 7.578314208984375000e+01 6.847442626953125000e+01
5.437866210937500000e+01 7.591680908203125000e+01 6.869073486328125000e+01
5.439245605468750000e+01 7.590899658203125000e+01 6.859283447265625000e+01
5.447149658203125000e+01 7.601428222656250000e+01 6.871282958984375000e+01
5.500335693359375000e+01 7.659271240234375000e+01 6.939221191406250000e+01
5.515045166015625000e+01 7.705908203125000000e+01 6.991790771484375000e+01
5.535919189453125000e+01 7.719305419921875000e+01 7.006408691406250000e+01
5.565069580078125000e+01 7.762475585937500000e+01 7.063220214843750000e+01
5.566912841796875000e+01 7.755816650390625000e+01 7.047015380859375000e+01
5.552026367187500000e+01 7.727148437500000000e+01 7.015325927734375000e+01
5.546087646484375000e+01 7.703912353515625000e+01 6.994531250000000000e+01
5.544512939453125000e+01 7.704956054687500000e+01 6.992272949218750000e+01
5.552947998046875000e+01 7.703204345703125000e+01 6.992443847656250000e+01
5.550048828125000000e+01 7.706988525390625000e+01 6.994787597656250000e+01
5.544354248046875000e+01 7.731414794921875000e+01 7.022265625000000000e+01
5.538684082031250000e+01 7.753302001953125000e+01 7.043029785156250000e+01
5.521911621093750000e+01 7.785003662109375000e+01 7.056011962890625000e+01
5.547210693359375000e+01 7.803222656250000000e+01 7.075494384765625000e+01
5.561523437500000000e+01 7.797082519531250000e+01 7.060357666015625000e+01
5.583850097656250000e+01 7.788037109375000000e+01 7.062432861328125000e+01
5.576538085937500000e+01 7.802545166015625000e+01 7.066046142578125000e+01
5.589910888671875000e+01 7.826446533203125000e+01 7.078460693359375000e+01
5.595648193359375000e+01 7.821429443359375000e+01 7.076885986328125000e+01
5.586560058593750000e+01 7.820648193359375000e+01 7.055627441406250000e+01
5.585546875000000000e+01 7.795758056640625000e+01 7.032214355468750000e+01
5.544775390625000000e+01 7.757391357421875000e+01 6.994464111328125000e+01
5.521191406250000000e+01 7.720935058593750000e+01 6.943395996093750000e+01
5.437579345703125000e+01 7.610369873046875000e+01 6.826940917968750000e+01
5.429205322265625000e+01 7.581756591796875000e+01 6.829077148437500000e+01
5.440393066406250000e+01 7.598974609375000000e+01 6.859088134765625000e+01
5.453009033203125000e+01 7.614288330078125000e+01 6.878332519531250000e+01
5.485632324218750000e+01 7.657604980468750000e+01 6.933673095703125000e+01
5.531622314453125000e+01 7.737597656250000000e+01 7.040100097656250000e+01
5.514324951171875000e+01 7.781652832031250000e+01 7.074194335937500000e+01
5.502502441406250000e+01 7.780670166015625000e+01 7.052838134765625000e+01
5.468450927734375000e+01 7.753784179687500000e+01 7.016790771484375000e+01
5.442608642578125000e+01 7.693402099609375000e+01 6.964727783203125000e+01
5.425561523437500000e+01 7.682196044921875000e+01 6.946557617187500000e+01
5.409265136718750000e+01 7.663446044921875000e+01 6.918609619140625000e+01
5.394952392578125000e+01 7.635388183593750000e+01 6.903875732421875000e+01
5.417272949218750000e+01 7.673767089843750000e+01 6.931536865234375000e+01
5.448229980468750000e+01 7.703625488281250000e+01 6.992767333984375000e+01
5.436590576171875000e+01 7.711163330078125000e+01 6.984552001953125000e+01
5.470343017578125000e+01 7.729980468750000000e+01 7.005096435546875000e+01
5.494818115234375000e+01 7.745288085937500000e+01 7.015960693359375000e+01
5.487139892578125000e+01 7.726147460937500000e+01 7.003161621093750000e+01
5.487280273437500000e+01 7.715234375000000000e+01 6.991284179687500000e+01
5.497619628906250000e+01 7.733410644531250000e+01 7.010961914062500000e+01
5.474749755859375000e+01 7.771746826171875000e+01 7.016796875000000000e+01
5.467681884765625000e+01 7.787530517578125000e+01 7.051019287109375000e+01
5.467126464843750000e+01 7.818536376953125000e+01 7.076782226562500000e+01
5.447918701171875000e+01 7.819812011718750000e+01 7.113598632812500000e+01
5.448229980468750000e+01 7.816802978515625000e+01 7.104821777343750000e+01
5.454467773437500000e+01 7.823388671875000000e+01 7.062969970703125000e+01
5.473840332031250000e+01 7.840521240234375000e+01 7.079101562500000000e+01
5.495812988281250000e+01 7.829516601562500000e+01 7.066021728515625000e+01
5.473785400390625000e+01 7.816625976562500000e+01 7.044720458984375000e+01
5.491223144531250000e+01 7.817907714843750000e+01 7.064117431640625000e+01
5.520452880859375000e+01 7.873565673828125000e+01 7.130426025390625000e+01
5.527496337890625000e+01 7.907476806640625000e+01 7.150036621093750000e+01
5.512878417968750000e+01 7.893530273437500000e+01 7.142041015625000000e+01
5.461840820312500000e+01 7.861718750000000000e+01 7.093182373046875000e+01
5.448101806640625000e+01 7.820965576171875000e+01 7.042700195312500000e+01
5.425482177734375000e+01 7.785034179687500000e+01 7.011462402343750000e+01
5.378308105468750000e+01 7.719622802734375000e+01 6.955572509765625000e+01
5.347698974609375000e+01 7.676770019531250000e+01 6.907153320312500000e+01
5.334875488281250000e+01 7.593548583984375000e+01 6.834234619140625000e+01
5.164739990234375000e+01 7.365356445312500000e+01 6.619091796875000000e+01
5.028918457031250000e+01 7.135778808593750000e+01 6.375817871093750000e+01
4.901312255859375000e+01 6.965979003906250000e+01 6.175683593750000000e+01
4.770507812500000000e+01 6.779388427734375000e+01 5.969476318359375000e+01
4.630743408203125000e+01 6.616058349609375000e+01 5.767370605468750000e+01
4.534124755859375000e+01 6.409539794921875000e+01 5.563647460937500000e+01
4.263140869140625000e+01 6.140179443359375000e+01 5.277941894531250000e+01
4.201513671875000000e+01 6.114331054687500000e+01 5.249322509765625000e+01
4.196673583984375000e+01 6.159674072265625000e+01 5.278100585937500000e+01
4.167260742187500000e+01 6.108239746093750000e+01 5.223052978515625000e+01
4.080645751953125000e+01 5.991857910156250000e+01 5.121099853515625000e+01
3.986712646484375000e+01 5.866339111328125000e+01 4.985754394531250000e+01
3.818798828125000000e+01 5.620166015625000000e+01 4.747882080078125000e+01
3.696179199218750000e+01 5.420001220703125000e+01 4.550958251953125000e+01
3.605053710937500000e+01 5.285101318359375000e+01 4.401293945312500000e+01
3.541363525390625000e+01 5.188079833984375000e+01 4.295684814453125000e+01
3.476452636718750000e+01 5.131127929687500000e+01 4.244018554687500000e+01
3.382922363281250000e+01 5.048529052734375000e+01 4.156030273437500000e+01
3.280133056640625000e+01 4.947406005859375000e+01 4.047955322265625000e+01
3.245562744140625000e+01 4.929962158203125000e+01 4.028411865234375000e+01
3.237225341796875000e+01 4.916436767578125000e+01 4.012939453125000000e+01
3.212609863281250000e+01 4.960241699218750000e+01 4.033398437500000000e+01
3.215814208984375000e+01 4.998809814453125000e+01 4.067291259765625000e+01
3.236413574218750000e+01 5.065539550781250000e+01 4.132574462890625000e+01
3.254223632812500000e+01 5.120117187500000000e+01 4.184637451171875000e+01
3.260198974609375000e+01 5.145495605468750000e+01 4.206549072265625000e+01
3.248303222656250000e+01 5.119592285156250000e+01 4.182666015625000000e+01
3.237322998046875000e+01 5.099884033203125000e+01 4.157720947265625000e+01
3.185937500000000000e+01 4.987860107421875000e+01 4.053259277343750000e+01
3.117321777343750000e+01 4.850054931640625000e+01 3.930133056640625000e+01
3.036004638671875000e+01 4.698162841796875000e+01 3.778570556640625000e+01
2.919055175781250000e+01 4.488909912109375000e+01 3.593945312500000000e+01
2.773272705078125000e+01 4.271502685546875000e+01 3.393493652343750000e+01
2.677972412109375000e+01 4.132226562500000000e+01 3.262988281250000000e+01
2.659838867187500000e+01 4.099633789062500000e+01 3.237036132812500000e+01
2.701074218750000000e+01 4.158905029296875000e+01 3.291296386718750000e+01
2.726538085937500000e+01 4.267425537109375000e+01 3.383081054687500000e+01
2.722235107421875000e+01 4.278979492187500000e+01 3.386547851562500000e+01
2.679388427734375000e+01 4.235736083984375000e+01 3.344104003906250000e+01
2.696624755859375000e+01 4.296325683593750000e+01 3.395062255859375000e+01
2.715899658203125000e+01 4.347760009765625000e+01 3.438250732421875000e+01
2.778601074218750000e+01 4.427368164062500000e+01 3.536743164062500000e+01
2.847399902343750000e+01 4.534893798828125000e+01 3.665191650390625000e+01
2.917297363281250000e+01 4.622448730468750000e+01 3.757958984375000000e+01
2.831530761718750000e+01 4.499224853515625000e+01 3.643823242187500000e+01
2.713812255859375000e+01 4.310754394531250000e+01 3.456610107421875000e+01
2.693896484375000000e+01 4.249945068359375000e+01 3.389947509765625000e+01
2.710314941406250000e+01 4.266467285156250000e+01 3.390991210937500000e+01
2.858532714843750000e+01 4.470672607421875000e+01 3.568347167968750000e+01
3.060913085937500000e+01 4.851348876953125000e+01 3.935223388671875000e+01
3.218865966796875000e+01 5.218774414062500000e+01 4.299645996093750000e+01
3.385040283203125000e+01 5.495178222656250000e+01 4.624926757812500000e+01
3.481964111328125000e+01 5.696228027343750000e+01 4.876251220703125000e+01
3.553179931640625000e+01 5.817871093750000000e+01 5.007891845703125000e+01
3.556347656250000000e+01 5.808416748046875000e+01 5.020263671875000000e+01
3.540093994140625000e+01 5.799011230468750000e+01 5.003601074218750000e+01
3.601068115234375000e+01 5.824957275390625000e+01 5.033843994140625000e+01
3.711407470703125000e+01 5.948089599609375000e+01 5.170745849609375000e+01
3.771838378906250000e+01 6.025140380859375000e+01 5.258679199218750000e+01
3.779608154296875000e+01 6.028631591796875000e+01 5.264862060546875000e+01
3.816156005859375000e+01 6.064709472656250000e+01 5.308618164062500000e+01
3.833349609375000000e+01 6.083343505859375000e+01 5.303057861328125000e+01
3.794653320312500000e+01 5.994281005859375000e+01 5.214007568359375000e+01
3.743011474609375000e+01 5.885571289062500000e+01 5.084729003906250000e+01
3.744085693359375000e+01 5.821411132812500000e+01 5.039489746093750000e+01
3.710388183593750000e+01 5.752825927734375000e+01 4.964990234375000000e+01
3.658575439453125000e+01 5.677423095703125000e+01 4.867474365234375000e+01
3.657751464843750000e+01 5.676550292968750000e+01 4.859838867187500000e+01
3.675781250000000000e+01 5.708575439453125000e+01 4.905200195312500000e+01
3.706420898437500000e+01 5.738116455078125000e+01 4.949652099609375000e+01
3.726416015625000000e+01 5.781726074218750000e+01 4.988732910156250000e+01
3.735076904296875000e+01 5.815985107421875000e+01 5.027911376953125000e+01
3.720129394531250000e+01 5.821472167968750000e+01 5.022137451171875000e+01
3.686541748046875000e+01 5.752185058593750000e+01 4.965612792968750000e+01
3.654168701171875000e+01 5.708868408203125000e+01 4.921923828125000000e+01
3.652783203125000000e+01 5.729028320312500000e+01 4.952197265625000000e+01
3.659161376953125000e+01 5.768774414062500000e+01 4.985705566406250000e+01
3.664849853515625000e+01 5.805725097656250000e+01 5.018115234375000000e+01
3.683117675781250000e+01 5.890795898437500000e+01 5.110589599609375000e+01
3.751281738281250000e+01 5.998059082031250000e+01 5.225579833984375000e+01
3.763195800781250000e+01 6.020306396484375000e+01 5.249377441406250000e+01
3.812316894531250000e+01 6.029516601562500000e+01 5.267395019531250000e+01
3.843408203125000000e+01 6.046734619140625000e+01 5.253973388671875000e+01
3.837573242187500000e+01 5.977813720703125000e+01 5.179730224609375000e+01
3.766143798828125000e+01 5.817553710937500000e+01 5.017321777343750000e+01
3.668481445312500000e+01 5.689263916015625000e+01 4.851446533203125000e+01
3.636566162109375000e+01 5.657922363281250000e+01 4.837933349609375000e+01
3.657373046875000000e+01 5.722961425781250000e+01 4.949200439453125000e+01
3.714947509765625000e+01 5.854541015625000000e+01 5.098022460937500000e+01
3.724255371093750000e+01 5.913330078125000000e+01 5.154510498046875000e+01
3.747827148437500000e+01 5.989263916015625000e+01 5.259155273437500000e+01
3.782757568359375000e+01 6.025543212890625000e+01 5.298107910156250000e+01
3.779681396484375000e+01 5.928198242187500000e+01 5.192816162109375000e+01
3.690167236328125000e+01 5.734960937500000000e+01 4.975354003906250000e+01
3.551361083984375000e+01 5.467254638671875000e+01 4.681542968750000000e+01
3.465545654296875000e+01 5.301507568359375000e+01 4.509082031250000000e+01
3.431146240234375000e+01 5.284582519531250000e+01 4.468432617187500000e+01
3.444226074218750000e+01 5.340100097656250000e+01 4.531036376953125000e+01
3.468218994140625000e+01 5.484863281250000000e+01 4.629699707031250000e+01
3.494744873046875000e+01 5.566424560546875000e+01 4.718865966796875000e+01
3.531488037109375000e+01 5.618402099609375000e+01 4.781311035156250000e+01
3.575445556640625000e+01 5.658746337890625000e+01 4.838781738281250000e+01
3.598876953125000000e+01 5.685241699218750000e+01 4.863946533203125000e+01
3.600311279296875000e+01 5.674853515625000000e+01 4.862030029296875000e+01
3.614666748046875000e+01 5.693566894531250000e+01 4.871289062500000000e+01
3.636169433593750000e+01 5.721697998046875000e+01 4.904144287109375000e+01
3.660760498046875000e+01 5.706311035156250000e+01 4.909167480468750000e+01
3.660998535156250000e+01 5.688275146484375000e+01 4.912408447265625000e+01
3.672515869140625000e+01 5.691516113281250000e+01 4.920166015625000000e+01
3.699584960937500000e+01 5.732055664062500000e+01 4.964672851562500000e+01
3.752362060546875000e+01 5.809722900390625000e+01 5.045538330078125000e+01
3.749322509765625000e+01 5.819873046875000000e+01 5.049249267578125000e+01
3.728436279296875000e+01 5.792633056640625000e+01 5.008453369140625000e+01
3.722607421875000000e+01 5.799066162109375000e+01 4.974359130859375000e+01
3.722308349609375000e+01 5.754199218750000000e+01 4.931597900390625000e+01
3.685925292968750000e+01 5.694427490234375000e+01 4.881628417968750000e+01
3.675317382812500000e+01 5.692907714843750000e+01 4.875616455078125000e+01
3.665594482421875000e+01 5.685095214843750000e+01 4.858050537109375000e+01
3.675909423828125000e+01 5.694049072265625000e+01 4.897705078125000000e+01
3.742156982421875000e+01 5.781756591796875000e+01 4.999792480468750000e+01
3.761975097656250000e+01 5.819689941406250000e+01 5.032043457031250000e+01
3.765472412109375000e+01 5.829370117187500000e+01 5.036322021484375000e+01
3.779748535156250000e+01 5.842602539062500000e+01 5.043231201171875000e+01
3.774188232421875000e+01 5.855358886718750000e+01 4.995373535156250000e+01
3.714288330078125000e+01 5.767864990234375000e+01 4.899945068359375000e+01
3.627111816406250000e+01 5.644146728515625000e+01 4.772448730468750000e+01
3.555731201171875000e+01 5.530249023437500000e+01 4.656488037109375000e+01
3.499902343750000000e+01 5.403558349609375000e+01 4.528839111328125000e+01
3.457885742187500000e+01 5.332049560546875000e+01 4.461749267578125000e+01
3.459350585937500000e+01 5.336401367187500000e+01 4.458752441406250000e+01
3.472778320312500000e+01 5.353131103515625000e+01 4.473168945312500000e+01
3.490673828125000000e+01 5.383392333984375000e+01 4.500640869140625000e+01
3.531945800781250000e+01 5.470257568359375000e+01 4.617492675781250000e+01
3.585235595703125000e+01 5.576904296875000000e+01 4.766088867187500000e+01
3.604541015625000000e+01 5.640753173828125000e+01 4.823596191406250000e+01
3.592852783203125000e+01 5.637652587890625000e+01 4.822509765625000000e+01
3.563897705078125000e+01 5.581317138671875000e+01 4.724316406250000000e+01
3.533276367187500000e+01 5.511499023437500000e+01 4.648950195312500000e+01
3.481243896484375000e+01 5.412506103515625000e+01 4.539801025390625000e+01
3.400933837890625000e+01 5.275012207031250000e+01 4.388488769531250000e+01
3.389483642578125000e+01 5.238824462890625000e+01 4.354144287109375000e+01
3.399774169921875000e+01 5.258544921875000000e+01 4.362524414062500000e+01
3.376971435546875000e+01 5.219757080078125000e+01 4.328131103515625000e+01
3.407232666015625000e+01 5.277221679687500000e+01 4.405676269531250000e+01
3.521405029296875000e+01 5.488421630859375000e+01 4.595465087890625000e+01
3.606652832031250000e+01 5.623852539062500000e+01 4.747717285156250000e+01
3.617724609375000000e+01 5.639526367187500000e+01 4.767785644531250000e+01
3.565948486328125000e+01 5.562670898437500000e+01 4.694604492187500000e+01
3.521472167968750000e+01 5.476434326171875000e+01 4.601733398437500000e+01
3.495739746093750000e+01 5.434930419921875000e+01 4.550817871093750000e+01
3.483959960937500000e+01 5.422247314453125000e+01 4.540148925781250000e+01
3.498114013671875000e+01 5.439147949218750000e+01 4.550720214843750000e+01
3.555517578125000000e+01 5.526007080078125000e+01 4.641857910156250000e+01
3.626397705078125000e+01 5.667877197265625000e+01 4.801214599609375000e+01
3.671185302734375000e+01 5.784002685546875000e+01 4.914898681640625000e+01
3.696801757812500000e+01 5.872119140625000000e+01 5.024566650390625000e+01
3.766485595703125000e+01 5.975000000000000000e+01 5.099914550781250000e+01
3.843463134765625000e+01 6.043878173828125000e+01 5.186871337890625000e+01
3.861700439453125000e+01 6.058819580078125000e+01 5.196563720703125000e+01
3.860742187500000000e+01 6.016754150390625000e+01 5.143060302734375000e+01
3.772052001953125000e+01 5.873736572265625000e+01 4.991534423828125000e+01
3.678936767578125000e+01 5.708752441406250000e+01 4.798168945312500000e+01
3.680676269531250000e+01 5.665368652343750000e+01 4.765454101562500000e+01
3.768103027343750000e+01 5.776788330078125000e+01 4.867047119140625000e+01
3.887695312500000000e+01 5.937731933593750000e+01 5.025897216796875000e+01
3.971594238281250000e+01 6.038012695312500000e+01 5.185821533203125000e+01
3.978454589843750000e+01 6.069238281250000000e+01 5.210949707031250000e+01
3.968902587890625000e+01 6.052038574218750000e+01 5.213677978515625000e+01
3.968914794921875000e+01 6.061120605468750000e+01 5.200073242187500000e+01
3.958197021484375000e+01 6.032513427734375000e+01 5.162487792968750000e+01
3.930279541015625000e+01 5.972760009765625000e+01 5.092755126953125000e+01
3.873474121093750000e+01 5.870184326171875000e+01 5.017608642578125000e+01
3.857238769531250000e+01 5.811730957031250000e+01 4.967010498046875000e+01
3.846337890625000000e+01 5.784802246093750000e+01 4.947613525390625000e+01
3.896203613281250000e+01 5.837261962890625000e+01 4.965051269531250000e+01
3.985949707031250000e+01 5.968957519531250000e+01 5.115820312500000000e+01
4.050225830078125000e+01 6.135278320312500000e+01 5.251708984375000000e+01
4.091564941406250000e+01 6.196728515625000000e+01 5.327966308593750000e+01
4.085870361328125000e+01 6.226562500000000000e+01 5.333996582031250000e+01
4.075561523437500000e+01 6.250030517578125000e+01 5.343164062500000000e+01
4.070117187500000000e+01 6.242388916015625000e+01 5.336706542968750000e+01
4.084051513671875000e+01 6.230413818359375000e+01 5.328332519531250000e+01
4.105395507812500000e+01 6.226220703125000000e+01 5.311273193359375000e+01
4.094329833984375000e+01 6.191302490234375000e+01 5.279504394531250000e+01
4.124792480468750000e+01 6.222552490234375000e+01 5.322589111328125000e+01
4.287768554687500000e+01 6.436499023437500000e+01 5.532403564453125000e+01
4.384716796875000000e+01 6.609790039062500000e+01 5.729174804687500000e+01
4.405432128906250000e+01 6.652154541015625000e+01 5.797833251953125000e+01
4.382495117187500000e+01 6.652301025390625000e+01 5.780590820312500000e+01
4.403442382812500000e+01 6.667834472656250000e+01 5.816766357421875000e+01
4.436822509765625000e+01 6.725653076171875000e+01 5.908410644531250000e+01
4.487127685546875000e+01 6.791235351562500000e+01 5.966522216796875000e+01
4.519982910156250000e+01 6.819873046875000000e+01 5.997290039062500000e+01
4.517712402343750000e+01 6.799682617187500000e+01 5.987005615234375000e+01
4.512261962890625000e+01 6.773687744140625000e+01 5.975341796875000000e+01
4.475164794921875000e+01 6.671978759765625000e+01 5.876507568359375000e+01
4.483447265625000000e+01 6.608917236328125000e+01 5.833502197265625000e+01
4.542437744140625000e+01 6.674468994140625000e+01 5.892944335937500000e+01
4.622381591796875000e+01 6.759637451171875000e+01 5.992303466796875000e+01
4.618640136718750000e+01 6.761456298828125000e+01 5.985174560546875000e+01
4.485040283203125000e+01 6.601739501953125000e+01 5.828161621093750000e+01
4.395086669921875000e+01 6.498358154296875000e+01 5.715991210937500000e+01
4.419323730468750000e+01 6.550213623046875000e+01 5.713879394531250000e+01
4.473846435546875000e+01 6.603393554687500000e+01 5.778082275390625000e+01
4.509979248046875000e+01 6.660485839843750000e+01 5.815582275390625000e+01
4.565228271484375000e+01 6.742071533203125000e+01 5.900970458984375000e+01
4.594769287109375000e+01 6.785089111328125000e+01 5.950628662109375000e+01
4.546624755859375000e+01 6.727178955078125000e+01 5.880853271484375000e+01
4.412640380859375000e+01 6.580804443359375000e+01 5.695892333984375000e+01
4.282409667968750000e+01 6.429266357421875000e+01 5.529113769531250000e+01
4.198126220703125000e+01 6.289080810546875000e+01 5.368225097656250000e+01
4.073468017578125000e+01 6.123187255859375000e+01 5.210345458984375000e+01
4.008099365234375000e+01 6.003466796875000000e+01 5.090417480468750000e+01
3.942266845703125000e+01 5.867407226562500000e+01 4.953601074218750000e+01
3.837030029296875000e+01 5.711804199218750000e+01 4.792016601562500000e+01
3.753771972656250000e+01 5.567828369140625000e+01 4.645153808593750000e+01
3.657604980468750000e+01 5.456555175781250000e+01 4.537908935546875000e+01
3.575531005859375000e+01 5.341632080078125000e+01 4.430383300781250000e+01
3.570874023437500000e+01 5.344128417968750000e+01 4.432794189453125000e+01
3.554205322265625000e+01 5.368792724609375000e+01 4.438818359375000000e+01
3.533435058593750000e+01 5.340124511718750000e+01 4.393902587890625000e+01
3.392651367187500000e+01 5.136840820312500000e+01 4.177673339843750000e+01
3.222998046875000000e+01 4.860363769531250000e+01 3.899645996093750000e+01
3.150482177734375000e+01 4.731756591796875000e+01 3.779736328125000000e+01
3.172900390625000000e+01 4.757531738281250000e+01 3.801776123046875000e+01
3.201727294921875000e+01 4.796862792968750000e+01 3.844635009765625000e+01
3.214874267578125000e+01 4.837823486328125000e+01 3.876385498046875000e+01
3.206213378906250000e+01 4.862567138671875000e+01 3.871582031250000000e+01
3.171685791015625000e+01 4.819775390625000000e+01 3.833978271484375000e+01
3.131127929687500000e+01 4.756292724609375000e+01 3.771765136718750000e+01
3.115490722656250000e+01 4.727587890625000000e+01 3.730541992187500000e+01
3.100555419921875000e+01 4.708209228515625000e+01 3.719091796875000000e+01
3.094580078125000000e+01 4.693554687500000000e+01 3.722967529296875000e+01
3.097540283203125000e+01 4.705145263671875000e+01 3.732208251953125000e+01
3.147509765625000000e+01 4.815631103515625000e+01 3.834436035156250000e+01
3.186041259765625000e+01 4.879888916015625000e+01 3.897485351562500000e+01
3.211828613281250000e+01 4.955358886718750000e+01 3.950445556640625000e+01
3.275323486328125000e+01 5.076794433593750000e+01 4.048547363281250000e+01
3.325158691406250000e+01 5.179388427734375000e+01 4.141412353515625000e+01
3.348156738281250000e+01 5.231927490234375000e+01 4.194464111328125000e+01
3.350762939453125000e+01 5.234436035156250000e+01 4.185900878906250000e+01
3.333081054687500000e+01 5.175744628906250000e+01 4.157855224609375000e+01
3.351690673828125000e+01 5.190783691406250000e+01 4.198724365234375000e+01
3.361383056640625000e+01 5.204992675781250000e+01 4.226538085937500000e+01
3.340911865234375000e+01 5.164074707031250000e+01 4.179937744140625000e+01
3.351849365234375000e+01 5.167785644531250000e+01 4.196728515625000000e+01
3.424108886718750000e+01 5.273535156250000000e+01 4.325433349609375000e+01
3.508917236328125000e+01 5.398657226562500000e+01 4.456579589843750000e+01
3.540081787109375000e+01 5.453027343750000000e+01 4.511206054687500000e+01
3.572924804687500000e+01 5.497808837890625000e+01 4.557611083984375000e+01
3.573956298828125000e+01 5.500006103515625000e+01 4.572198486328125000e+01
3.499151611328125000e+01 5.386895751953125000e+01 4.458142089843750000e+01
3.407165527343750000e+01 5.234533691406250000e+01 4.312573242187500000e+01
3.299035644531250000e+01 4.999462890625000000e+01 4.095373535156250000e+01
3.174792480468750000e+01 4.773217773437500000e+01 3.863415527343750000e+01
3.108618164062500000e+01 4.647888183593750000e+01 3.742517089843750000e+01
3.103399658203125000e+01 4.661224365234375000e+01 3.743414306640625000e+01
3.229705810546875000e+01 4.947845458984375000e+01 4.000543212890625000e+01
3.448638916015625000e+01 5.413293457031250000e+01 4.466308593750000000e+01
3.677807617187500000e+01 5.913250732421875000e+01 4.990563964843750000e+01
3.887890625000000000e+01 6.379101562500000000e+01 5.461993408203125000e+01
4.070050048828125000e+01 6.579974365234375000e+01 5.671722412109375000e+01
4.169482421875000000e+01 6.585443115234375000e+01 5.711187744140625000e+01
4.170721435546875000e+01 6.528277587890625000e+01 5.650598144531250000e+01
4.105773925781250000e+01 6.416271972656250000e+01 5.504412841796875000e+01
4.041204833984375000e+01 6.300219726562500000e+01 5.386456298828125000e+01
4.083117675781250000e+01 6.204290771484375000e+01 5.302612304687500000e+01
4.062701416015625000e+01 6.105041503906250000e+01 5.194683837890625000e+01
4.007360839843750000e+01 6.008251953125000000e+01 5.086413574218750000e+01
3.995568847656250000e+01 5.968609619140625000e+01 5.042340087890625000e+01
4.014111328125000000e+01 5.983801269531250000e+01 5.052209472656250000e+01
4.029010009765625000e+01 6.026556396484375000e+01 5.099713134765625000e+01
4.094653320312500000e+01 6.143096923828125000e+01 5.222082519531250000e+01
4.173028564453125000e+01 6.272094726562500000e+01 5.345098876953125000e+01
4.233721923828125000e+01 6.371063232421875000e+01 5.440490722656250000e+01
4.261267089843750000e+01 6.444171142578125000e+01 5.510906982421875000e+01
4.329766845703125000e+01 6.483105468750000000e+01 5.601025390625000000e+01
4.328588867187500000e+01 6.467382812500000000e+01 5.590301513671875000e+01
4.246948242187500000e+01 6.364941406250000000e+01 5.504034423828125000e+01
4.219018554687500000e+01 6.327752685546875000e+01 5.452313232421875000e+01
4.204272460937500000e+01 6.290399169921875000e+01 5.428930664062500000e+01
4.207073974609375000e+01 6.299609375000000000e+01 5.420532226562500000e+01
4.252600097656250000e+01 6.348516845703125000e+01 5.480798339843750000e+01
4.306988525390625000e+01 6.409857177734375000e+01 5.547375488281250000e+01
4.348992919921875000e+01 6.460406494140625000e+01 5.597497558593750000e+01
4.364965820312500000e+01 6.472705078125000000e+01 5.616271972656250000e+01
4.306134033203125000e+01 6.395080566406250000e+01 5.536492919921875000e+01
4.246313476562500000e+01 6.298828125000000000e+01 5.422143554687500000e+01
4.179144287109375000e+01 6.200195312500000000e+01 5.305554199218750000e+01
4.152551269531250000e+01 6.130041503906250000e+01 5.241082763671875000e+01
4.138354492187500000e+01 6.077185058593750000e+01 5.196392822265625000e+01
4.104394531250000000e+01 6.050085449218750000e+01 5.151055908203125000e+01
4.120922851562500000e+01 6.083905029296875000e+01 5.194378662109375000e+01
4.157562255859375000e+01 6.171331787109375000e+01 5.268756103515625000e+01
4.198657226562500000e+01 6.274230957031250000e+01 5.357220458984375000e+01
4.250518798828125000e+01 6.346667480468750000e+01 5.429412841796875000e+01
4.277789306640625000e+01 6.386138916015625000e+01 5.459259033203125000e+01
4.294738769531250000e+01 6.405194091796875000e+01 5.478570556640625000e+01
4.286779785156250000e+01 6.405249023437500000e+01 5.478137207031250000e+01
4.301416015625000000e+01 6.429559326171875000e+01 5.492352294921875000e+01
4.327020263671875000e+01 6.470776367187500000e+01 5.521740722656250000e+01
4.351733398437500000e+01 6.516430664062500000e+01 5.573437500000000000e+01
4.464355468750000000e+01 6.661755371093750000e+01 5.739721679687500000e+01
4.548901367187500000e+01 6.876934814453125000e+01 5.945739746093750000e+01
4.626495361328125000e+01 6.981213378906250000e+01 6.080920410156250000e+01
4.633190917968750000e+01 6.990948486328125000e+01 6.116528320312500000e+01
4.637835693359375000e+01 6.945874023437500000e+01 6.057080078125000000e+01
4.590368652343750000e+01 6.880755615234375000e+01 5.980273437500000000e+01
4.615893554687500000e+01 6.867608642578125000e+01 5.971203613281250000e+01
4.630773925781250000e+01 6.844903564453125000e+01 5.943725585937500000e+01
4.628833007812500000e+01 6.800805664062500000e+01 5.921807861328125000e+01
4.554168701171875000e+01 6.699047851562500000e+01 5.808349609375000000e+01
4.478210449218750000e+01 6.599395751953125000e+01 5.700384521484375000e+01
4.432440185546875000e+01 6.512072753906250000e+01 5.633843994140625000e+01
4.369213867187500000e+01 6.420312500000000000e+01 5.532757568359375000e+01
4.329718017578125000e+01 6.353546142578125000e+01 5.467834472656250000e+01
4.309790039062500000e+01 6.353485107421875000e+01 5.456231689453125000e+01
4.386090087890625000e+01 6.473590087890625000e+01 5.568786621093750000e+01
4.491760253906250000e+01 6.661853027343750000e+01 5.785913085937500000e+01
4.541668701171875000e+01 6.796392822265625000e+01 5.932922363281250000e+01
4.588092041015625000e+01 6.881115722656250000e+01 6.034936523437500000e+01
4.661254882812500000e+01 6.984106445312500000e+01 6.141223144531250000e+01
4.690698242187500000e+01 7.029705810546875000e+01 6.176055908203125000e+01
4.695013427734375000e+01 7.035980224609375000e+01 6.157592773437500000e+01
4.681286621093750000e+01 7.007501220703125000e+01 6.145080566406250000e+01
4.618402099609375000e+01 6.935864257812500000e+01 6.058105468750000000e+01
4.603045654296875000e+01 6.876751708984375000e+01 6.007135009765625000e+01
4.565362548828125000e+01 6.809606933593750000e+01 5.925531005859375000e+01
4.507348632812500000e+01 6.729882812500000000e+01 5.842517089843750000e+01
4.511462402343750000e+01 6.731500244140625000e+01 5.851153564453125000e+01
4.582183837890625000e+01 6.801019287109375000e+01 5.925311279296875000e+01
4.609533691406250000e+01 6.842773437500000000e+01 5.969091796875000000e+01
4.583160400390625000e+01 6.848345947265625000e+01 5.967205810546875000e+01
4.572625732421875000e+01 6.831433105468750000e+01 5.944897460937500000e+01
4.561639404296875000e+01 6.815106201171875000e+01 5.921264648437500000e+01
4.541394042968750000e+01 6.792236328125000000e+01 5.883227539062500000e+01
4.534698486328125000e+01 6.770452880859375000e+01 5.886682128906250000e+01
4.527069091796875000e+01 6.753369140625000000e+01 5.873620605468750000e+01
4.471960449218750000e+01 6.668133544921875000e+01 5.780920410156250000e+01
4.374938964843750000e+01 6.497320556640625000e+01 5.619396972656250000e+01
4.268023681640625000e+01 6.312335205078125000e+01 5.430804443359375000e+01
4.122186279296875000e+01 6.101202392578125000e+01 5.232434082031250000e+01
4.006054687500000000e+01 5.934851074218750000e+01 5.053369140625000000e+01
3.915594482421875000e+01 5.807617187500000000e+01 4.936639404296875000e+01
3.887176513671875000e+01 5.757714843750000000e+01 4.889801025390625000e+01
3.840869140625000000e+01 5.691009521484375000e+01 4.809252929687500000e+01
3.845257568359375000e+01 5.704290771484375000e+01 4.799200439453125000e+01
3.823382568359375000e+01 5.688909912109375000e+01 4.780853271484375000e+01
3.649517822265625000e+01 5.447351074218750000e+01 4.530639648437500000e+01
3.622985839843750000e+01 5.379473876953125000e+01 4.456756591796875000e+01
3.515472412109375000e+01 5.215466308593750000e+01 4.284826660156250000e+01
3.377862548828125000e+01 4.995013427734375000e+01 4.061926269531250000e+01
3.274047851562500000e+01 4.827142333984375000e+01 3.894000244140625000e+01
3.186401367187500000e+01 4.680865478515625000e+01 3.756817626953125000e+01
3.144372558593750000e+01 4.599182128906250000e+01 3.691345214843750000e+01
3.127416992187500000e+01 4.575677490234375000e+01 3.665948486328125000e+01
3.101428222656250000e+01 4.582171630859375000e+01 3.639367675781250000e+01
3.045825195312500000e+01 4.520288085937500000e+01 3.537194824218750000e+01
3.027709960937500000e+01 4.475543212890625000e+01 3.498760986328125000e+01
2.964581298828125000e+01 4.381762695312500000e+01 3.403021240234375000e+01
2.909844970703125000e+01 4.304559326171875000e+01 3.323559570312500000e+01
2.868701171875000000e+01 4.254895019531250000e+01 3.280676269531250000e+01
2.861102294921875000e+01 4.255273437500000000e+01 3.280328369140625000e+01
2.853063964843750000e+01 4.256170654296875000e+01 3.272625732421875000e+01
2.839898681640625000e+01 4.252001953125000000e+01 3.270220947265625000e+01
2.808691406250000000e+01 4.204522705078125000e+01 3.225134277343750000e+01
2.752343750000000000e+01 4.127490234375000000e+01 3.169262695312500000e+01
2.722680664062500000e+01 4.079742431640625000e+01 3.119586181640625000e+01
2.700555419921875000e+01 4.050354003906250000e+01 3.099945068359375000e+01
2.694787597656250000e+01 4.036285400390625000e+01 3.106115722656250000e+01
2.702197265625000000e+01 4.040411376953125000e+01 3.113061523437500000e+01
2.696020507812500000e+01 4.029632568359375000e+01 3.113671875000000000e+01
2.701416015625000000e+01 4.035150146484375000e+01 3.115594482421875000e+01
2.778936767578125000e+01 4.130999755859375000e+01 3.203344726562500000e+01
2.889050292968750000e+01 4.299206542968750000e+01 3.384057617187500000e+01
2.978112792968750000e+01 4.468164062500000000e+01 3.559619140625000000e+01
3.048596191406250000e+01 4.569299316406250000e+01 3.647674560546875000e+01
3.080969238281250000e+01 4.613397216796875000e+01 3.690661621093750000e+01
3.078149414062500000e+01 4.607879638671875000e+01 3.672082519531250000e+01
3.098059082031250000e+01 4.626367187500000000e+01 3.680786132812500000e+01
3.197253417968750000e+01 4.768139648437500000e+01 3.824670410156250000e+01
3.243658447265625000e+01 4.911199951171875000e+01 3.961053466796875000e+01
3.270343017578125000e+01 5.019360351562500000e+01 4.057690429687500000e+01
3.272863769531250000e+01 5.044653320312500000e+01 4.075610351562500000e+01
3.260510253906250000e+01 5.019982910156250000e+01 4.056329345703125000e+01
3.231982421875000000e+01 4.980126953125000000e+01 4.024578857421875000e+01
3.184777832031250000e+01 4.905743408203125000e+01 3.953509521484375000e+01
3.136517333984375000e+01 4.800421142578125000e+01 3.866009521484375000e+01
3.089581298828125000e+01 4.720751953125000000e+01 3.804290771484375000e+01
3.036383056640625000e+01 4.613049316406250000e+01 3.696954345703125000e+01
3.004254150390625000e+01 4.547351074218750000e+01 3.637158203125000000e+01
3.001367187500000000e+01 4.541094970703125000e+01 3.631427001953125000e+01
3.046008300781250000e+01 4.598394775390625000e+01 3.698931884765625000e+01
3.105895996093750000e+01 4.701135253906250000e+01 3.787432861328125000e+01
3.121960449218750000e+01 4.731579589843750000e+01 3.819329833984375000e+01
3.112384033203125000e+01 4.713085937500000000e+01 3.797747802734375000e+01
3.130639648437500000e+01 4.730804443359375000e+01 3.807696533203125000e+01
3.180010986328125000e+01 4.797558593750000000e+01 3.878424072265625000e+01
3.220324707031250000e+01 4.847479248046875000e+01 3.930682373046875000e+01
3.234832763671875000e+01 4.857684326171875000e+01 3.947131347656250000e+01
3.242785644531250000e+01 4.870257568359375000e+01 3.951275634765625000e+01
3.252105712890625000e+01 4.869213867187500000e+01 3.949200439453125000e+01
3.266400146484375000e+01 4.889355468750000000e+01 3.974658203125000000e+01
3.276403808593750000e+01 4.899285888671875000e+01 3.993096923828125000e+01
3.291363525390625000e+01 4.921478271484375000e+01 4.025378417968750000e+01
3.299645996093750000e+01 4.936859130859375000e+01 4.029669189453125000e+01
3.291845703125000000e+01 4.961096191406250000e+01 4.051611328125000000e+01
3.325494384765625000e+01 5.020281982421875000e+01 4.130883789062500000e+01
3.357312011718750000e+01 5.072668457031250000e+01 4.196655273437500000e+01
3.340338134765625000e+01 5.058215332031250000e+01 4.185137939453125000e+01
3.342584228515625000e+01 5.061950683593750000e+01 4.189581298828125000e+01
3.398852539062500000e+01 5.140832519531250000e+01 4.248095703125000000e+01
3.411706542968750000e+01 5.178106689453125000e+01 4.283050537109375000e+01
3.413824462890625000e+01 5.180181884765625000e+01 4.308856201171875000e+01
3.378491210937500000e+01 5.116070556640625000e+01 4.247100830078125000e+01
3.350952148437500000e+01 5.077667236328125000e+01 4.194500732421875000e+01
3.290917968750000000e+01 4.999670410156250000e+01 4.111791992187500000e+01
3.242608642578125000e+01 4.887536621093750000e+01 4.003875732421875000e+01
3.219409179687500000e+01 4.836706542968750000e+01 3.927166748046875000e+01
3.241217041015625000e+01 4.866473388671875000e+01 3.962127685546875000e+01
3.335675048828125000e+01 4.999310302734375000e+01 4.105261230468750000e+01
3.392572021484375000e+01 5.085675048828125000e+01 4.193890380859375000e+01
3.386114501953125000e+01 5.074047851562500000e+01 4.212432861328125000e+01
3.357281494140625000e+01 5.030389404296875000e+01 4.166235351562500000e+01
3.275457763671875000e+01 4.913201904296875000e+01 4.055560302734375000e+01
3.129266357421875000e+01 4.687982177734375000e+01 3.833941650390625000e+01
3.003656005859375000e+01 4.483441162109375000e+01 3.618048095703125000e+01
2.944830322265625000e+01 4.361486816406250000e+01 3.494311523437500000e+01
2.944885253906250000e+01 4.360961914062500000e+01 3.487536621093750000e+01
3.005682373046875000e+01 4.483471679687500000e+01 3.606634521484375000e+01
3.087176513671875000e+01 4.613592529296875000e+01 3.734619140625000000e+01
3.157830810546875000e+01 4.728845214843750000e+01 3.844555664062500000e+01
3.138751220703125000e+01 4.741406250000000000e+01 3.857525634765625000e+01
3.122576904296875000e+01 4.738134765625000000e+01 3.851586914062500000e+01
3.151202392578125000e+01 4.818963623046875000e+01 3.931268310546875000e+01
3.239489746093750000e+01 4.984100341796875000e+01 4.090820312500000000e+01
3.250451660156250000e+01 4.991119384765625000e+01 4.106591796875000000e+01
3.214404296875000000e+01 4.940039062500000000e+01 4.052008056640625000e+01
3.222821044921875000e+01 4.947290039062500000e+01 4.055969238281250000e+01
3.263848876953125000e+01 4.999481201171875000e+01 4.123687744140625000e+01
3.283154296875000000e+01 5.041455078125000000e+01 4.172906494140625000e+01
3.299285888671875000e+01 5.059777832031250000e+01 4.189111328125000000e+01
3.306396484375000000e+01 5.064489746093750000e+01 4.200103759765625000e+01
3.298944091796875000e+01 5.071380615234375000e+01 4.197827148437500000e+01
3.344329833984375000e+01 5.141265869140625000e+01 4.274310302734375000e+01
3.462780761718750000e+01 5.349243164062500000e+01 4.480926513671875000e+01
3.585937500000000000e+01 5.562396240234375000e+01 4.686547851562500000e+01
3.690405273437500000e+01 5.714215087890625000e+01 4.859185791015625000e+01
3.773229980468750000e+01 5.838262939453125000e+01 4.996331787109375000e+01
3.782843017578125000e+01 5.870031738281250000e+01 5.031347656250000000e+01
3.757305908203125000e+01 5.834417724609375000e+01 4.997821044921875000e+01
3.768225097656250000e+01 5.794329833984375000e+01 4.955883789062500000e+01
3.750299072265625000e+01 5.737579345703125000e+01 4.897442626953125000e+01
3.676458740234375000e+01 5.605395507812500000e+01 4.757885742187500000e+01
3.620410156250000000e+01 5.517480468750000000e+01 4.662969970703125000e+01
3.629168701171875000e+01 5.508782958984375000e+01 4.652917480468750000e+01
3.630963134765625000e+01 5.518627929687500000e+01 4.652142333984375000e+01
3.656665039062500000e+01 5.563525390625000000e+01 4.706683349609375000e+01
3.738146972656250000e+01 5.690832519531250000e+01 4.842706298828125000e+01
3.823937988281250000e+01 5.809686279296875000e+01 4.950769042968750000e+01
3.865997314453125000e+01 5.886712646484375000e+01 5.017816162109375000e+01
3.866070556640625000e+01 5.903363037109375000e+01 5.035614013671875000e+01
3.867321777343750000e+01 5.897448730468750000e+01 5.029968261718750000e+01
3.845611572265625000e+01 5.860888671875000000e+01 4.996752929687500000e+01
3.783026123046875000e+01 5.772058105468750000e+01 4.900531005859375000e+01
3.767437744140625000e+01 5.754016113281250000e+01 4.867370605468750000e+01
3.770239257812500000e+01 5.731970214843750000e+01 4.854711914062500000e+01
3.738452148437500000e+01 5.680670166015625000e+01 4.801507568359375000e+01
3.717889404296875000e+01 5.632592773437500000e+01 4.753302001953125000e+01
3.717199707031250000e+01 5.624279785156250000e+01 4.747644042968750000e+01
3.770855712890625000e+01 5.681311035156250000e+01 4.818884277343750000e+01
3.831561279296875000e+01 5.784649658203125000e+01 4.925500488281250000e+01
3.781976318359375000e+01 5.800726318359375000e+01 4.933398437500000000e+01
3.752624511718750000e+01 5.773992919921875000e+01 4.916125488281250000e+01
3.701776123046875000e+01 5.711865234375000000e+01 4.885046386718750000e+01
3.665509033203125000e+01 5.653717041015625000e+01 4.809722900390625000e+01
3.654315185546875000e+01 5.616900634765625000e+01 4.785003662109375000e+01
3.679052734375000000e+01 5.634863281250000000e+01 4.799694824218750000e+01
3.713830566406250000e+01 5.681530761718750000e+01 4.849780273437500000e+01
3.761578369140625000e+01 5.734698486328125000e+01 4.901434326171875000e+01
3.812707519531250000e+01 5.779925537109375000e+01 4.968200683593750000e+01
3.819543457031250000e+01 5.812908935546875000e+01 5.000634765625000000e+01
3.807476806640625000e+01 5.815228271484375000e+01 4.986114501953125000e+01
3.814642333984375000e+01 5.830914306640625000e+01 4.994360351562500000e+01
3.820178222656250000e+01 5.861145019531250000e+01 5.025695800781250000e+01
3.822143554687500000e+01 5.866534423828125000e+01 5.016284179687500000e+01
3.827441406250000000e+01 5.867565917968750000e+01 5.022729492187500000e+01
3.848004150390625000e+01 5.855889892578125000e+01 5.027233886718750000e+01
3.826281738281250000e+01 5.809497070312500000e+01 4.983935546875000000e+01
3.753747558593750000e+01 5.695446777343750000e+01 4.873266601562500000e+01
3.672277832031250000e+01 5.576452636718750000e+01 4.747302246093750000e+01
3.621697998046875000e+01 5.498352050781250000e+01 4.672167968750000000e+01
3.577166748046875000e+01 5.433654785156250000e+01 4.581109619140625000e+01
3.530950927734375000e+01 5.366448974609375000e+01 4.483160400390625000e+01
3.517590332031250000e+01 5.345898437500000000e+01 4.451019287109375000e+01
3.539892578125000000e+01 5.378765869140625000e+01 4.480487060546875000e+01
3.570965576171875000e+01 5.436273193359375000e+01 4.564978027343750000e+01
3.577301025390625000e+01 5.452423095703125000e+01 4.589996337890625000e+01
3.560528564453125000e+01 5.432171630859375000e+01 4.574346923828125000e+01
3.506372070312500000e+01 5.357055664062500000e+01 4.498187255859375000e+01
3.433685302734375000e+01 5.253552246093750000e+01 4.401568603515625000e+01
3.375946044921875000e+01 5.158984375000000000e+01 4.316552734375000000e+01
3.285864257812500000e+01 5.021240234375000000e+01 4.179730224609375000e+01
3.191784667968750000e+01 4.878363037109375000e+01 4.024096679687500000e+01
3.130737304687500000e+01 4.786181640625000000e+01 3.932965087890625000e+01
3.071850585937500000e+01 4.694323730468750000e+01 3.850701904296875000e+01
3.013342285156250000e+01 4.611956787109375000e+01 3.765301513671875000e+01
2.967730712890625000e+01 4.564044189453125000e+01 3.717810058593750000e+01
2.939697265625000000e+01 4.511462402343750000e+01 3.686785888671875000e+01
2.913061523437500000e+01 4.476654052734375000e+01 3.649969482421875000e+01
2.910528564453125000e+01 4.486608886718750000e+01 3.644543457031250000e+01
2.927893066406250000e+01 4.540435791015625000e+01 3.704449462890625000e+01
2.922943115234375000e+01 4.533728027343750000e+01 3.682836914062500000e+01
2.906732177734375000e+01 4.508123779296875000e+01 3.661480712890625000e+01
2.901275634765625000e+01 4.510675048828125000e+01 3.666668701171875000e+01
2.922369384765625000e+01 4.576007080078125000e+01 3.718981933593750000e+01
2.948687744140625000e+01 4.640930175781250000e+01 3.766455078125000000e+01
2.973620605468750000e+01 4.694348144531250000e+01 3.825756835937500000e+01
3.038281250000000000e+01 4.813568115234375000e+01 3.959954833984375000e+01
3.110913085937500000e+01 4.937121582031250000e+01 4.086364746093750000e+01
3.120776367187500000e+01 4.983721923828125000e+01 4.148162841796875000e+01
3.166925048828125000e+01 5.021752929687500000e+01 4.164361572265625000e+01
3.220275878906250000e+01 5.076361083984375000e+01 4.215124511718750000e+01
3.260522460937500000e+01 5.118334960937500000e+01 4.246697998046875000e+01
3.284991455078125000e+01 5.148608398437500000e+01 4.281915283203125000e+01
3.319744873046875000e+01 5.184527587890625000e+01 4.302612304687500000e+01
3.317828369140625000e+01 5.189825439453125000e+01 4.305468750000000000e+01
3.312591552734375000e+01 5.179931640625000000e+01 4.304095458984375000e+01
3.317993164062500000e+01 5.197839355468750000e+01 4.314208984375000000e+01
3.349084472656250000e+01 5.246258544921875000e+01 4.363592529296875000e+01
3.372943115234375000e+01 5.282348632812500000e+01 4.404528808593750000e+01
3.368029785156250000e+01 5.245013427734375000e+01 4.379937744140625000e+01
3.289971923828125000e+01 5.125756835937500000e+01 4.271801757812500000e+01
3.250457763671875000e+01 5.053637695312500000e+01 4.204223632812500000e+01
3.231408691406250000e+01 5.002233886718750000e+01 4.140844726562500000e+01
3.267938232421875000e+01 5.047436523437500000e+01 4.190997314453125000e+01
3.283978271484375000e+01 5.101989746093750000e+01 4.227520751953125000e+01
3.287023925781250000e+01 5.132525634765625000e+01 4.258990478515625000e+01
3.281829833984375000e+01 5.128363037109375000e+01 4.233502197265625000e+01
3.257025146484375000e+01 5.087927246093750000e+01 4.202697753906250000e+01
3.234899902343750000e+01 5.051757812500000000e+01 4.166033935546875000e+01
3.234210205078125000e+01 5.053271484375000000e+01 4.177441406250000000e+01
3.267712402343750000e+01 5.101531982421875000e+01 4.238543701171875000e+01
3.319372558593750000e+01 5.160748291015625000e+01 4.318817138671875000e+01
3.339392089843750000e+01 5.193090820312500000e+01 4.350909423828125000e+01
3.358483886718750000e+01 5.220245361328125000e+01 4.362445068359375000e+01
3.408178710937500000e+01 5.283184814453125000e+01 4.414184570312500000e+01
3.455047607421875000e+01 5.363366699218750000e+01 4.496228027343750000e+01
3.457226562500000000e+01 5.375775146484375000e+01 4.501538085937500000e+01
3.462622070312500000e+01 5.386535644531250000e+01 4.508856201171875000e+01
3.502270507812500000e+01 5.440161132812500000e+01 4.565112304687500000e+01
3.607916259765625000e+01 5.582849121093750000e+01 4.717022705078125000e+01
3.670947265625000000e+01 5.667108154296875000e+01 4.794476318359375000e+01
3.691900634765625000e+01 5.697357177734375000e+01 4.813305664062500000e+01
3.731542968750000000e+01 5.749713134765625000e+01 4.871264648437500000e+01
3.743939208984375000e+01 5.758422851562500000e+01 4.891418457031250000e+01
3.702819824218750000e+01 5.689434814453125000e+01 4.791119384765625000e+01
3.604443359375000000e+01 5.523992919921875000e+01 4.599786376953125000e+01
3.511108398437500000e+01 5.354193115234375000e+01 4.413244628906250000e+01
3.463543701171875000e+01 5.252478027343750000e+01 4.283862304687500000e+01
3.482360839843750000e+01 5.288629150390625000e+01 4.291772460937500000e+01
3.595745849609375000e+01 5.479199218750000000e+01 4.510955810546875000e+01
3.713104248046875000e+01 5.771087646484375000e+01 4.811486816406250000e+01
3.906665039062500000e+01 6.114074707031250000e+01 5.191131591796875000e+01
4.069226074218750000e+01 6.469647216796875000e+01 5.534997558593750000e+01
4.195300292968750000e+01 6.686633300781250000e+01 5.797357177734375000e+01
4.366632080078125000e+01 6.791680908203125000e+01 5.939288330078125000e+01
4.436614990234375000e+01 6.826214599609375000e+01 5.952880859375000000e+01
4.464691162109375000e+01 6.784936523437500000e+01 5.895855712890625000e+01
4.433294677734375000e+01 6.672741699218750000e+01 5.781909179687500000e+01
4.345172119140625000e+01 6.500476074218750000e+01 5.596887207031250000e+01
4.237792968750000000e+01 6.327984619140625000e+01 5.415417480468750000e+01
4.171374511718750000e+01 6.192395019531250000e+01 5.311987304687500000e+01
4.169702148437500000e+01 6.167895507812500000e+01 5.282806396484375000e+01
4.153985595703125000e+01 6.130352783203125000e+01 5.257739257812500000e+01
4.134857177734375000e+01 6.097656250000000000e+01 5.229980468750000000e+01
4.133081054687500000e+01 6.129565429687500000e+01 5.257617187500000000e+01
4.178112792968750000e+01 6.217633056640625000e+01 5.344573974609375000e+01
4.177197265625000000e+01 6.259857177734375000e+01 5.373516845703125000e+01
4.162396240234375000e+01 6.280975341796875000e+01 5.364569091796875000e+01
4.160369873046875000e+01 6.287384033203125000e+01 5.383190917968750000e+01
4.132458496093750000e+01 6.241186523437500000e+01 5.336669921875000000e+01
4.082116699218750000e+01 6.158886718750000000e+01 5.250659179687500000e+01
4.030633544921875000e+01 6.063604736328125000e+01 5.158843994140625000e+01
3.973376464843750000e+01 5.959210205078125000e+01 5.062402343750000000e+01
3.940405273437500000e+01 5.882702636718750000e+01 4.987933349609375000e+01
3.844427490234375000e+01 5.748944091796875000e+01 4.833398437500000000e+01
3.807135009765625000e+01 5.703485107421875000e+01 4.780859375000000000e+01
3.821936035156250000e+01 5.757275390625000000e+01 4.823657226562500000e+01
3.867382812500000000e+01 5.841802978515625000e+01 4.919665527343750000e+01
3.872210693359375000e+01 5.861297607421875000e+01 4.941693115234375000e+01
3.880017089843750000e+01 5.892718505859375000e+01 4.961730957031250000e+01
