1.363688964843750000e+02 1.470703125000000000e+02 1.219046020507812500e+02
1.363623657226562500e+02 1.471623535156250000e+02 1.220185546875000000e+02
1.365470581054687500e+02 1.473488769531250000e+02 1.221999511718750000e+02
1.363473510742187500e+02 1.471050415039062500e+02 1.219824218750000000e+02
1.363163452148437500e+02 1.470659179687500000e+02 1.219473876953125000e+02
1.361154174804687500e+02 1.471247558593750000e+02 1.214378662109375000e+02
1.359340820312500000e+02 1.474096679687500000e+02 1.211456298828125000e+02
1.356374511718750000e+02 1.472395019531250000e+02 1.206211547851562500e+02
1.354281616210937500e+02 1.473515625000000000e+02 1.204958496093750000e+02
1.351383056640625000e+02 1.472799682617187500e+02 1.202073974609375000e+02
1.351724853515625000e+02 1.474708862304687500e+02 1.203696289062500000e+02
1.351293334960937500e+02 1.474279174804687500e+02 1.202664184570312500e+02
1.351871948242187500e+02 1.476184082031250000e+02 1.204303588867187500e+02
1.351641235351562500e+02 1.475377197265625000e+02 1.203220825195312500e+02
1.353302001953125000e+02 1.477187500000000000e+02 1.205813598632812500e+02
1.353576660156250000e+02 1.476396484375000000e+02 1.205128173828125000e+02
1.355390014648437500e+02 1.477711791992187500e+02 1.206464233398437500e+02
1.354240112304687500e+02 1.475758666992187500e+02 1.204130249023437500e+02
1.350744628906250000e+02 1.476823730468750000e+02 1.204626464843750000e+02
1.345292358398437500e+02 1.475175781250000000e+02 1.203526611328125000e+02
1.345509643554687500e+02 1.477603759765625000e+02 1.206336669921875000e+02
1.342467651367187500e+02 1.476080932617187500e+02 1.204453735351562500e+02
1.342110595703125000e+02 1.477869262695312500e+02 1.205632934570312500e+02
1.341853027343750000e+02 1.476986694335937500e+02 1.204950561523437500e+02
1.343878173828125000e+02 1.478160400390625000e+02 1.206798095703125000e+02
1.343911743164062500e+02 1.476987915039062500e+02 1.206141357421875000e+02
1.346142578125000000e+02 1.478750610351562500e+02 1.208062744140625000e+02
1.345701293945312500e+02 1.477638549804687500e+02 1.207333984375000000e+02
1.348271484375000000e+02 1.479679565429687500e+02 1.206635131835937500e+02
1.347591552734375000e+02 1.478402709960937500e+02 1.202110595703125000e+02
1.349212646484375000e+02 1.478843994140625000e+02 1.202205810546875000e+02
1.348676147460937500e+02 1.478187866210937500e+02 1.200490722656250000e+02
1.350264282226562500e+02 1.479757690429687500e+02 1.201323242187500000e+02
1.349537963867187500e+02 1.477661132812500000e+02 1.202131958007812500e+02
1.350751953125000000e+02 1.478873291015625000e+02 1.204519042968750000e+02
1.349364013671875000e+02 1.477149047851562500e+02 1.203258056640625000e+02
1.350913085937500000e+02 1.478739624023437500e+02 1.204836425781250000e+02
1.350332031250000000e+02 1.478064575195312500e+02 1.203988037109375000e+02
1.353098754882812500e+02 1.480311889648437500e+02 1.206520385742187500e+02
1.353200683593750000e+02 1.479557495117187500e+02 1.206222534179687500e+02
1.356707763671875000e+02 1.479639892578125000e+02 1.207719116210937500e+02
1.357396240234375000e+02 1.479308471679687500e+02 1.208434448242187500e+02
1.359105224609375000e+02 1.480151977539062500e+02 1.208956909179687500e+02
1.357316284179687500e+02 1.478805541992187500e+02 1.206085205078125000e+02
1.358160400390625000e+02 1.481138305664062500e+02 1.207586059570312500e+02
1.356180419921875000e+02 1.480114746093750000e+02 1.206123657226562500e+02
1.357490844726562500e+02 1.481284790039062500e+02 1.207915649414062500e+02
1.356693725585937500e+02 1.480559082031250000e+02 1.206384887695312500e+02
1.356067504882812500e+02 1.481856079101562500e+02 1.207142333984375000e+02
1.354359741210937500e+02 1.481364746093750000e+02 1.205361328125000000e+02
1.354317626953125000e+02 1.483903808593750000e+02 1.206662597656250000e+02
1.351868286132812500e+02 1.482088012695312500e+02 1.203870239257812500e+02
1.352360229492187500e+02 1.483087158203125000e+02 1.203545532226562500e+02
1.351981201171875000e+02 1.482255249023437500e+02 1.202845458984375000e+02
1.356296997070312500e+02 1.483999633789062500e+02 1.205949096679687500e+02
1.354777832031250000e+02 1.482703857421875000e+02 1.205229492187500000e+02
1.356414794921875000e+02 1.484223632812500000e+02 1.206785888671875000e+02
1.355659790039062500e+02 1.482806396484375000e+02 1.205330200195312500e+02
1.357338867187500000e+02 1.484688720703125000e+02 1.207879028320312500e+02
1.355606079101562500e+02 1.483442382812500000e+02 1.205651245117187500e+02
1.355426025390625000e+02 1.483572387695312500e+02 1.209236450195312500e+02
1.353743896484375000e+02 1.481853637695312500e+02 1.206329345703125000e+02
1.356415405273437500e+02 1.483923339843750000e+02 1.208866577148437500e+02
1.356411132812500000e+02 1.483703002929687500e+02 1.208520507812500000e+02
1.357056274414062500e+02 1.484049682617187500e+02 1.210560913085937500e+02
1.357208862304687500e+02 1.483862304687500000e+02 1.211011962890625000e+02
1.358443603515625000e+02 1.484871215820312500e+02 1.212098388671875000e+02
1.357088623046875000e+02 1.484050292968750000e+02 1.212591552734375000e+02
1.358361816406250000e+02 1.485333862304687500e+02 1.213688354492187500e+02
1.357006225585937500e+02 1.484611206054687500e+02 1.213251953125000000e+02
1.357871704101562500e+02 1.485401611328125000e+02 1.214437255859375000e+02
1.357674560546875000e+02 1.485083618164062500e+02 1.215029296875000000e+02
1.359000854492187500e+02 1.485906982421875000e+02 1.217324829101562500e+02
1.357676391601562500e+02 1.485150146484375000e+02 1.214596557617187500e+02
1.357600097656250000e+02 1.485975952148437500e+02 1.214390869140625000e+02
1.355123901367187500e+02 1.484641723632812500e+02 1.211892089843750000e+02
1.355595092773437500e+02 1.485436401367187500e+02 1.211973266601562500e+02
1.355551757812500000e+02 1.485222167968750000e+02 1.212132568359375000e+02
1.356023559570312500e+02 1.485978393554687500e+02 1.212084350585937500e+02
1.354617919921875000e+02 1.485374755859375000e+02 1.212441406250000000e+02
1.354658203125000000e+02 1.485862426757812500e+02 1.212353515625000000e+02
1.354550170898437500e+02 1.486146850585937500e+02 1.211885986328125000e+02
1.354584960937500000e+02 1.486249389648437500e+02 1.211201782226562500e+02
1.356885375976562500e+02 1.486902465820312500e+02 1.212521972656250000e+02
1.358772583007812500e+02 1.487348632812500000e+02 1.214083862304687500e+02
1.359273681640625000e+02 1.487546386718750000e+02 1.213484497070312500e+02
1.361814575195312500e+02 1.487725830078125000e+02 1.214174804687500000e+02
1.361752319335937500e+02 1.487141113281250000e+02 1.213068237304687500e+02
1.361765747070312500e+02 1.488048095703125000e+02 1.213633422851562500e+02
1.362158813476562500e+02 1.486773071289062500e+02 1.213319091796875000e+02
1.361289672851562500e+02 1.486964721679687500e+02 1.212492065429687500e+02
1.360140380859375000e+02 1.485102539062500000e+02 1.211220703125000000e+02
1.360764770507812500e+02 1.485710449218750000e+02 1.212290649414062500e+02
1.360590209960937500e+02 1.485856933593750000e+02 1.212198486328125000e+02
1.360086059570312500e+02 1.485991210937500000e+02 1.211785278320312500e+02
1.359880981445312500e+02 1.485220947265625000e+02 1.211492309570312500e+02
1.360755615234375000e+02 1.485595703125000000e+02 1.212407226562500000e+02
1.361024780273437500e+02 1.485269165039062500e+02 1.213201293945312500e+02
1.361454467773437500e+02 1.485760498046875000e+02 1.213154907226562500e+02
1.360797729492187500e+02 1.486124267578125000e+02 1.214159545898437500e+02
1.360021362304687500e+02 1.487262573242187500e+02 1.215731201171875000e+02
1.359191284179687500e+02 1.487318115234375000e+02 1.214974975585937500e+02
1.358889770507812500e+02 1.487298583984375000e+02 1.214790039062500000e+02
1.355975952148437500e+02 1.487338256835937500e+02 1.215840454101562500e+02
1.353901977539062500e+02 1.487481079101562500e+02 1.216136474609375000e+02
1.352431030273437500e+02 1.488724975585937500e+02 1.217098999023437500e+02
1.351876831054687500e+02 1.488850708007812500e+02 1.217134399414062500e+02
1.352775268554687500e+02 1.489303588867187500e+02 1.218186645507812500e+02
1.351375732421875000e+02 1.488917236328125000e+02 1.216582641601562500e+02
1.352741088867187500e+02 1.489583129882812500e+02 1.214705810546875000e+02
1.352720947265625000e+02 1.489070434570312500e+02 1.213782348632812500e+02
1.353073120117187500e+02 1.489810180664062500e+02 1.213380126953125000e+02
1.354596557617187500e+02 1.490322265625000000e+02 1.214904174804687500e+02
1.354437255859375000e+02 1.490700073242187500e+02 1.213470458984375000e+02
1.353885498046875000e+02 1.489830322265625000e+02 1.212635498046875000e+02
1.355000000000000000e+02 1.490026245117187500e+02 1.212792358398437500e+02
1.354602661132812500e+02 1.489921264648437500e+02 1.211730957031250000e+02
1.355614624023437500e+02 1.490704956054687500e+02 1.212765502929687500e+02
1.355764160156250000e+02 1.490070800781250000e+02 1.215518188476562500e+02
1.356315917968750000e+02 1.489502563476562500e+02 1.217442016601562500e+02
1.356783447265625000e+02 1.488422241210937500e+02 1.221222534179687500e+02
1.357550048828125000e+02 1.489141845703125000e+02 1.221381835937500000e+02
1.357129516601562500e+02 1.489058837890625000e+02 1.221995849609375000e+02
1.355009155273437500e+02 1.489959106445312500e+02 1.217974243164062500e+02
1.353069458007812500e+02 1.492242431640625000e+02 1.212857055664062500e+02
1.353395385742187500e+02 1.493159790039062500e+02 1.212391967773437500e+02
1.351779174804687500e+02 1.492150878906250000e+02 1.211196899414062500e+02
1.350907592773437500e+02 1.492236328125000000e+02 1.209611206054687500e+02
1.353086547851562500e+02 1.492820434570312500e+02 1.212298583984375000e+02
1.356701660156250000e+02 1.491521606445312500e+02 1.214133911132812500e+02
1.358823852539062500e+02 1.489378662109375000e+02 1.216276855468750000e+02
1.359437255859375000e+02 1.489828491210937500e+02 1.218239135742187500e+02
1.359262695312500000e+02 1.488422851562500000e+02 1.218472290039062500e+02
1.359662475585937500e+02 1.487655639648437500e+02 1.218051757812500000e+02
1.358129882812500000e+02 1.486927490234375000e+02 1.217066040039062500e+02
1.357544555664062500e+02 1.487698974609375000e+02 1.215989379882812500e+02
1.356334838867187500e+02 1.486585083007812500e+02 1.215574951171875000e+02
1.357634277343750000e+02 1.487272338867187500e+02 1.216923828125000000e+02
1.351440429687500000e+02 1.488265380859375000e+02 1.213946533203125000e+02
1.348957519531250000e+02 1.488860473632812500e+02 1.214345092773437500e+02
1.346833496093750000e+02 1.489333496093750000e+02 1.212730712890625000e+02
1.345466918945312500e+02 1.490650024414062500e+02 1.212785034179687500e+02
1.344716796875000000e+02 1.490834350585937500e+02 1.212411499023437500e+02
1.346873168945312500e+02 1.490861206054687500e+02 1.211845092773437500e+02
1.348058471679687500e+02 1.490673217773437500e+02 1.208485107421875000e+02
1.349948730468750000e+02 1.491696777343750000e+02 1.207748413085937500e+02
1.349537963867187500e+02 1.489572753906250000e+02 1.205874023437500000e+02
1.351176757812500000e+02 1.490307006835937500e+02 1.207019653320312500e+02
1.351234130859375000e+02 1.490803833007812500e+02 1.209512329101562500e+02
1.352329711914062500e+02 1.491494140625000000e+02 1.211426391601562500e+02
1.351912841796875000e+02 1.490488891601562500e+02 1.211665039062500000e+02
1.352495727539062500e+02 1.491090087890625000e+02 1.214722290039062500e+02
1.352260742187500000e+02 1.490556030273437500e+02 1.215175781250000000e+02
1.353287353515625000e+02 1.491380004882812500e+02 1.216038818359375000e+02
1.352429809570312500e+02 1.489840698242187500e+02 1.215142822265625000e+02
1.354268798828125000e+02 1.491951293945312500e+02 1.216632690429687500e+02
1.352358398437500000e+02 1.491729125976562500e+02 1.214737548828125000e+02
1.354394531250000000e+02 1.493184814453125000e+02 1.215757446289062500e+02
1.351430664062500000e+02 1.492250366210937500e+02 1.213506469726562500e+02
1.351138305664062500e+02 1.493878173828125000e+02 1.211697387695312500e+02
1.350173950195312500e+02 1.492815551757812500e+02 1.207966918945312500e+02
1.350864257812500000e+02 1.493837890625000000e+02 1.208705444335937500e+02
1.348776855468750000e+02 1.493529663085937500e+02 1.207352294921875000e+02
1.349264526367187500e+02 1.493546752929687500e+02 1.208641357421875000e+02
1.347362670898437500e+02 1.491742553710937500e+02 1.210346679687500000e+02
1.348642578125000000e+02 1.492673950195312500e+02 1.211758422851562500e+02
1.347449340820312500e+02 1.491502685546875000e+02 1.210360107421875000e+02
1.347933959960937500e+02 1.492156982421875000e+02 1.210957641601562500e+02
1.347132568359375000e+02 1.490682983398437500e+02 1.210808715820312500e+02
1.349781494140625000e+02 1.490172729492187500e+02 1.212496948242187500e+02
1.348597412109375000e+02 1.488928222656250000e+02 1.211368408203125000e+02
1.350671386718750000e+02 1.490244750976562500e+02 1.212542724609375000e+02
1.350343627929687500e+02 1.489050292968750000e+02 1.211151123046875000e+02
1.352818603515625000e+02 1.489239501953125000e+02 1.213131103515625000e+02
1.353040771484375000e+02 1.488242797851562500e+02 1.213375244140625000e+02
1.355132446289062500e+02 1.490292968750000000e+02 1.213587646484375000e+02
1.355262451171875000e+02 1.490695800781250000e+02 1.214247436523437500e+02
1.356434326171875000e+02 1.490762939453125000e+02 1.214912109375000000e+02
1.358013916015625000e+02 1.490590209960937500e+02 1.215325317382812500e+02
1.358570556640625000e+02 1.490711059570312500e+02 1.214882202148437500e+02
1.361165161132812500e+02 1.487010498046875000e+02 1.211831665039062500e+02
1.363626708984375000e+02 1.487528686523437500e+02 1.213038330078125000e+02
1.362981567382812500e+02 1.486876831054687500e+02 1.213448486328125000e+02
1.355689086914062500e+02 1.488639526367187500e+02 1.212728881835937500e+02
1.348511962890625000e+02 1.487962036132812500e+02 1.211591796875000000e+02
1.347640991210937500e+02 1.491162109375000000e+02 1.212722778320312500e+02
1.344442138671875000e+02 1.489057617187500000e+02 1.210622558593750000e+02
1.343426513671875000e+02 1.492089843750000000e+02 1.212492065429687500e+02
1.344091186523437500e+02 1.491077880859375000e+02 1.211620483398437500e+02
1.346513671875000000e+02 1.492701416015625000e+02 1.211907958984375000e+02
1.346931762695312500e+02 1.491246948242187500e+02 1.208856811523437500e+02
1.348963012695312500e+02 1.492353515625000000e+02 1.208596191406250000e+02
1.349245605468750000e+02 1.492381591796875000e+02 1.208893432617187500e+02
1.350326538085937500e+02 1.493151245117187500e+02 1.209453125000000000e+02
1.350061645507812500e+02 1.492377319335937500e+02 1.208914794921875000e+02
1.351947631835937500e+02 1.493833007812500000e+02 1.211527709960937500e+02
1.352004394531250000e+02 1.493382568359375000e+02 1.211137695312500000e+02
1.352609252929687500e+02 1.494390258789062500e+02 1.212525634765625000e+02
1.356200561523437500e+02 1.491704101562500000e+02 1.210369873046875000e+02
1.358659057617187500e+02 1.493258666992187500e+02 1.211307373046875000e+02
1.359149780273437500e+02 1.492192993164062500e+02 1.211439819335937500e+02
1.360975952148437500e+02 1.493786010742187500e+02 1.213061523437500000e+02
1.360122070312500000e+02 1.492182617187500000e+02 1.210093994140625000e+02
1.358886718750000000e+02 1.492214355468750000e+02 1.209722290039062500e+02
1.355031127929687500e+02 1.491307983398437500e+02 1.207699584960937500e+02
1.354685668945312500e+02 1.493357543945312500e+02 1.208103027343750000e+02
1.352492675781250000e+02 1.491986083984375000e+02 1.207200317382812500e+02
1.352642822265625000e+02 1.493786621093750000e+02 1.209577026367187500e+02
1.353446655273437500e+02 1.492426147460937500e+02 1.209454956054687500e+02
1.355288696289062500e+02 1.493216552734375000e+02 1.211821289062500000e+02
1.356099243164062500e+02 1.491916503906250000e+02 1.210305175781250000e+02
1.357175903320312500e+02 1.493389282226562500e+02 1.211765747070312500e+02
1.358068237304687500e+02 1.492512817382812500e+02 1.211745605468750000e+02
1.358203735351562500e+02 1.492937622070312500e+02 1.212049560546875000e+02
1.356445922851562500e+02 1.491656494140625000e+02 1.211893920898437500e+02
1.356320190429687500e+02 1.494730224609375000e+02 1.213673706054687500e+02
1.354884643554687500e+02 1.492659301757812500e+02 1.212003173828125000e+02
1.356949462890625000e+02 1.494472045898437500e+02 1.213913574218750000e+02
1.352366943359375000e+02 1.493816528320312500e+02 1.214768676757812500e+02
1.351263427734375000e+02 1.494757080078125000e+02 1.214993286132812500e+02
1.348969116210937500e+02 1.494496459960937500e+02 1.215081176757812500e+02
1.349575195312500000e+02 1.496192626953125000e+02 1.215055541992187500e+02
1.347531127929687500e+02 1.496230468750000000e+02 1.215347900390625000e+02
1.347662353515625000e+02 1.497729492187500000e+02 1.215838012695312500e+02
1.345205688476562500e+02 1.496297607421875000e+02 1.213063354492187500e+02
1.345320434570312500e+02 1.498278808593750000e+02 1.214390258789062500e+02
1.343510131835937500e+02 1.497092285156250000e+02 1.212367553710937500e+02
1.345416259765625000e+02 1.499550781250000000e+02 1.212980957031250000e+02
1.343834228515625000e+02 1.497661743164062500e+02 1.213396606445312500e+02
1.344587402343750000e+02 1.499570312500000000e+02 1.214788818359375000e+02
1.343051757812500000e+02 1.497325439453125000e+02 1.213730468750000000e+02
1.344627075195312500e+02 1.498839721679687500e+02 1.217386474609375000e+02
1.343388061523437500e+02 1.498174438476562500e+02 1.216179809570312500e+02
1.340952148437500000e+02 1.500458984375000000e+02 1.217200927734375000e+02
1.338242187500000000e+02 1.499938354492187500e+02 1.216647338867187500e+02
1.335790405273437500e+02 1.501616210937500000e+02 1.216072387695312500e+02
1.334594116210937500e+02 1.501265869140625000e+02 1.215432739257812500e+02
1.335064697265625000e+02 1.502608032226562500e+02 1.216470336914062500e+02
1.336609497070312500e+02 1.502557373046875000e+02 1.217023315429687500e+02
1.340375976562500000e+02 1.502093505859375000e+02 1.218754272460937500e+02
1.342691650390625000e+02 1.499135742187500000e+02 1.221766967773437500e+02
1.344370117187500000e+02 1.500141601562500000e+02 1.222733154296875000e+02
1.343735351562500000e+02 1.499081420898437500e+02 1.221390380859375000e+02
1.344367675781250000e+02 1.499931030273437500e+02 1.218945312500000000e+02
1.346220703125000000e+02 1.499401245117187500e+02 1.218118896484375000e+02
1.347808227539062500e+02 1.500085449218750000e+02 1.218089599609375000e+02
1.347944335937500000e+02 1.499005126953125000e+02 1.218318481445312500e+02
1.348562622070312500e+02 1.500005493164062500e+02 1.219009399414062500e+02
1.346333007812500000e+02 1.498068237304687500e+02 1.214760742187500000e+02
1.345399169921875000e+02 1.499519653320312500e+02 1.215259399414062500e+02
1.343934326171875000e+02 1.498504638671875000e+02 1.211234130859375000e+02
1.345756835937500000e+02 1.500187988281250000e+02 1.213240356445312500e+02
1.345026855468750000e+02 1.499693603515625000e+02 1.212476196289062500e+02
1.347002563476562500e+02 1.501075439453125000e+02 1.214609375000000000e+02
1.347078247070312500e+02 1.499736328125000000e+02 1.219007568359375000e+02
1.349099121093750000e+02 1.500984497070312500e+02 1.219833984375000000e+02
1.349411621093750000e+02 1.499920654296875000e+02 1.221563110351562500e+02
1.350133056640625000e+02 1.500308227539062500e+02 1.223099975585937500e+02
1.346894531250000000e+02 1.499216308593750000e+02 1.218858032226562500e+02
1.342957763671875000e+02 1.501399536132812500e+02 1.215538940429687500e+02
1.341279907226562500e+02 1.500178222656250000e+02 1.212476806640625000e+02
1.341372070312500000e+02 1.503575439453125000e+02 1.214074707031250000e+02
1.339750976562500000e+02 1.502731933593750000e+02 1.212522583007812500e+02
1.341583862304687500e+02 1.504160766601562500e+02 1.214738769531250000e+02
1.342877807617187500e+02 1.503515014648437500e+02 1.215414428710937500e+02
1.343682861328125000e+02 1.504713745117187500e+02 1.216010131835937500e+02
1.342699584960937500e+02 1.503597412109375000e+02 1.215147705078125000e+02
1.344210205078125000e+02 1.505076904296875000e+02 1.215256347656250000e+02
1.342099609375000000e+02 1.504544067382812500e+02 1.214135742187500000e+02
1.341422119140625000e+02 1.505422973632812500e+02 1.215227050781250000e+02
1.340753784179687500e+02 1.505130004882812500e+02 1.214806518554687500e+02
1.342042846679687500e+02 1.506518554687500000e+02 1.216921997070312500e+02
1.340598754882812500e+02 1.504966430664062500e+02 1.215122680664062500e+02
1.343281860351562500e+02 1.506973876953125000e+02 1.215748901367187500e+02
1.342836914062500000e+02 1.505339355468750000e+02 1.216034545898437500e+02
1.344489746093750000e+02 1.505960693359375000e+02 1.217374267578125000e+02
1.345089111328125000e+02 1.505593872070312500e+02 1.217287597656250000e+02
1.345557250976562500e+02 1.506320800781250000e+02 1.218104858398437500e+02
1.344943237304687500e+02 1.505437011718750000e+02 1.216968383789062500e+02
1.345123901367187500e+02 1.505310058593750000e+02 1.216219482421875000e+02
1.345324707031250000e+02 1.504271240234375000e+02 1.214003906250000000e+02
1.344837036132812500e+02 1.503308105468750000e+02 1.212968139648437500e+02
1.342903442382812500e+02 1.501450805664062500e+02 1.210245971679687500e+02
1.341313476562500000e+02 1.502066650390625000e+02 1.213627929687500000e+02
1.338342895507812500e+02 1.500661621093750000e+02 1.213147583007812500e+02
1.336586303710937500e+02 1.501426391601562500e+02 1.215295410156250000e+02
1.335891113281250000e+02 1.500540771484375000e+02 1.217193603515625000e+02
1.336170043945312500e+02 1.501067504882812500e+02 1.217219238281250000e+02
1.335651245117187500e+02 1.500512695312500000e+02 1.217564086914062500e+02
1.336173706054687500e+02 1.501351318359375000e+02 1.217495117187500000e+02
1.336226196289062500e+02 1.501724853515625000e+02 1.216970825195312500e+02
1.337335815429687500e+02 1.502522583007812500e+02 1.217878417968750000e+02
1.336431884765625000e+02 1.501552734375000000e+02 1.215952758789062500e+02
1.336697387695312500e+02 1.501845092773437500e+02 1.217154541015625000e+02
1.335119018554687500e+02 1.501372070312500000e+02 1.216154785156250000e+02
1.334616088867187500e+02 1.501939697265625000e+02 1.217925415039062500e+02
1.334594726562500000e+02 1.501677246093750000e+02 1.218328857421875000e+02
1.334822387695312500e+02 1.501908569335937500e+02 1.218787231445312500e+02
1.335774536132812500e+02 1.501459960937500000e+02 1.217278442382812500e+02
1.337625732421875000e+02 1.502523803710937500e+02 1.216766967773437500e+02
1.339636230468750000e+02 1.501143798828125000e+02 1.211170654296875000e+02
1.340574340820312500e+02 1.502752075195312500e+02 1.209834594726562500e+02
1.341834716796875000e+02 1.502761230468750000e+02 1.210892333984375000e+02
1.343214111328125000e+02 1.502893676757812500e+02 1.213071899414062500e+02
1.346763916015625000e+02 1.503148803710937500e+02 1.213725585937500000e+02
1.347804565429687500e+02 1.502698364257812500e+02 1.214700927734375000e+02
1.349244995117187500e+02 1.502394409179687500e+02 1.216494140625000000e+02
1.349813842773437500e+02 1.502470703125000000e+02 1.216934814453125000e+02
1.344963989257812500e+02 1.502327270507812500e+02 1.213967895507812500e+02
1.342184448242187500e+02 1.502859497070312500e+02 1.212462768554687500e+02
1.338065185546875000e+02 1.503803100585937500e+02 1.210441894531250000e+02
1.336479492187500000e+02 1.504567260742187500e+02 1.209548950195312500e+02
1.335729980468750000e+02 1.504677734375000000e+02 1.207521362304687500e+02
1.336629028320312500e+02 1.504655761718750000e+02 1.209763183593750000e+02
1.338342285156250000e+02 1.505079345703125000e+02 1.210776367187500000e+02
1.338868408203125000e+02 1.504437255859375000e+02 1.210581054687500000e+02
1.340266723632812500e+02 1.504937133789062500e+02 1.210473632812500000e+02
1.340996704101562500e+02 1.504494018554687500e+02 1.211712646484375000e+02
1.340374145507812500e+02 1.503630981445312500e+02 1.211910400390625000e+02
1.339752807617187500e+02 1.502070312500000000e+02 1.212295532226562500e+02
1.339005126953125000e+02 1.502662963867187500e+02 1.212142944335937500e+02
1.338823852539062500e+02 1.502054443359375000e+02 1.211635742187500000e+02
1.338662109375000000e+02 1.501558837890625000e+02 1.212242431640625000e+02
1.338528442382812500e+02 1.500438842773437500e+02 1.212194824218750000e+02
1.337879028320312500e+02 1.500191650390625000e+02 1.210631713867187500e+02
1.338017578125000000e+02 1.501354370117187500e+02 1.211087036132812500e+02
1.337789306640625000e+02 1.501179199218750000e+02 1.210019531250000000e+02
1.337453613281250000e+02 1.500735473632812500e+02 1.210525512695312500e+02
1.338872680664062500e+02 1.501935424804687500e+02 1.209471435546875000e+02
1.338795166015625000e+02 1.501701660156250000e+02 1.208439331054687500e+02
1.340186767578125000e+02 1.502375488281250000e+02 1.208540649414062500e+02
1.340508422851562500e+02 1.502358398437500000e+02 1.206973876953125000e+02
1.340563964843750000e+02 1.502172241210937500e+02 1.206077880859375000e+02
1.340103149414062500e+02 1.502244873046875000e+02 1.207360839843750000e+02
1.340321044921875000e+02 1.501997680664062500e+02 1.207272949218750000e+02
1.339104614257812500e+02 1.501314697265625000e+02 1.207426757812500000e+02
1.340279541015625000e+02 1.502401733398437500e+02 1.210111694335937500e+02
1.339752197265625000e+02 1.501336059570312500e+02 1.212070922851562500e+02
1.341057128906250000e+02 1.502519531250000000e+02 1.214249877929687500e+02
1.341301269531250000e+02 1.502256469726562500e+02 1.214620361328125000e+02
1.342298583984375000e+02 1.502797851562500000e+02 1.214675903320312500e+02
1.342317504882812500e+02 1.503115234375000000e+02 1.214200439453125000e+02
1.342514648437500000e+02 1.503229980468750000e+02 1.214151000976562500e+02
1.342908935546875000e+02 1.502777099609375000e+02 1.213945922851562500e+02
1.343311767578125000e+02 1.502424316406250000e+02 1.214389648437500000e+02
1.343839721679687500e+02 1.502693481445312500e+02 1.215740966796875000e+02
1.344343872070312500e+02 1.502502441406250000e+02 1.218267822265625000e+02
1.344639282226562500e+02 1.501935424804687500e+02 1.220292358398437500e+02
1.341373291015625000e+02 1.501434326171875000e+02 1.215919189453125000e+02
1.337901611328125000e+02 1.500807495117187500e+02 1.212943725585937500e+02
1.336572875976562500e+02 1.503051147460937500e+02 1.212122192382812500e+02
1.336077880859375000e+02 1.501956787109375000e+02 1.207915039062500000e+02
1.335806274414062500e+02 1.503510131835937500e+02 1.208698730468750000e+02
1.334979858398437500e+02 1.503077392578125000e+02 1.207937622070312500e+02
1.337058105468750000e+02 1.503696899414062500e+02 1.208654174804687500e+02
1.336177978515625000e+02 1.501836547851562500e+02 1.206866455078125000e+02
1.337182617187500000e+02 1.502025146484375000e+02 1.206456298828125000e+02
1.336505126953125000e+02 1.500662841796875000e+02 1.204844970703125000e+02
1.338345336914062500e+02 1.501474609375000000e+02 1.204026489257812500e+02
1.337913818359375000e+02 1.500181274414062500e+02 1.203568725585937500e+02
1.337875366210937500e+02 1.500982055664062500e+02 1.201644897460937500e+02
1.338356323242187500e+02 1.500792236328125000e+02 1.203038330078125000e+02
1.339209594726562500e+02 1.501725463867187500e+02 1.202666015625000000e+02
1.339230346679687500e+02 1.500219116210937500e+02 1.204776000976562500e+02
1.340975341796875000e+02 1.501194458007812500e+02 1.209577026367187500e+02
1.340509643554687500e+02 1.500065917968750000e+02 1.210551757812500000e+02
1.341063842773437500e+02 1.500327758789062500e+02 1.211729736328125000e+02
1.340464477539062500e+02 1.498871459960937500e+02 1.211372070312500000e+02
1.341170654296875000e+02 1.500300292968750000e+02 1.211284790039062500e+02
1.338140869140625000e+02 1.498418579101562500e+02 1.209581298828125000e+02
1.339293212890625000e+02 1.500348510742187500e+02 1.210322875976562500e+02
1.338700561523437500e+02 1.498896484375000000e+02 1.209140014648437500e+02
1.339839477539062500e+02 1.500462036132812500e+02 1.209213867187500000e+02
1.338639526367187500e+02 1.500211181640625000e+02 1.205932617187500000e+02
1.339008789062500000e+02 1.501195678710937500e+02 1.206442871093750000e+02
1.339139404296875000e+02 1.500644531250000000e+02 1.206721801757812500e+02
1.339896240234375000e+02 1.501558837890625000e+02 1.206879882812500000e+02
1.338640747070312500e+02 1.499802246093750000e+02 1.205894165039062500e+02
1.341030273437500000e+02 1.501088867187500000e+02 1.208947143554687500e+02
1.341051635742187500e+02 1.500256347656250000e+02 1.209193115234375000e+02
1.342720947265625000e+02 1.501046142578125000e+02 1.210838012695312500e+02
1.342487182617187500e+02 1.501123046875000000e+02 1.211392822265625000e+02
1.344069824218750000e+02 1.501209716796875000e+02 1.213819580078125000e+02
1.344544677734375000e+02 1.501210327148437500e+02 1.211612548828125000e+02
1.345977172851562500e+02 1.501626586914062500e+02 1.209640502929687500e+02
1.345948486328125000e+02 1.500274658203125000e+02 1.207606201171875000e+02
1.347486572265625000e+02 1.501606445312500000e+02 1.208729858398437500e+02
1.347020263671875000e+02 1.500745239257812500e+02 1.208021240234375000e+02
1.349466552734375000e+02 1.502447509765625000e+02 1.209533691406250000e+02
1.349752807617187500e+02 1.501195678710937500e+02 1.211968994140625000e+02
1.350326538085937500e+02 1.500724487304687500e+02 1.213918457031250000e+02
1.349531860351562500e+02 1.499505615234375000e+02 1.213372192382812500e+02
1.350375366210937500e+02 1.499519042968750000e+02 1.212971801757812500e+02
1.347137451171875000e+02 1.497221679687500000e+02 1.206491088867187500e+02
1.347542724609375000e+02 1.498382568359375000e+02 1.201764526367187500e+02
1.346333618164062500e+02 1.497108764648437500e+02 1.200122680664062500e+02
1.347778320312500000e+02 1.498572998046875000e+02 1.199842529296875000e+02
1.347243041992187500e+02 1.497305297851562500e+02 1.197545166015625000e+02
1.349573974609375000e+02 1.498148193359375000e+02 1.202626953125000000e+02
1.349213256835937500e+02 1.496339111328125000e+02 1.204048461914062500e+02
1.352017822265625000e+02 1.497098388671875000e+02 1.207498168945312500e+02
1.351236572265625000e+02 1.496741943359375000e+02 1.207799072265625000e+02
1.353077392578125000e+02 1.497786254882812500e+02 1.208999023437500000e+02
1.353182983398437500e+02 1.495305786132812500e+02 1.207735595703125000e+02
1.356326904296875000e+02 1.495696411132812500e+02 1.208787231445312500e+02
1.355948486328125000e+02 1.493897705078125000e+02 1.204846191406250000e+02
1.357753295898437500e+02 1.495213623046875000e+02 1.206865234375000000e+02
1.356976928710937500e+02 1.493292236328125000e+02 1.204638671875000000e+02
1.358969116210937500e+02 1.495056152343750000e+02 1.205708618164062500e+02
1.358242187500000000e+02 1.493755493164062500e+02 1.203968505859375000e+02
1.360159301757812500e+02 1.494924316406250000e+02 1.205472412109375000e+02
1.359285278320312500e+02 1.493040161132812500e+02 1.204124755859375000e+02
1.361458740234375000e+02 1.495047607421875000e+02 1.204586791992187500e+02
1.357257690429687500e+02 1.493148193359375000e+02 1.202751464843750000e+02
1.356604614257812500e+02 1.494910888671875000e+02 1.203835449218750000e+02
1.352199707031250000e+02 1.494612426757812500e+02 1.202393188476562500e+02
1.351634521484375000e+02 1.497290039062500000e+02 1.203850708007812500e+02
1.348001708984375000e+02 1.496383666992187500e+02 1.201174316406250000e+02
1.353237304687500000e+02 1.496206054687500000e+02 1.202775878906250000e+02
1.353280639648437500e+02 1.495096435546875000e+02 1.201126098632812500e+02
1.358305053710937500e+02 1.495402221679687500e+02 1.200051269531250000e+02
1.357838745117187500e+02 1.494621582031250000e+02 1.199108276367187500e+02
1.358368530273437500e+02 1.495851440429687500e+02 1.197806396484375000e+02
1.353904418945312500e+02 1.495064086914062500e+02 1.203478393554687500e+02
1.351507568359375000e+02 1.497882690429687500e+02 1.207302856445312500e+02
1.349075317382812500e+02 1.496582641601562500e+02 1.209970092773437500e+02
1.348919067382812500e+02 1.497261352539062500e+02 1.211967773437500000e+02
1.346502685546875000e+02 1.496642456054687500e+02 1.211126098632812500e+02
1.350438232421875000e+02 1.497062988281250000e+02 1.212483520507812500e+02
1.351833496093750000e+02 1.495275878906250000e+02 1.210679321289062500e+02
1.354204101562500000e+02 1.495046997070312500e+02 1.211008911132812500e+02
1.354562377929687500e+02 1.492804565429687500e+02 1.207507324218750000e+02
1.356292114257812500e+02 1.492805786132812500e+02 1.209119262695312500e+02
1.354043579101562500e+02 1.490414428710937500e+02 1.204062500000000000e+02
1.353800659179687500e+02 1.491231079101562500e+02 1.202699584960937500e+02
1.351589965820312500e+02 1.489924926757812500e+02 1.199613037109375000e+02
1.352595825195312500e+02 1.491751098632812500e+02 1.199790039062500000e+02
1.351420898437500000e+02 1.490880126953125000e+02 1.197296142578125000e+02
1.352933959960937500e+02 1.491785278320312500e+02 1.198965454101562500e+02
1.351711425781250000e+02 1.490232543945312500e+02 1.199130249023437500e+02
1.353176879882812500e+02 1.491437988281250000e+02 1.200913696289062500e+02
1.353261718750000000e+02 1.489963989257812500e+02 1.200767822265625000e+02
1.353576049804687500e+02 1.490606689453125000e+02 1.202393798828125000e+02
1.355472412109375000e+02 1.490526123046875000e+02 1.202915649414062500e+02
1.361739501953125000e+02 1.490321044921875000e+02 1.204711303710937500e+02
1.363573608398437500e+02 1.488643798828125000e+02 1.203872070312500000e+02
1.367225341796875000e+02 1.489384765625000000e+02 1.206265869140625000e+02
1.366440429687500000e+02 1.487511596679687500e+02 1.204450073242187500e+02
1.366906738281250000e+02 1.487904052734375000e+02 1.204835205078125000e+02
1.363651733398437500e+02 1.488339233398437500e+02 1.206919555664062500e+02
1.364866333007812500e+02 1.489197387695312500e+02 1.211740722656250000e+02
1.364110717773437500e+02 1.487706298828125000e+02 1.210516357421875000e+02
1.364736938476562500e+02 1.488801269531250000e+02 1.211426391601562500e+02
1.361111450195312500e+02 1.489191284179687500e+02 1.208477783203125000e+02
1.358030395507812500e+02 1.490072021484375000e+02 1.207875366210937500e+02
1.355736083984375000e+02 1.489101562500000000e+02 1.203903198242187500e+02
1.356329345703125000e+02 1.491580200195312500e+02 1.203223876953125000e+02
1.354669799804687500e+02 1.490344848632812500e+02 1.201312255859375000e+02
1.358319091796875000e+02 1.491942138671875000e+02 1.203754882812500000e+02
1.360750122070312500e+02 1.490208129882812500e+02 1.202372436523437500e+02
1.363373413085937500e+02 1.491334838867187500e+02 1.202739868164062500e+02
1.363178710937500000e+02 1.490028686523437500e+02 1.202374267578125000e+02
1.366089477539062500e+02 1.491501464843750000e+02 1.204219360351562500e+02
1.366503295898437500e+02 1.489769897460937500e+02 1.206147460937500000e+02
1.366876831054687500e+02 1.490566406250000000e+02 1.206276245117187500e+02
1.366411132812500000e+02 1.490346069335937500e+02 1.205852050781250000e+02
1.366767578125000000e+02 1.491118774414062500e+02 1.205959472656250000e+02
1.365922241210937500e+02 1.489475097656250000e+02 1.205219726562500000e+02
1.366638183593750000e+02 1.490328369140625000e+02 1.206189575195312500e+02
1.365072021484375000e+02 1.487423706054687500e+02 1.203405761718750000e+02
1.366822509765625000e+02 1.488678588867187500e+02 1.204655151367187500e+02
1.366293945312500000e+02 1.486881103515625000e+02 1.203088989257812500e+02
1.367639160156250000e+02 1.488544311523437500e+02 1.203911132812500000e+02
1.361212768554687500e+02 1.487802734375000000e+02 1.202611694335937500e+02
1.357422485351562500e+02 1.489302978515625000e+02 1.204870605468750000e+02
1.353936157226562500e+02 1.488980712890625000e+02 1.202982177734375000e+02
1.353865356445312500e+02 1.491162719726562500e+02 1.203778686523437500e+02
1.351901245117187500e+02 1.489760131835937500e+02 1.202088623046875000e+02
1.355047607421875000e+02 1.491832275390625000e+02 1.204702148437500000e+02
1.358953857421875000e+02 1.489584960937500000e+02 1.202614135742187500e+02
1.363385009765625000e+02 1.489932861328125000e+02 1.205381469726562500e+02
1.362656860351562500e+02 1.488402099609375000e+02 1.205887451171875000e+02
1.365523681640625000e+02 1.489923095703125000e+02 1.206580810546875000e+02
1.363184204101562500e+02 1.488648071289062500e+02 1.204265136718750000e+02
1.362731323242187500e+02 1.490989379882812500e+02 1.205830688476562500e+02
1.360663452148437500e+02 1.489982299804687500e+02 1.205675659179687500e+02
1.361582641601562500e+02 1.491111450195312500e+02 1.208030395507812500e+02
1.360067138671875000e+02 1.490994262695312500e+02 1.207266235351562500e+02
1.360082397460937500e+02 1.491804809570312500e+02 1.207198486328125000e+02
1.359450073242187500e+02 1.490892333984375000e+02 1.206659545898437500e+02
1.360595703125000000e+02 1.491638793945312500e+02 1.208014526367187500e+02
1.360476684570312500e+02 1.491114501953125000e+02 1.207337646484375000e+02
1.360986328125000000e+02 1.492406616210937500e+02 1.207851562500000000e+02
1.358565673828125000e+02 1.492190551757812500e+02 1.207587280273437500e+02
1.356375122070312500e+02 1.495007934570312500e+02 1.208356323242187500e+02
1.354888305664062500e+02 1.494916381835937500e+02 1.207597656250000000e+02
1.354496459960937500e+02 1.495731811523437500e+02 1.208322753906250000e+02
1.353090209960937500e+02 1.495815429687500000e+02 1.207980957031250000e+02
1.354077148437500000e+02 1.496013793945312500e+02 1.211679077148437500e+02
1.353731079101562500e+02 1.496166381835937500e+02 1.213419799804687500e+02
1.354131469726562500e+02 1.497511596679687500e+02 1.214264526367187500e+02
1.353948364257812500e+02 1.496594848632812500e+02 1.215311889648437500e+02
1.353892211914062500e+02 1.495622558593750000e+02 1.215758666992187500e+02
1.354102783203125000e+02 1.495086669921875000e+02 1.214058227539062500e+02
1.354687500000000000e+02 1.495339355468750000e+02 1.213615112304687500e+02
1.354568481445312500e+02 1.493215332031250000e+02 1.210940551757812500e+02
1.355820312500000000e+02 1.495057373046875000e+02 1.210748901367187500e+02
1.355828247070312500e+02 1.493848266601562500e+02 1.209318237304687500e+02
1.357882080078125000e+02 1.495131835937500000e+02 1.211789550781250000e+02
1.357441406250000000e+02 1.493298339843750000e+02 1.211365356445312500e+02
1.359547119140625000e+02 1.494808959960937500e+02 1.214568481445312500e+02
1.358775024414062500e+02 1.493488769531250000e+02 1.213846435546875000e+02
1.359494628906250000e+02 1.494561767578125000e+02 1.214436035156250000e+02
1.357985839843750000e+02 1.494750366210937500e+02 1.209661254882812500e+02
1.358734130859375000e+02 1.495593261718750000e+02 1.206557006835937500e+02
1.357636718750000000e+02 1.494198608398437500e+02 1.204001464843750000e+02
1.358714599609375000e+02 1.495800781250000000e+02 1.202508544921875000e+02
1.357742309570312500e+02 1.494672241210937500e+02 1.201411132812500000e+02
1.359783325195312500e+02 1.496194458007812500e+02 1.203030395507812500e+02
1.360374145507812500e+02 1.495810546875000000e+02 1.203583374023437500e+02
1.362066650390625000e+02 1.496501464843750000e+02 1.204728393554687500e+02
1.362329101562500000e+02 1.496290283203125000e+02 1.205576171875000000e+02
1.362286987304687500e+02 1.497129516601562500e+02 1.206425170898437500e+02
1.360838623046875000e+02 1.496213378906250000e+02 1.205568847656250000e+02
1.361284790039062500e+02 1.496437988281250000e+02 1.207024536132812500e+02
1.360259399414062500e+02 1.495671386718750000e+02 1.206361694335937500e+02
1.360194091796875000e+02 1.496212768554687500e+02 1.208062133789062500e+02
1.359542846679687500e+02 1.494459228515625000e+02 1.209105834960937500e+02
1.362731933593750000e+02 1.496030273437500000e+02 1.210706176757812500e+02
1.364985961914062500e+02 1.495526123046875000e+02 1.211049194335937500e+02
1.367974243164062500e+02 1.495929565429687500e+02 1.211488647460937500e+02
1.369649658203125000e+02 1.495735473632812500e+02 1.211415405273437500e+02
1.370334472656250000e+02 1.495764770507812500e+02 1.211754150390625000e+02
1.366168212890625000e+02 1.495438842773437500e+02 1.210097656250000000e+02
1.366415405273437500e+02 1.496686401367187500e+02 1.210693969726562500e+02
1.363786621093750000e+02 1.495936279296875000e+02 1.208930053710937500e+02
1.361582031250000000e+02 1.496689453125000000e+02 1.208737182617187500e+02
1.360018920898437500e+02 1.496909179687500000e+02 1.208571777343750000e+02
1.359837036132812500e+02 1.497449340820312500e+02 1.208247070312500000e+02
1.360212402343750000e+02 1.496781005859375000e+02 1.208497924804687500e+02
1.359194335937500000e+02 1.495816650390625000e+02 1.205849609375000000e+02
1.358936157226562500e+02 1.495270385742187500e+02 1.205164184570312500e+02
1.359321289062500000e+02 1.495830688476562500e+02 1.205125122070312500e+02
1.360378417968750000e+02 1.496454467773437500e+02 1.206912231445312500e+02
1.361306152343750000e+02 1.497456054687500000e+02 1.209463500976562500e+02
1.361452636718750000e+02 1.497203369140625000e+02 1.208831176757812500e+02
1.361652832031250000e+02 1.496765136718750000e+02 1.208143920898437500e+02
1.362282714843750000e+02 1.496994628906250000e+02 1.210827636718750000e+02
1.363389892578125000e+02 1.497197875976562500e+02 1.210478515625000000e+02
1.363425903320312500e+02 1.497275390625000000e+02 1.209996948242187500e+02
1.363640747070312500e+02 1.497453613281250000e+02 1.210497436523437500e+02
1.365399780273437500e+02 1.497501220703125000e+02 1.211615600585937500e+02
1.364990234375000000e+02 1.497144165039062500e+02 1.210828247070312500e+02
1.364490966796875000e+02 1.496735229492187500e+02 1.211104125976562500e+02
1.365635375976562500e+02 1.497729492187500000e+02 1.211837158203125000e+02
1.365656738281250000e+02 1.497308349609375000e+02 1.211998901367187500e+02
1.365369262695312500e+02 1.497775268554687500e+02 1.212548828125000000e+02
1.365682373046875000e+02 1.498507080078125000e+02 1.212851562500000000e+02
1.366766967773437500e+02 1.498784790039062500e+02 1.213434448242187500e+02
1.366522827148437500e+02 1.498565673828125000e+02 1.213328857421875000e+02
1.366820678710937500e+02 1.498682861328125000e+02 1.213679199218750000e+02
1.366951293945312500e+02 1.498430175781250000e+02 1.214028930664062500e+02
1.367091064453125000e+02 1.498314208984375000e+02 1.213831176757812500e+02
1.368103027343750000e+02 1.498898925781250000e+02 1.214109497070312500e+02
1.368135986328125000e+02 1.499091796875000000e+02 1.215012817382812500e+02
1.368555908203125000e+02 1.499246826171875000e+02 1.215458984375000000e+02
1.369763793945312500e+02 1.499287109375000000e+02 1.215477905273437500e+02
1.371656494140625000e+02 1.500198974609375000e+02 1.216861572265625000e+02
1.370737304687500000e+02 1.500269165039062500e+02 1.217313842773437500e+02
1.368403320312500000e+02 1.499620971679687500e+02 1.215453491210937500e+02
1.369116821289062500e+02 1.499907226562500000e+02 1.215381469726562500e+02
1.369137573242187500e+02 1.500804443359375000e+02 1.216669311523437500e+02
1.369294433593750000e+02 1.500720825195312500e+02 1.218202514648437500e+02
1.368133544921875000e+02 1.500407104492187500e+02 1.216083374023437500e+02
1.368557128906250000e+02 1.501208496093750000e+02 1.215253295898437500e+02
1.367562255859375000e+02 1.500282592773437500e+02 1.213301391601562500e+02
1.367630004882812500e+02 1.500047607421875000e+02 1.212583618164062500e+02
1.367708740234375000e+02 1.499533081054687500e+02 1.210294799804687500e+02
1.364249267578125000e+02 1.499114990234375000e+02 1.210559692382812500e+02
1.360615234375000000e+02 1.499901123046875000e+02 1.211931152343750000e+02
1.359814453125000000e+02 1.500117187500000000e+02 1.213283081054687500e+02
1.358052978515625000e+02 1.500200195312500000e+02 1.213255615234375000e+02
1.357928466796875000e+02 1.501339111328125000e+02 1.212552490234375000e+02
1.358646240234375000e+02 1.501166992187500000e+02 1.213640136718750000e+02
1.359114990234375000e+02 1.501998291015625000e+02 1.214091186523437500e+02
1.360644531250000000e+02 1.501901855468750000e+02 1.213637084960937500e+02
1.359902954101562500e+02 1.501163940429687500e+02 1.212278442382812500e+02
1.360742797851562500e+02 1.501607055664062500e+02 1.213910522460937500e+02
1.362402343750000000e+02 1.501194458007812500e+02 1.213411865234375000e+02
1.365714111328125000e+02 1.501567993164062500e+02 1.212806396484375000e+02
1.366359863281250000e+02 1.501054687500000000e+02 1.212593383789062500e+02
1.368529663085937500e+02 1.502113647460937500e+02 1.214160766601562500e+02
1.368911743164062500e+02 1.500582275390625000e+02 1.213919677734375000e+02
1.370934448242187500e+02 1.501575317382812500e+02 1.215744018554687500e+02
1.369244995117187500e+02 1.500244750976562500e+02 1.215805664062500000e+02
1.370137939453125000e+02 1.500758666992187500e+02 1.216605224609375000e+02
1.369937744140625000e+02 1.500651245117187500e+02 1.216210327148437500e+02
1.371274414062500000e+02 1.501716308593750000e+02 1.216967773437500000e+02
1.369606323242187500e+02 1.501010742187500000e+02 1.216540527343750000e+02
1.370228881835937500e+02 1.502477416992187500e+02 1.217213745117187500e+02
1.365970458984375000e+02 1.501947021484375000e+02 1.218416137695312500e+02
1.366516723632812500e+02 1.502508544921875000e+02 1.217681274414062500e+02
1.366318969726562500e+02 1.503626098632812500e+02 1.217019042968750000e+02
1.368258666992187500e+02 1.503828735351562500e+02 1.217756958007812500e+02
1.369011840820312500e+02 1.503568115234375000e+02 1.218548583984375000e+02
1.371221313476562500e+02 1.502693481445312500e+02 1.222868652343750000e+02
1.369954833984375000e+02 1.501685791015625000e+02 1.222537841796875000e+02
1.371311645507812500e+02 1.503436889648437500e+02 1.222811889648437500e+02
1.370014648437500000e+02 1.502243041992187500e+02 1.220239257812500000e+02
1.371611328125000000e+02 1.502899780273437500e+02 1.219525146484375000e+02
1.370081176757812500e+02 1.502049560546875000e+02 1.218262329101562500e+02
1.370665283203125000e+02 1.502722167968750000e+02 1.218528442382812500e+02
1.370356445312500000e+02 1.502094726562500000e+02 1.217974243164062500e+02
1.366111450195312500e+02 1.501564331054687500e+02 1.215731201171875000e+02
1.363153686523437500e+02 1.500492553710937500e+02 1.214045410156250000e+02
1.360106811523437500e+02 1.500769042968750000e+02 1.210216674804687500e+02
1.357801513671875000e+02 1.499280395507812500e+02 1.207660522460937500e+02
1.357467041015625000e+02 1.500703735351562500e+02 1.209199218750000000e+02
1.356908569335937500e+02 1.500001831054687500e+02 1.209486083984375000e+02
1.357446899414062500e+02 1.500888671875000000e+02 1.210822143554687500e+02
1.355997924804687500e+02 1.499588012695312500e+02 1.209100341796875000e+02
1.356749267578125000e+02 1.499887695312500000e+02 1.210578002929687500e+02
1.356382446289062500e+02 1.500166015625000000e+02 1.211159667968750000e+02
1.358537597656250000e+02 1.500323486328125000e+02 1.211030273437500000e+02
1.358671875000000000e+02 1.499619750976562500e+02 1.209805297851562500e+02
1.359300537109375000e+02 1.500099487304687500e+02 1.208214721679687500e+02
1.359512939453125000e+02 1.499710083007812500e+02 1.208120727539062500e+02
1.361719970703125000e+02 1.501310424804687500e+02 1.208870239257812500e+02
1.359410400390625000e+02 1.499843750000000000e+02 1.207547607421875000e+02
1.360754394531250000e+02 1.501213378906250000e+02 1.209789428710937500e+02
1.359241333007812500e+02 1.500022583007812500e+02 1.207855834960937500e+02
1.360016479492187500e+02 1.501499023437500000e+02 1.209330444335937500e+02
1.359838867187500000e+02 1.501160278320312500e+02 1.210110473632812500e+02
1.361798706054687500e+02 1.502432250976562500e+02 1.211727905273437500e+02
1.361555175781250000e+02 1.500660400390625000e+02 1.211187133789062500e+02
1.363433837890625000e+02 1.501098022460937500e+02 1.211802978515625000e+02
1.363062133789062500e+02 1.498870849609375000e+02 1.210592651367187500e+02
1.363811035156250000e+02 1.498395996093750000e+02 1.211679687500000000e+02
1.362430419921875000e+02 1.497471923828125000e+02 1.214584350585937500e+02
1.361528320312500000e+02 1.496655273437500000e+02 1.216954345703125000e+02
1.360252075195312500e+02 1.496722412109375000e+02 1.217302246093750000e+02
1.360613403320312500e+02 1.497196044921875000e+02 1.221333618164062500e+02
1.358224487304687500e+02 1.496258544921875000e+02 1.221032104492187500e+02
1.360443725585937500e+02 1.498302612304687500e+02 1.219688720703125000e+02
1.360179443359375000e+02 1.497565307617187500e+02 1.212543945312500000e+02
1.362186889648437500e+02 1.499117431640625000e+02 1.209705810546875000e+02
1.362293701171875000e+02 1.497156982421875000e+02 1.207969970703125000e+02
1.363338012695312500e+02 1.498143920898437500e+02 1.207998046875000000e+02
1.362274780273437500e+02 1.497351074218750000e+02 1.207832031250000000e+02
1.361896972656250000e+02 1.497003784179687500e+02 1.209082641601562500e+02
1.360275268554687500e+02 1.494340209960937500e+02 1.210477905273437500e+02
1.361068725585937500e+02 1.495291748046875000e+02 1.211872558593750000e+02
1.359806518554687500e+02 1.493247070312500000e+02 1.210988159179687500e+02
1.362661743164062500e+02 1.494509277343750000e+02 1.212649536132812500e+02
1.364335327148437500e+02 1.492406616210937500e+02 1.211161499023437500e+02
1.366683959960937500e+02 1.494053955078125000e+02 1.213244628906250000e+02
1.366345825195312500e+02 1.494650878906250000e+02 1.211555175781250000e+02
1.369654541015625000e+02 1.495207519531250000e+02 1.212140502929687500e+02
1.364542846679687500e+02 1.493226928710937500e+02 1.211426391601562500e+02
1.360548095703125000e+02 1.497299194335937500e+02 1.213918457031250000e+02
1.351874389648437500e+02 1.497337036132812500e+02 1.212438964843750000e+02
1.352564697265625000e+02 1.498307495117187500e+02 1.212755737304687500e+02
1.352384033203125000e+02 1.497765502929687500e+02 1.212670898437500000e+02
1.353941040039062500e+02 1.499982299804687500e+02 1.211027221679687500e+02
1.353580322265625000e+02 1.499664916992187500e+02 1.209072265625000000e+02
1.355157470703125000e+02 1.501032714843750000e+02 1.209108886718750000e+02
1.353671875000000000e+02 1.499705810546875000e+02 1.205944824218750000e+02
1.355944824218750000e+02 1.502072143554687500e+02 1.206145629882812500e+02
1.361520385742187500e+02 1.500103759765625000e+02 1.211209716796875000e+02
1.367329101562500000e+02 1.499575805664062500e+02 1.217216186523437500e+02
1.369688720703125000e+02 1.498755493164062500e+02 1.217698364257812500e+02
1.371710205078125000e+02 1.498541259765625000e+02 1.219588012695312500e+02
1.371144409179687500e+02 1.496762084960937500e+02 1.217684936523437500e+02
1.369313354492187500e+02 1.498422241210937500e+02 1.218403320312500000e+02
1.363817138671875000e+02 1.497672119140625000e+02 1.214199829101562500e+02
1.363059692382812500e+02 1.500119628906250000e+02 1.214661254882812500e+02
1.360447387695312500e+02 1.500311279296875000e+02 1.213258056640625000e+02
1.360937500000000000e+02 1.501870727539062500e+02 1.213056030273437500e+02
1.358591918945312500e+02 1.502550659179687500e+02 1.212763671875000000e+02
1.356102905273437500e+02 1.504744262695312500e+02 1.212583618164062500e+02
1.354362792968750000e+02 1.504891967773437500e+02 1.211553955078125000e+02
1.355222778320312500e+02 1.506870727539062500e+02 1.214221801757812500e+02
1.354130859375000000e+02 1.506731567382812500e+02 1.213635253906250000e+02
1.356381225585937500e+02 1.506751098632812500e+02 1.213420410156250000e+02
1.356705322265625000e+02 1.505499877929687500e+02 1.211808471679687500e+02
1.359548950195312500e+02 1.506315917968750000e+02 1.211342163085937500e+02
1.360953979492187500e+02 1.503445434570312500e+02 1.209280395507812500e+02
1.363009643554687500e+02 1.504567260742187500e+02 1.209458618164062500e+02
1.359649658203125000e+02 1.501773681640625000e+02 1.206748046875000000e+02
1.357729492187500000e+02 1.503456420898437500e+02 1.209469604492187500e+02
1.353159790039062500e+02 1.502691650390625000e+02 1.208444824218750000e+02
1.353778686523437500e+02 1.504793701171875000e+02 1.209511108398437500e+02
1.351706542968750000e+02 1.503968505859375000e+02 1.209016723632812500e+02
1.353109741210937500e+02 1.505208129882812500e+02 1.210764160156250000e+02
1.352886352539062500e+02 1.504907836914062500e+02 1.210991210937500000e+02
1.354962768554687500e+02 1.506334838867187500e+02 1.213395385742187500e+02
1.354152832031250000e+02 1.504594116210937500e+02 1.211529541015625000e+02
1.355111694335937500e+02 1.505858764648437500e+02 1.213132324218750000e+02
1.355933837890625000e+02 1.503780517578125000e+02 1.210020751953125000e+02
1.359335937500000000e+02 1.504005126953125000e+02 1.208439331054687500e+02
1.360002441406250000e+02 1.503107299804687500e+02 1.206201171875000000e+02
1.363130493164062500e+02 1.504007568359375000e+02 1.206346435546875000e+02
1.364014282226562500e+02 1.503292846679687500e+02 1.205130615234375000e+02
1.363528442382812500e+02 1.504096679687500000e+02 1.207484741210937500e+02
1.361447753906250000e+02 1.502952880859375000e+02 1.208808593750000000e+02
1.361738281250000000e+02 1.505003662109375000e+02 1.211895141601562500e+02
1.359203491210937500e+02 1.504099121093750000e+02 1.209981689453125000e+02
1.359283447265625000e+02 1.505126953125000000e+02 1.211105346679687500e+02
1.357324829101562500e+02 1.504007568359375000e+02 1.211820068359375000e+02
1.359618530273437500e+02 1.506461791992187500e+02 1.214780883789062500e+02
1.357796630859375000e+02 1.504645996093750000e+02 1.214397583007812500e+02
1.358409423828125000e+02 1.505737304687500000e+02 1.215147705078125000e+02
1.356011962890625000e+02 1.505014648437500000e+02 1.214257812500000000e+02
1.363552246093750000e+02 1.505592041015625000e+02 1.217805175781250000e+02
1.367316284179687500e+02 1.503908691406250000e+02 1.217781372070312500e+02
1.371497802734375000e+02 1.504807128906250000e+02 1.221835327148437500e+02
1.371657714843750000e+02 1.503015136718750000e+02 1.221707153320312500e+02
1.373745117187500000e+02 1.505112915039062500e+02 1.222966308593750000e+02
1.370799560546875000e+02 1.504210815429687500e+02 1.218583984375000000e+02
1.372369995117187500e+02 1.507217407226562500e+02 1.219774780273437500e+02
1.369506225585937500e+02 1.504714965820312500e+02 1.212426757812500000e+02
1.368955688476562500e+02 1.506566772460937500e+02 1.213825683593750000e+02
1.366989135742187500e+02 1.504722290039062500e+02 1.211387939453125000e+02
1.368099365234375000e+02 1.505405883789062500e+02 1.213937377929687500e+02
1.366748657226562500e+02 1.504512939453125000e+02 1.213380737304687500e+02
1.366643676757812500e+02 1.505074462890625000e+02 1.214565429687500000e+02
1.366034545898437500e+02 1.504740600585937500e+02 1.214920043945312500e+02
1.366613769531250000e+02 1.505302734375000000e+02 1.215627441406250000e+02
1.369402465820312500e+02 1.504432983398437500e+02 1.215879516601562500e+02
1.373494873046875000e+02 1.504096069335937500e+02 1.217764282226562500e+02
1.375157470703125000e+02 1.503591308593750000e+02 1.216730957031250000e+02
1.376184082031250000e+02 1.503785400390625000e+02 1.217833251953125000e+02
1.376313476562500000e+02 1.502928466796875000e+02 1.218080444335937500e+02
1.381790161132812500e+02 1.502576293945312500e+02 1.216060180664062500e+02
1.382201538085937500e+02 1.500926513671875000e+02 1.211588745117187500e+02
1.385227661132812500e+02 1.501719970703125000e+02 1.207987060546875000e+02
1.384515991210937500e+02 1.500669555664062500e+02 1.205429077148437500e+02
1.385740966796875000e+02 1.500770874023437500e+02 1.205797119140625000e+02
1.379776000976562500e+02 1.500488281250000000e+02 1.208751831054687500e+02
1.373981323242187500e+02 1.502694702148437500e+02 1.215523071289062500e+02
1.369157714843750000e+02 1.501885375976562500e+02 1.214766235351562500e+02
1.369886474609375000e+02 1.502900390625000000e+02 1.219263305664062500e+02
1.367929077148437500e+02 1.501424560546875000e+02 1.218651123046875000e+02
1.367860107421875000e+02 1.502691040039062500e+02 1.221167602539062500e+02
1.364486083984375000e+02 1.502050781250000000e+02 1.220600585937500000e+02
1.365079345703125000e+02 1.502924804687500000e+02 1.222290649414062500e+02
1.363031005859375000e+02 1.501926269531250000e+02 1.221610717773437500e+02
1.364594116210937500e+02 1.503193359375000000e+02 1.223880615234375000e+02
1.365227661132812500e+02 1.502621459960937500e+02 1.223732910156250000e+02
1.367421875000000000e+02 1.503955688476562500e+02 1.225078735351562500e+02
1.369666748046875000e+02 1.504481811523437500e+02 1.226904296875000000e+02
1.371992187500000000e+02 1.505430908203125000e+02 1.227828369140625000e+02
1.372554321289062500e+02 1.503668212890625000e+02 1.226993408203125000e+02
1.369403686523437500e+02 1.505282592773437500e+02 1.224567871093750000e+02
1.364196166992187500e+02 1.506003417968750000e+02 1.219050903320312500e+02
1.365013427734375000e+02 1.507816772460937500e+02 1.218882446289062500e+02
1.362354125976562500e+02 1.506868896484375000e+02 1.215384521484375000e+02
1.361710815429687500e+02 1.508090209960937500e+02 1.216497802734375000e+02
1.358967285156250000e+02 1.507432861328125000e+02 1.215035400390625000e+02
1.358409423828125000e+02 1.507199707031250000e+02 1.214131469726562500e+02
1.356019897460937500e+02 1.505968627929687500e+02 1.212305908203125000e+02
1.356984252929687500e+02 1.506501464843750000e+02 1.212316284179687500e+02
1.355329589843750000e+02 1.505336303710937500e+02 1.209517211914062500e+02
1.358380126953125000e+02 1.505466918945312500e+02 1.212349853515625000e+02
1.358931884765625000e+02 1.504752807617187500e+02 1.210274047851562500e+02
1.360274658203125000e+02 1.505847167968750000e+02 1.210969238281250000e+02
1.358801879882812500e+02 1.504541625976562500e+02 1.207402343750000000e+02
1.360299682617187500e+02 1.505383911132812500e+02 1.208593750000000000e+02
1.358769531250000000e+02 1.505388183593750000e+02 1.208839721679687500e+02
1.358441162109375000e+02 1.506372070312500000e+02 1.209838867187500000e+02
1.357337646484375000e+02 1.505269775390625000e+02 1.209764404296875000e+02
1.357573242187500000e+02 1.506338500976562500e+02 1.210214843750000000e+02
1.357105712890625000e+02 1.505791625976562500e+02 1.210400390625000000e+02
1.357351684570312500e+02 1.506551513671875000e+02 1.210949707031250000e+02
1.356761474609375000e+02 1.506212158203125000e+02 1.208972167968750000e+02
1.357551879882812500e+02 1.506828613281250000e+02 1.209474487304687500e+02
1.357216186523437500e+02 1.506596069335937500e+02 1.208973999023437500e+02
1.357977294921875000e+02 1.507017211914062500e+02 1.209490356445312500e+02
1.357062988281250000e+02 1.506163940429687500e+02 1.208150634765625000e+02
1.358100585937500000e+02 1.507578125000000000e+02 1.209176635742187500e+02
1.357210693359375000e+02 1.506043090820312500e+02 1.203764648437500000e+02
1.358243408203125000e+02 1.507169799804687500e+02 1.204575195312500000e+02
1.357291870117187500e+02 1.506181640625000000e+02 1.204368896484375000e+02
1.358002319335937500e+02 1.507545776367187500e+02 1.209904785156250000e+02
1.357606201171875000e+02 1.506506958007812500e+02 1.213639526367187500e+02
1.358295898437500000e+02 1.507878417968750000e+02 1.217559814453125000e+02
1.357546997070312500e+02 1.507235107421875000e+02 1.218314819335937500e+02
1.358740234375000000e+02 1.507767333984375000e+02 1.221911621093750000e+02
1.358330078125000000e+02 1.508072509765625000e+02 1.220310058593750000e+02
1.358044433593750000e+02 1.507966308593750000e+02 1.216928710937500000e+02
1.359523315429687500e+02 1.508989868164062500e+02 1.216731567382812500e+02
1.359751586914062500e+02 1.508817749023437500e+02 1.214737548828125000e+02
1.359629516601562500e+02 1.508334960937500000e+02 1.214681396484375000e+02
1.360209960937500000e+02 1.508542480468750000e+02 1.215445556640625000e+02
1.358969726562500000e+02 1.506076049804687500e+02 1.213046264648437500e+02
1.360245971679687500e+02 1.506444702148437500e+02 1.212480468750000000e+02
1.360728149414062500e+02 1.504682617187500000e+02 1.211091918945312500e+02
1.363358764648437500e+02 1.505117797851562500e+02 1.212833251953125000e+02
1.358010864257812500e+02 1.503876342773437500e+02 1.212392578125000000e+02
1.352700195312500000e+02 1.505273437500000000e+02 1.215979614257812500e+02
1.350520629882812500e+02 1.504845581054687500e+02 1.217202758789062500e+02
1.348850708007812500e+02 1.506491088867187500e+02 1.218933105468750000e+02
1.347597045898437500e+02 1.505402221679687500e+02 1.219097900390625000e+02
1.349901123046875000e+02 1.506998901367187500e+02 1.218660278320312500e+02
1.349737548828125000e+02 1.506657104492187500e+02 1.215305786132812500e+02
1.351143188476562500e+02 1.506446533203125000e+02 1.214636230468750000e+02
1.350493774414062500e+02 1.505644531250000000e+02 1.214007568359375000e+02
1.351921997070312500e+02 1.506842041015625000e+02 1.212961425781250000e+02
1.354492797851562500e+02 1.505627441406250000e+02 1.212952880859375000e+02
1.358239746093750000e+02 1.504758911132812500e+02 1.215722656250000000e+02
1.360714721679687500e+02 1.504108886718750000e+02 1.217194824218750000e+02
1.362702026367187500e+02 1.503791503906250000e+02 1.218359985351562500e+02
1.362210693359375000e+02 1.503085327148437500e+02 1.218661499023437500e+02
1.363215332031250000e+02 1.503344116210937500e+02 1.220166625976562500e+02
1.362139892578125000e+02 1.502504272460937500e+02 1.219270019531250000e+02
1.362061767578125000e+02 1.503561401367187500e+02 1.219848632812500000e+02
1.360734863281250000e+02 1.503812255859375000e+02 1.218916015625000000e+02
1.360698242187500000e+02 1.504633178710937500e+02 1.219473266601562500e+02
1.359221191406250000e+02 1.503715820312500000e+02 1.218627319335937500e+02
1.358840942382812500e+02 1.504907226562500000e+02 1.216618041992187500e+02
1.357271728515625000e+02 1.504310913085937500e+02 1.213234863281250000e+02
1.357489624023437500e+02 1.504931640625000000e+02 1.212846069335937500e+02
1.357620239257812500e+02 1.504724731445312500e+02 1.212007446289062500e+02
1.358533325195312500e+02 1.505798339843750000e+02 1.214127807617187500e+02
1.358320312500000000e+02 1.506034545898437500e+02 1.215952758789062500e+02
1.359586181640625000e+02 1.506356811523437500e+02 1.217181396484375000e+02
1.359000854492187500e+02 1.506120605468750000e+02 1.216671142578125000e+02
1.359971923828125000e+02 1.506860961914062500e+02 1.217407836914062500e+02
1.360131225585937500e+02 1.505322265625000000e+02 1.216286010742187500e+02
1.360131225585937500e+02 1.504947509765625000e+02 1.214956665039062500e+02
1.359131469726562500e+02 1.504161987304687500e+02 1.212977294921875000e+02
1.359944458007812500e+02 1.503950195312500000e+02 1.213064575195312500e+02
1.360356445312500000e+02 1.503424072265625000e+02 1.212145996093750000e+02
1.361887817382812500e+02 1.503592529296875000e+02 1.210352172851562500e+02
1.361912231445312500e+02 1.502976684570312500e+02 1.209767456054687500e+02
1.362697753906250000e+02 1.503283081054687500e+02 1.209460449218750000e+02
1.362675170898437500e+02 1.503013916015625000e+02 1.208267822265625000e+02
1.362896728515625000e+02 1.503301391601562500e+02 1.208868408203125000e+02
1.362337036132812500e+02 1.502407226562500000e+02 1.209608764648437500e+02
1.362357177734375000e+02 1.502581787109375000e+02 1.206810302734375000e+02
1.361802368164062500e+02 1.501863403320312500e+02 1.206419677734375000e+02
1.361791992187500000e+02 1.502787475585937500e+02 1.206902465820312500e+02
1.361796264648437500e+02 1.502887573242187500e+02 1.206334838867187500e+02
1.361951293945312500e+02 1.503630371093750000e+02 1.206681518554687500e+02
1.360767211914062500e+02 1.502094116210937500e+02 1.207457275390625000e+02
1.361502075195312500e+02 1.502514038085937500e+02 1.211283569335937500e+02
1.361422729492187500e+02 1.502005615234375000e+02 1.211443481445312500e+02
1.361152954101562500e+02 1.501614990234375000e+02 1.212223510742187500e+02
1.361282958984375000e+02 1.501222534179687500e+02 1.210061035156250000e+02
1.361520385742187500e+02 1.502051391601562500e+02 1.209401245117187500e+02
1.362117309570312500e+02 1.502012329101562500e+02 1.207369995117187500e+02
1.362040405273437500e+02 1.502136230468750000e+02 1.206395874023437500e+02
1.362382812500000000e+02 1.502119140625000000e+02 1.205343017578125000e+02
1.361091918945312500e+02 1.502336425781250000e+02 1.206663818359375000e+02
1.358742675781250000e+02 1.502111816406250000e+02 1.207360229492187500e+02
1.357468261718750000e+02 1.503283691406250000e+02 1.209237060546875000e+02
1.356618652343750000e+02 1.503701782226562500e+02 1.208876342773437500e+02
1.355289916992187500e+02 1.504668579101562500e+02 1.209775390625000000e+02
1.356433715820312500e+02 1.504583740234375000e+02 1.212506713867187500e+02
1.358076171875000000e+02 1.505449218750000000e+02 1.214559936523437500e+02
1.359871215820312500e+02 1.505010375976562500e+02 1.215852661132812500e+02
1.359919433593750000e+02 1.504973754882812500e+02 1.215774536132812500e+02
1.359341430664062500e+02 1.503406372070312500e+02 1.215039062500000000e+02
1.360195922851562500e+02 1.503523559570312500e+02 1.215536499023437500e+02
1.359464111328125000e+02 1.502285766601562500e+02 1.210411376953125000e+02
1.358834228515625000e+02 1.501850585937500000e+02 1.209628906250000000e+02
1.358342895507812500e+02 1.500442504882812500e+02 1.208147583007812500e+02
1.358222045898437500e+02 1.500419921875000000e+02 1.206427001953125000e+02
1.356933593750000000e+02 1.499332275390625000e+02 1.202460327148437500e+02
1.355376586914062500e+02 1.498959960937500000e+02 1.200148315429687500e+02
1.355891113281250000e+02 1.499508056640625000e+02 1.199996337890625000e+02
1.356011962890625000e+02 1.499342041015625000e+02 1.200051269531250000e+02
1.355820922851562500e+02 1.499257202148437500e+02 1.200252075195312500e+02
1.356414184570312500e+02 1.499157104492187500e+02 1.203724365234375000e+02
1.356843261718750000e+02 1.498800048828125000e+02 1.207857055664062500e+02
1.357779541015625000e+02 1.497922363281250000e+02 1.211536865234375000e+02
1.357774658203125000e+02 1.497818603515625000e+02 1.211646118164062500e+02
1.358920288085937500e+02 1.498947753906250000e+02 1.212588500976562500e+02
1.357248535156250000e+02 1.497609252929687500e+02 1.209476928710937500e+02
1.356614379882812500e+02 1.497813110351562500e+02 1.205592651367187500e+02
1.357010498046875000e+02 1.498710937500000000e+02 1.206500854492187500e+02
1.356176757812500000e+02 1.498767089843750000e+02 1.206299438476562500e+02
1.355180664062500000e+02 1.498363647460937500e+02 1.205325927734375000e+02
1.355882568359375000e+02 1.499155883789062500e+02 1.206071777343750000e+02
1.356500244140625000e+02 1.498569946289062500e+02 1.205795288085937500e+02
1.356815185546875000e+02 1.498988037109375000e+02 1.205909423828125000e+02
1.356876831054687500e+02 1.498886718750000000e+02 1.205617065429687500e+02
1.357159423828125000e+02 1.499165649414062500e+02 1.206546020507812500e+02
1.357634887695312500e+02 1.499273071289062500e+02 1.206959228515625000e+02
1.358502197265625000e+02 1.499406738281250000e+02 1.206740112304687500e+02
1.358050537109375000e+02 1.499534301757812500e+02 1.206634521484375000e+02
1.357857055664062500e+02 1.500050659179687500e+02 1.206737670898437500e+02
1.358423461914062500e+02 1.500800781250000000e+02 1.207222900390625000e+02
1.358425903320312500e+02 1.499884643554687500e+02 1.206007080078125000e+02
1.359036865234375000e+02 1.499732055664062500e+02 1.206034545898437500e+02
1.360317993164062500e+02 1.500320434570312500e+02 1.207673339843750000e+02
1.360603637695312500e+02 1.500812988281250000e+02 1.208218383789062500e+02
1.361215820312500000e+02 1.501020507812500000e+02 1.208390502929687500e+02
1.360752563476562500e+02 1.500380249023437500e+02 1.209710693359375000e+02
1.360963134765625000e+02 1.499421997070312500e+02 1.210248413085937500e+02
1.361895751953125000e+02 1.497326049804687500e+02 1.210549316406250000e+02
1.360191040039062500e+02 1.497480468750000000e+02 1.209063720703125000e+02
1.360870971679687500e+02 1.497461547851562500e+02 1.209902954101562500e+02
1.360017700195312500e+02 1.496470947265625000e+02 1.208206176757812500e+02
1.359872436523437500e+02 1.496269531250000000e+02 1.206375122070312500e+02
1.359513549804687500e+02 1.495888061523437500e+02 1.205598754882812500e+02
1.359027709960937500e+02 1.495304565429687500e+02 1.204559936523437500e+02
1.359997558593750000e+02 1.495945434570312500e+02 1.204937133789062500e+02
1.359978027343750000e+02 1.496462402343750000e+02 1.205146484375000000e+02
1.359760742187500000e+02 1.496375122070312500e+02 1.204279174804687500e+02
1.360195312500000000e+02 1.496835937500000000e+02 1.205344238281250000e+02
1.361131591796875000e+02 1.495968627929687500e+02 1.205614013671875000e+02
1.362429809570312500e+02 1.496916503906250000e+02 1.207138061523437500e+02
1.362172851562500000e+02 1.496567993164062500e+02 1.206076049804687500e+02
1.363332519531250000e+02 1.496875610351562500e+02 1.207577514648437500e+02
1.363381347656250000e+02 1.497192382812500000e+02 1.208381958007812500e+02
1.363583984375000000e+02 1.497841186523437500e+02 1.208377075195312500e+02
1.363051757812500000e+02 1.497786254882812500e+02 1.207777709960937500e+02
1.365532226562500000e+02 1.497407836914062500e+02 1.208568115234375000e+02
1.365677490234375000e+02 1.496433715820312500e+02 1.207359619140625000e+02
1.366178588867187500e+02 1.497012939453125000e+02 1.206709594726562500e+02
1.366987915039062500e+02 1.496776733398437500e+02 1.207015991210937500e+02
1.367451782226562500e+02 1.497437744140625000e+02 1.206868896484375000e+02
1.365541381835937500e+02 1.496525268554687500e+02 1.205783081054687500e+02
1.365003662109375000e+02 1.497303466796875000e+02 1.207614135742187500e+02
1.362986450195312500e+02 1.497041015625000000e+02 1.207387695312500000e+02
1.361253662109375000e+02 1.498472900390625000e+02 1.207911376953125000e+02
1.361918334960937500e+02 1.498259887695312500e+02 1.207813110351562500e+02
1.364503784179687500e+02 1.499035644531250000e+02 1.208599243164062500e+02
1.365471801757812500e+02 1.499417114257812500e+02 1.209187011718750000e+02
1.366606445312500000e+02 1.499627075195312500e+02 1.210666503906250000e+02
1.367138061523437500e+02 1.498572387695312500e+02 1.210973510742187500e+02
1.369449462890625000e+02 1.498955688476562500e+02 1.210879516601562500e+02
1.366547241210937500e+02 1.497630004882812500e+02 1.210014648437500000e+02
1.363900146484375000e+02 1.497136840820312500e+02 1.206929321289062500e+02
1.361690673828125000e+02 1.495267333984375000e+02 1.206460571289062500e+02
1.361769409179687500e+02 1.496099243164062500e+02 1.206238403320312500e+02
1.360932617187500000e+02 1.495513305664062500e+02 1.206174316406250000e+02
1.361759033203125000e+02 1.495776977539062500e+02 1.206729736328125000e+02
1.361854858398437500e+02 1.495897827148437500e+02 1.205223388671875000e+02
1.362388305664062500e+02 1.496548461914062500e+02 1.206206665039062500e+02
1.362336425781250000e+02 1.495858764648437500e+02 1.206272583007812500e+02
1.363557128906250000e+02 1.497140502929687500e+02 1.207606201171875000e+02
1.363353271484375000e+02 1.496341552734375000e+02 1.206925659179687500e+02
1.364294433593750000e+02 1.497338256835937500e+02 1.208351440429687500e+02
1.364972534179687500e+02 1.496535644531250000e+02 1.208592529296875000e+02
1.365770874023437500e+02 1.496664428710937500e+02 1.210230712890625000e+02
1.365009765625000000e+02 1.496094970703125000e+02 1.211304321289062500e+02
1.364672851562500000e+02 1.495733642578125000e+02 1.210819702148437500e+02
1.362748413085937500e+02 1.495268554687500000e+02 1.209941406250000000e+02
1.363683471679687500e+02 1.497327270507812500e+02 1.209879760742187500e+02
1.362631225585937500e+02 1.496950683593750000e+02 1.208289794921875000e+02
1.363005981445312500e+02 1.497929077148437500e+02 1.209045410156250000e+02
1.359989013671875000e+02 1.497972412109375000e+02 1.208698120117187500e+02
1.359340209960937500e+02 1.499282226562500000e+02 1.208894042968750000e+02
1.358200073242187500e+02 1.498350830078125000e+02 1.210288696289062500e+02
1.356887817382812500e+02 1.498466186523437500e+02 1.210712280273437500e+02
1.356765747070312500e+02 1.499031982421875000e+02 1.209810791015625000e+02
1.359319458007812500e+02 1.499756469726562500e+02 1.210580444335937500e+02
1.361022338867187500e+02 1.497944335937500000e+02 1.211200561523437500e+02
1.365578002929687500e+02 1.498022460937500000e+02 1.212437133789062500e+02
1.365286254882812500e+02 1.497446899414062500e+02 1.212398071289062500e+02
1.366417236328125000e+02 1.498882446289062500e+02 1.213316040039062500e+02
1.364124145507812500e+02 1.498447875976562500e+02 1.208957519531250000e+02
1.364535522460937500e+02 1.499898071289062500e+02 1.208828125000000000e+02
1.363350830078125000e+02 1.498900146484375000e+02 1.207584228515625000e+02
1.363242187500000000e+02 1.500059814453125000e+02 1.206870117187500000e+02
1.361702270507812500e+02 1.498554077148437500e+02 1.204655761718750000e+02
1.360145263671875000e+02 1.498305053710937500e+02 1.207438354492187500e+02
1.358206176757812500e+02 1.497852783203125000e+02 1.206574707031250000e+02
1.358234863281250000e+02 1.498788452148437500e+02 1.208726196289062500e+02
1.357653198242187500e+02 1.497236938476562500e+02 1.208754272460937500e+02
1.358668212890625000e+02 1.496998291015625000e+02 1.210996704101562500e+02
1.356694335937500000e+02 1.496327514648437500e+02 1.207689819335937500e+02
1.356413574218750000e+02 1.498566284179687500e+02 1.207786254882812500e+02
1.354492797851562500e+02 1.497601318359375000e+02 1.204972534179687500e+02
1.355966186523437500e+02 1.498840942382812500e+02 1.206269531250000000e+02
1.355019531250000000e+02 1.497264404296875000e+02 1.204526367187500000e+02
1.358871459960937500e+02 1.498941650390625000e+02 1.208740234375000000e+02
1.361660766601562500e+02 1.496392822265625000e+02 1.207334594726562500e+02
1.365179443359375000e+02 1.497446899414062500e+02 1.210419921875000000e+02
1.365816650390625000e+02 1.496694946289062500e+02 1.210816040039062500e+02
1.367275390625000000e+02 1.497456665039062500e+02 1.211574707031250000e+02
1.365061035156250000e+02 1.495279541015625000e+02 1.209318847656250000e+02
1.364489135742187500e+02 1.496531982421875000e+02 1.210833740234375000e+02
1.362292480468750000e+02 1.495074462890625000e+02 1.209057006835937500e+02
1.363145141601562500e+02 1.496567993164062500e+02 1.210572509765625000e+02
1.361749877929687500e+02 1.495888671875000000e+02 1.208740234375000000e+02
1.360422363281250000e+02 1.498382568359375000e+02 1.210387573242187500e+02
1.360134887695312500e+02 1.496666259765625000e+02 1.213398437500000000e+02
1.360988769531250000e+02 1.498100585937500000e+02 1.215675048828125000e+02
1.359685668945312500e+02 1.496845092773437500e+02 1.215322875976562500e+02
1.360218505859375000e+02 1.497520141601562500e+02 1.217058715820312500e+02
1.361185913085937500e+02 1.496538085937500000e+02 1.216986083984375000e+02
1.363346557617187500e+02 1.498307495117187500e+02 1.216566772460937500e+02
1.363450927734375000e+02 1.497648315429687500e+02 1.212881469726562500e+02
1.364975585937500000e+02 1.499088745117187500e+02 1.212557983398437500e+02
1.365120849609375000e+02 1.498098144531250000e+02 1.211027221679687500e+02
1.365933837890625000e+02 1.499461669921875000e+02 1.211536865234375000e+02
1.364571533203125000e+02 1.498450317382812500e+02 1.209047851562500000e+02
1.365639038085937500e+02 1.499682006835937500e+02 1.208788452148437500e+02
1.363491821289062500e+02 1.497855224609375000e+02 1.204176025390625000e+02
1.363065185546875000e+02 1.497728271484375000e+02 1.202909545898437500e+02
1.361064453125000000e+02 1.496832275390625000e+02 1.203998413085937500e+02
1.361228027343750000e+02 1.497604370117187500e+02 1.207361450195312500e+02
1.359056396484375000e+02 1.495684204101562500e+02 1.205986328125000000e+02
1.358829345703125000e+02 1.495770874023437500e+02 1.208059692382812500e+02
1.356499633789062500e+02 1.493865966796875000e+02 1.208035278320312500e+02
1.359918212890625000e+02 1.495210571289062500e+02 1.208080444335937500e+02
1.360545043945312500e+02 1.494545898437500000e+02 1.205614013671875000e+02
1.363300170898437500e+02 1.496221923828125000e+02 1.205663452148437500e+02
1.363054809570312500e+02 1.495071411132812500e+02 1.202565307617187500e+02
1.364519653320312500e+02 1.495949096679687500e+02 1.203785400390625000e+02
1.363507690429687500e+02 1.494716796875000000e+02 1.206279907226562500e+02
1.363861694335937500e+02 1.494653930664062500e+02 1.211167602539062500e+02
1.363604125976562500e+02 1.493922729492187500e+02 1.212372436523437500e+02
1.363972167968750000e+02 1.494787597656250000e+02 1.212911987304687500e+02
1.362883300781250000e+02 1.494173583984375000e+02 1.214993896484375000e+02
1.358347778320312500e+02 1.495822143554687500e+02 1.212612304687500000e+02
1.352518310546875000e+02 1.496528320312500000e+02 1.209899291992187500e+02
1.348707275390625000e+02 1.497691040039062500e+02 1.210743408203125000e+02
1.347384033203125000e+02 1.497586669921875000e+02 1.209313354492187500e+02
1.349026489257812500e+02 1.499790039062500000e+02 1.209971313476562500e+02
1.349141235351562500e+02 1.499305419921875000e+02 1.209166870117187500e+02
1.353245849609375000e+02 1.499549560546875000e+02 1.211282958984375000e+02
1.354094238281250000e+02 1.497623291015625000e+02 1.210335693359375000e+02
1.356761474609375000e+02 1.498918457031250000e+02 1.210709838867187500e+02
1.356822509765625000e+02 1.498149414062500000e+02 1.210277709960937500e+02
1.359295043945312500e+02 1.499276733398437500e+02 1.213450927734375000e+02
1.359625244140625000e+02 1.497972412109375000e+02 1.214442138671875000e+02
1.363600463867187500e+02 1.498231811523437500e+02 1.215631713867187500e+02
1.364017333984375000e+02 1.497284545898437500e+02 1.217858886718750000e+02
1.364857788085937500e+02 1.499478149414062500e+02 1.216956176757812500e+02
1.367080078125000000e+02 1.498521118164062500e+02 1.213977050781250000e+02
1.370859375000000000e+02 1.500202026367187500e+02 1.211372070312500000e+02
1.371350708007812500e+02 1.498908691406250000e+02 1.209920043945312500e+02
1.373600463867187500e+02 1.499708251953125000e+02 1.212166748046875000e+02
1.372592163085937500e+02 1.498040771484375000e+02 1.208751831054687500e+02
1.370390625000000000e+02 1.498301391601562500e+02 1.210767211914062500e+02
1.365976562500000000e+02 1.496728515625000000e+02 1.215509033203125000e+02
1.366285400390625000e+02 1.497831420898437500e+02 1.217081909179687500e+02
1.363070678710937500e+02 1.496873779296875000e+02 1.214869995117187500e+02
1.364268798828125000e+02 1.498496093750000000e+02 1.216755981445312500e+02
1.364975585937500000e+02 1.496198120117187500e+02 1.216578979492187500e+02
1.365949707031250000e+02 1.497575683593750000e+02 1.217031860351562500e+02
1.366147460937500000e+02 1.495949096679687500e+02 1.215463256835937500e+02
1.368464965820312500e+02 1.498672485351562500e+02 1.216978759765625000e+02
1.367993774414062500e+02 1.497321777343750000e+02 1.217276611328125000e+02
1.370010986328125000e+02 1.498993530273437500e+02 1.218330688476562500e+02
1.369495239257812500e+02 1.498499755859375000e+02 1.217195434570312500e+02
1.370050659179687500e+02 1.499721069335937500e+02 1.218356323242187500e+02
1.369474487304687500e+02 1.498978271484375000e+02 1.215141601562500000e+02
1.369187622070312500e+02 1.500729370117187500e+02 1.215507202148437500e+02
1.363857421875000000e+02 1.499677734375000000e+02 1.212632446289062500e+02
1.362653808593750000e+02 1.501588745117187500e+02 1.213300170898437500e+02
1.360610961914062500e+02 1.501112670898437500e+02 1.211746826171875000e+02
1.359471435546875000e+02 1.502811889648437500e+02 1.211578369140625000e+02
1.357581176757812500e+02 1.501231079101562500e+02 1.209044799804687500e+02
1.359385375976562500e+02 1.503042602539062500e+02 1.211411132812500000e+02
1.357173461914062500e+02 1.502421264648437500e+02 1.210795288085937500e+02
1.357786254882812500e+02 1.503528442382812500e+02 1.212435913085937500e+02
1.356742553710937500e+02 1.502841796875000000e+02 1.212121582031250000e+02
1.357146606445312500e+02 1.504235839843750000e+02 1.213185424804687500e+02
1.360951538085937500e+02 1.502540893554687500e+02 1.212055664062500000e+02
1.363494262695312500e+02 1.504099731445312500e+02 1.213408203125000000e+02
1.364989624023437500e+02 1.501988525390625000e+02 1.214005737304687500e+02
1.367484741210937500e+02 1.503339843750000000e+02 1.212645263671875000e+02
1.367828979492187500e+02 1.502832641601562500e+02 1.211859130859375000e+02
1.367071533203125000e+02 1.503928222656250000e+02 1.211930541992187500e+02
1.364414062500000000e+02 1.502462768554687500e+02 1.211433105468750000e+02
1.362344970703125000e+02 1.503918457031250000e+02 1.212204589843750000e+02
1.360706787109375000e+02 1.503175659179687500e+02 1.210270385742187500e+02
1.360930786132812500e+02 1.503317871093750000e+02 1.211890869140625000e+02
1.361610107421875000e+02 1.501719970703125000e+02 1.211514282226562500e+02
1.364322509765625000e+02 1.502283325195312500e+02 1.212612304687500000e+02
1.363096313476562500e+02 1.500720214843750000e+02 1.211801147460937500e+02
1.365436401367187500e+02 1.502721557617187500e+02 1.214301757812500000e+02
1.364531250000000000e+02 1.500694580078125000e+02 1.213612060546875000e+02
1.364436035156250000e+02 1.502202148437500000e+02 1.213746948242187500e+02
1.362874145507812500e+02 1.501257324218750000e+02 1.212924804687500000e+02
1.361903076171875000e+02 1.503747558593750000e+02 1.214542236328125000e+02
1.360357666015625000e+02 1.502454223632812500e+02 1.212649536132812500e+02
1.361534423828125000e+02 1.503908081054687500e+02 1.213657226562500000e+02
1.364577026367187500e+02 1.501721191406250000e+02 1.213018188476562500e+02
1.367805786132812500e+02 1.502633666992187500e+02 1.214387817382812500e+02
1.367838134765625000e+02 1.501164550781250000e+02 1.211982421875000000e+02
1.369816284179687500e+02 1.502442016601562500e+02 1.212071533203125000e+02
1.371986083984375000e+02 1.500062866210937500e+02 1.209800415039062500e+02
1.372600097656250000e+02 1.501977539062500000e+02 1.212189941406250000e+02
1.368536987304687500e+02 1.501381835937500000e+02 1.210718994140625000e+02
1.369819335937500000e+02 1.502889404296875000e+02 1.212454223632812500e+02
1.367807006835937500e+02 1.501679687500000000e+02 1.210156860351562500e+02
1.368758544921875000e+02 1.503237304687500000e+02 1.211066894531250000e+02
1.365521240234375000e+02 1.502458496093750000e+02 1.211276855468750000e+02
1.364288330078125000e+02 1.503954467773437500e+02 1.214248046875000000e+02
1.361235961914062500e+02 1.502924804687500000e+02 1.216528320312500000e+02
1.360899658203125000e+02 1.504556884765625000e+02 1.217645874023437500e+02
1.358026123046875000e+02 1.504500732421875000e+02 1.218316650390625000e+02
1.359014892578125000e+02 1.505177001953125000e+02 1.219396362304687500e+02
1.357130126953125000e+02 1.504012451171875000e+02 1.219040527343750000e+02
1.357922973632812500e+02 1.505566406250000000e+02 1.220813598632812500e+02
1.356470947265625000e+02 1.504159545898437500e+02 1.218745117187500000e+02
1.357604980468750000e+02 1.505391845703125000e+02 1.219962158203125000e+02
1.356948852539062500e+02 1.505213012695312500e+02 1.218035888671875000e+02
1.358626098632812500e+02 1.506842041015625000e+02 1.218582153320312500e+02
1.356869506835937500e+02 1.505359497070312500e+02 1.214792480468750000e+02
1.357386474609375000e+02 1.505878906250000000e+02 1.214047241210937500e+02
1.355650024414062500e+02 1.502970581054687500e+02 1.211047363281250000e+02
1.359223022460937500e+02 1.505136108398437500e+02 1.213540649414062500e+02
1.361152954101562500e+02 1.502785034179687500e+02 1.212974853515625000e+02
1.364819946289062500e+02 1.503649902343750000e+02 1.213998413085937500e+02
1.363981323242187500e+02 1.502482910156250000e+02 1.211572875976562500e+02
1.364819335937500000e+02 1.502963256835937500e+02 1.212642211914062500e+02
1.364365234375000000e+02 1.502459106445312500e+02 1.212588500976562500e+02
1.364801025390625000e+02 1.503792724609375000e+02 1.213889160156250000e+02
1.364891967773437500e+02 1.502047729492187500e+02 1.212531738281250000e+02
1.366104125976562500e+02 1.503660278320312500e+02 1.213891601562500000e+02
1.365498657226562500e+02 1.503039550781250000e+02 1.212861938476562500e+02
1.365690307617187500e+02 1.503516235351562500e+02 1.216006469726562500e+02
1.364192504882812500e+02 1.503771362304687500e+02 1.216308593750000000e+02
1.363359375000000000e+02 1.505269165039062500e+02 1.218844604492187500e+02
1.362003173828125000e+02 1.504508056640625000e+02 1.218046875000000000e+02
1.363232421875000000e+02 1.506138916015625000e+02 1.218421630859375000e+02
1.362814941406250000e+02 1.503626098632812500e+02 1.214450073242187500e+02
1.366133422851562500e+02 1.504112548828125000e+02 1.214563598632812500e+02
1.366884155273437500e+02 1.503018188476562500e+02 1.212999877929687500e+02
1.369033813476562500e+02 1.504696044921875000e+02 1.212871093750000000e+02
1.367936401367187500e+02 1.503115234375000000e+02 1.211635742187500000e+02
1.375333862304687500e+02 1.503273925781250000e+02 1.214301757812500000e+02
1.377208862304687500e+02 1.502551879882812500e+02 1.214086914062500000e+02
1.380317382812500000e+02 1.503214721679687500e+02 1.215162963867187500e+02
1.382758178710937500e+02 1.501483764648437500e+02 1.214078369140625000e+02
1.384611206054687500e+02 1.503020629882812500e+02 1.215244750976562500e+02
1.380286254882812500e+02 1.502991943359375000e+02 1.210942382812500000e+02
1.379788818359375000e+02 1.503588867187500000e+02 1.211184692382812500e+02
1.377737426757812500e+02 1.502620239257812500e+02 1.209748535156250000e+02
1.377290649414062500e+02 1.503999633789062500e+02 1.211019287109375000e+02
1.376114501953125000e+02 1.503758544921875000e+02 1.210498657226562500e+02
1.377795410156250000e+02 1.505551147460937500e+02 1.211638793945312500e+02
1.376928100585937500e+02 1.504588623046875000e+02 1.209605102539062500e+02
1.379212036132812500e+02 1.504478149414062500e+02 1.209677124023437500e+02
1.377786865234375000e+02 1.502111206054687500e+02 1.208405761718750000e+02
1.379125976562500000e+02 1.503282470703125000e+02 1.207409057617187500e+02
1.377177124023437500e+02 1.501873168945312500e+02 1.211654663085937500e+02
1.377633666992187500e+02 1.503468017578125000e+02 1.216082153320312500e+02
1.374790649414062500e+02 1.501965942382812500e+02 1.215501708984375000e+02
1.375884399414062500e+02 1.503103637695312500e+02 1.217420654296875000e+02
1.375225219726562500e+02 1.501754150390625000e+02 1.218379516601562500e+02
1.377929687500000000e+02 1.503826904296875000e+02 1.220969848632812500e+02
1.377102661132812500e+02 1.502782592773437500e+02 1.220653686523437500e+02
1.377833862304687500e+02 1.503587646484375000e+02 1.221614990234375000e+02
1.376804199218750000e+02 1.501986694335937500e+02 1.220465087890625000e+02
1.378506469726562500e+02 1.503565673828125000e+02 1.222576293945312500e+02
1.375504150390625000e+02 1.501901245117187500e+02 1.218378906250000000e+02
1.374761962890625000e+02 1.502530517578125000e+02 1.217233886718750000e+02
1.372255249023437500e+02 1.501577148437500000e+02 1.215252075195312500e+02
1.371037597656250000e+02 1.503680419921875000e+02 1.214513549804687500e+02
1.369593505859375000e+02 1.503233032226562500e+02 1.211762695312500000e+02
1.371708374023437500e+02 1.503884887695312500e+02 1.214838867187500000e+02
1.374215087890625000e+02 1.503900756835937500e+02 1.215297241210937500e+02
1.376717529296875000e+02 1.505128173828125000e+02 1.216463012695312500e+02
1.376290893554687500e+02 1.504932250976562500e+02 1.216196289062500000e+02
1.376352539062500000e+02 1.504562988281250000e+02 1.216383666992187500e+02
1.376524658203125000e+02 1.504126586914062500e+02 1.216229248046875000e+02
1.377528076171875000e+02 1.505682373046875000e+02 1.215279541015625000e+02
1.376417846679687500e+02 1.505481567382812500e+02 1.213900146484375000e+02
1.377880249023437500e+02 1.507514648437500000e+02 1.214699707031250000e+02
1.376072998046875000e+02 1.505247192382812500e+02 1.213829956054687500e+02
1.377214355468750000e+02 1.506040649414062500e+02 1.216139526367187500e+02
1.377114257812500000e+02 1.505607910156250000e+02 1.217030029296875000e+02
1.378884277343750000e+02 1.507406005859375000e+02 1.219410400390625000e+02
1.377914428710937500e+02 1.505813598632812500e+02 1.218503417968750000e+02
1.379455566406250000e+02 1.507177124023437500e+02 1.219368896484375000e+02
1.378692016601562500e+02 1.505932006835937500e+02 1.218526611328125000e+02
1.379487915039062500e+02 1.506228637695312500e+02 1.220335083007812500e+02
1.378540649414062500e+02 1.505314941406250000e+02 1.219039306640625000e+02
1.379231567382812500e+02 1.505951538085937500e+02 1.218513183593750000e+02
1.377770996093750000e+02 1.504295654296875000e+02 1.217283935546875000e+02
1.380652465820312500e+02 1.505279541015625000e+02 1.218278198242187500e+02
1.380184326171875000e+02 1.503264770507812500e+02 1.218908691406250000e+02
1.382706298828125000e+02 1.505273437500000000e+02 1.220763549804687500e+02
1.383036499023437500e+02 1.504039306640625000e+02 1.221530151367187500e+02
1.384567260742187500e+02 1.504951782226562500e+02 1.222297973632812500e+02
1.373566284179687500e+02 1.504437866210937500e+02 1.218478393554687500e+02
1.365524291992187500e+02 1.507553100585937500e+02 1.217580566406250000e+02
1.360802001953125000e+02 1.506293334960937500e+02 1.214114990234375000e+02
1.360465087890625000e+02 1.507653808593750000e+02 1.214288330078125000e+02
1.357827758789062500e+02 1.506542968750000000e+02 1.213225708007812500e+02
1.365082397460937500e+02 1.507620239257812500e+02 1.216336059570312500e+02
1.369461669921875000e+02 1.505423583984375000e+02 1.216793823242187500e+02
1.375095825195312500e+02 1.505275878906250000e+02 1.217577514648437500e+02
1.375483398437500000e+02 1.504579467773437500e+02 1.216185913085937500e+02
1.377485351562500000e+02 1.505749511718750000e+02 1.217719116210937500e+02
1.376833496093750000e+02 1.504442138671875000e+02 1.215961914062500000e+02
1.375792846679687500e+02 1.505259399414062500e+02 1.216685180664062500e+02
1.374952392578125000e+02 1.504343261718750000e+02 1.214891967773437500e+02
1.375369873046875000e+02 1.505042114257812500e+02 1.216861572265625000e+02
1.372733764648437500e+02 1.504461059570312500e+02 1.215532226562500000e+02
