1.252089233398437500e+02 1.223906250000000000e+02 9.582165527343750000e+01
1.250635375976562500e+02 1.222208251953125000e+02 9.565246582031250000e+01
1.253518066406250000e+02 1.225075683593750000e+02 9.594287109375000000e+01
1.252583007812500000e+02 1.223610839843750000e+02 9.577325439453125000e+01
1.250139770507812500e+02 1.224205932617187500e+02 9.426855468750000000e+01
1.247510986328125000e+02 1.223895263671875000e+02 9.343371582031250000e+01
1.245842895507812500e+02 1.223191528320312500e+02 9.276580810546875000e+01
1.245009765625000000e+02 1.223933105468750000e+02 9.226892089843750000e+01
1.240684204101562500e+02 1.225153808593750000e+02 9.198120117187500000e+01
1.237484741210937500e+02 1.224779663085937500e+02 9.189221191406250000e+01
1.235481567382812500e+02 1.223588256835937500e+02 9.191467285156250000e+01
1.233188476562500000e+02 1.221856079101562500e+02 9.186419677734375000e+01
1.231564331054687500e+02 1.220598144531250000e+02 9.167211914062500000e+01
1.231130981445312500e+02 1.219573974609375000e+02 9.181646728515625000e+01
1.231767578125000000e+02 1.220296020507812500e+02 9.189166259765625000e+01
1.232188720703125000e+02 1.221130371093750000e+02 9.176580810546875000e+01
1.234179077148437500e+02 1.223118896484375000e+02 9.200177001953125000e+01
1.235133666992187500e+02 1.224381103515625000e+02 9.226025390625000000e+01
1.235822143554687500e+02 1.224442749023437500e+02 9.183959960937500000e+01
1.235853881835937500e+02 1.223245239257812500e+02 9.086761474609375000e+01
1.235954589843750000e+02 1.221763916015625000e+02 9.000537109375000000e+01
1.236546630859375000e+02 1.220268554687500000e+02 8.976818847656250000e+01
1.236254882812500000e+02 1.218731689453125000e+02 8.965148925781250000e+01
1.235401611328125000e+02 1.218325195312500000e+02 8.967852783203125000e+01
1.233664550781250000e+02 1.216414794921875000e+02 8.963348388671875000e+01
1.233043823242187500e+02 1.216133422851562500e+02 8.969683837890625000e+01
1.232210693359375000e+02 1.214623413085937500e+02 8.969018554687500000e+01
1.232676391601562500e+02 1.214339599609375000e+02 8.982788085937500000e+01
1.232651977539062500e+02 1.213428344726562500e+02 8.967327880859375000e+01
1.233212280273437500e+02 1.213057861328125000e+02 8.982720947265625000e+01
1.234179077148437500e+02 1.213193359375000000e+02 8.994146728515625000e+01
1.235246582031250000e+02 1.214777832031250000e+02 9.004534912109375000e+01
1.235119018554687500e+02 1.214233398437500000e+02 8.993383789062500000e+01
1.230539550781250000e+02 1.214970703125000000e+02 9.010101318359375000e+01
1.225822143554687500e+02 1.212839355468750000e+02 9.000360107421875000e+01
1.221714477539062500e+02 1.209720458984375000e+02 8.970898437500000000e+01
1.215386962890625000e+02 1.204967651367187500e+02 8.931799316406250000e+01
1.212548828125000000e+02 1.201312866210937500e+02 8.898553466796875000e+01
1.208560180664062500e+02 1.195876464843750000e+02 8.814508056640625000e+01
1.204754028320312500e+02 1.192024536132812500e+02 8.753735351562500000e+01
1.201579589843750000e+02 1.187369384765625000e+02 8.713708496093750000e+01
1.199496459960937500e+02 1.184968872070312500e+02 8.663275146484375000e+01
1.197892456054687500e+02 1.181976318359375000e+02 8.637469482421875000e+01
1.190264892578125000e+02 1.182396850585937500e+02 8.609838867187500000e+01
1.185346069335937500e+02 1.180565795898437500e+02 8.586401367187500000e+01
1.183774414062500000e+02 1.180494995117187500e+02 8.586230468750000000e+01
1.182659301757812500e+02 1.180007934570312500e+02 8.583496093750000000e+01
1.182194824218750000e+02 1.180979614257812500e+02 8.596051025390625000e+01
1.181697387695312500e+02 1.181434936523437500e+02 8.542449951171875000e+01
1.184237670898437500e+02 1.181888427734375000e+02 8.471350097656250000e+01
1.184317016601562500e+02 1.181434326171875000e+02 8.422094726562500000e+01
1.183743896484375000e+02 1.181461791992187500e+02 8.385351562500000000e+01
1.182234497070312500e+02 1.180310668945312500e+02 8.361328125000000000e+01
1.183053588867187500e+02 1.179321899414062500e+02 8.343292236328125000e+01
1.183571166992187500e+02 1.176942749023437500e+02 8.336260986328125000e+01
1.186301269531250000e+02 1.176802978515625000e+02 8.343829345703125000e+01
1.187015380859375000e+02 1.175760498046875000e+02 8.348693847656250000e+01
1.188343505859375000e+02 1.175816040039062500e+02 8.350811767578125000e+01
1.186840820312500000e+02 1.173782348632812500e+02 8.341644287109375000e+01
1.187726440429687500e+02 1.175518798828125000e+02 8.328656005859375000e+01
1.186465454101562500e+02 1.175055541992187500e+02 8.302886962890625000e+01
1.187407226562500000e+02 1.176485595703125000e+02 8.316674804687500000e+01
1.188094482421875000e+02 1.177527465820312500e+02 8.322186279296875000e+01
1.189910278320312500e+02 1.178631591796875000e+02 8.335211181640625000e+01
1.188582763671875000e+02 1.177056884765625000e+02 8.342169189453125000e+01
1.188359985351562500e+02 1.176301269531250000e+02 8.343017578125000000e+01
1.185000610351562500e+02 1.172082519531250000e+02 8.309509277343750000e+01
1.183707885742187500e+02 1.170553588867187500e+02 8.313793945312500000e+01
1.181392211914062500e+02 1.168090820312500000e+02 8.298699951171875000e+01
1.180461425781250000e+02 1.165852050781250000e+02 8.289642333984375000e+01
1.179083251953125000e+02 1.164099731445312500e+02 8.283990478515625000e+01
1.178939208984375000e+02 1.163776245117187500e+02 8.278247070312500000e+01
1.176632690429687500e+02 1.162252807617187500e+02 8.273278808593750000e+01
1.177037353515625000e+02 1.162586059570312500e+02 8.282977294921875000e+01
1.175973510742187500e+02 1.162910156250000000e+02 8.275268554687500000e+01
1.178289184570312500e+02 1.165312500000000000e+02 8.301232910156250000e+01
1.179226684570312500e+02 1.167829589843750000e+02 8.310058593750000000e+01
1.181011962890625000e+02 1.171469116210937500e+02 8.320330810546875000e+01
1.184779663085937500e+02 1.172399902343750000e+02 8.379290771484375000e+01
1.187298583984375000e+02 1.173808593750000000e+02 8.428369140625000000e+01
1.188153076171875000e+02 1.173807373046875000e+02 8.447711181640625000e+01
1.189418945312500000e+02 1.174652099609375000e+02 8.463769531250000000e+01
1.189682006835937500e+02 1.174163208007812500e+02 8.472320556640625000e+01
1.190195922851562500e+02 1.174042358398437500e+02 8.467279052734375000e+01
1.188563842773437500e+02 1.173358154296875000e+02 8.406555175781250000e+01
1.190192871093750000e+02 1.174776000976562500e+02 8.433306884765625000e+01
1.190449829101562500e+02 1.172863159179687500e+02 8.407257080078125000e+01
1.191939086914062500e+02 1.173958129882812500e+02 8.407135009765625000e+01
1.190623168945312500e+02 1.173535156250000000e+02 8.411035156250000000e+01
1.192252197265625000e+02 1.174790039062500000e+02 8.442053222656250000e+01
1.192119750976562500e+02 1.174255981445312500e+02 8.443157958984375000e+01
1.193309936523437500e+02 1.174922485351562500e+02 8.453491210937500000e+01
1.191796875000000000e+02 1.174102783203125000e+02 8.439886474609375000e+01
1.189951171875000000e+02 1.172651367187500000e+02 8.391918945312500000e+01
1.187189941406250000e+02 1.170735473632812500e+02 8.341784667968750000e+01
1.186295776367187500e+02 1.171245727539062500e+02 8.339392089843750000e+01
1.183491210937500000e+02 1.168495483398437500e+02 8.306201171875000000e+01
1.182279052734375000e+02 1.168336181640625000e+02 8.292260742187500000e+01
1.180895385742187500e+02 1.166572875976562500e+02 8.304418945312500000e+01
1.179855346679687500e+02 1.166854248046875000e+02 8.311773681640625000e+01
1.178138427734375000e+02 1.166713867187500000e+02 8.304779052734375000e+01
1.177502441406250000e+02 1.167105712890625000e+02 8.323321533203125000e+01
1.179109497070312500e+02 1.168619995117187500e+02 8.333367919921875000e+01
1.179657592773437500e+02 1.170395507812500000e+02 8.357470703125000000e+01
1.179447021484375000e+02 1.171335449218750000e+02 8.363928222656250000e+01
1.180788574218750000e+02 1.173623657226562500e+02 8.382604980468750000e+01
1.181648559570312500e+02 1.174768066406250000e+02 8.397381591796875000e+01
1.182561645507812500e+02 1.176224365234375000e+02 8.412188720703125000e+01
1.183444213867187500e+02 1.177130737304687500e+02 8.422253417968750000e+01
1.184086303710937500e+02 1.178083496093750000e+02 8.438616943359375000e+01
1.183089599609375000e+02 1.176275024414062500e+02 8.441949462890625000e+01
1.182800903320312500e+02 1.175588378906250000e+02 8.448437500000000000e+01
1.182526855468750000e+02 1.174216308593750000e+02 8.432012939453125000e+01
1.182144165039062500e+02 1.173835449218750000e+02 8.420135498046875000e+01
1.181651000976562500e+02 1.172093505859375000e+02 8.399847412109375000e+01
1.183280639648437500e+02 1.173587036132812500e+02 8.408868408203125000e+01
1.183768920898437500e+02 1.174159545898437500e+02 8.386163330078125000e+01
1.185668945312500000e+02 1.174438476562500000e+02 8.398913574218750000e+01
1.184378662109375000e+02 1.173582153320312500e+02 8.378601074218750000e+01
1.185881958007812500e+02 1.173539428710937500e+02 8.388745117187500000e+01
1.184239501953125000e+02 1.173229370117187500e+02 8.362634277343750000e+01
1.185523071289062500e+02 1.173158569335937500e+02 8.368255615234375000e+01
1.185089111328125000e+02 1.171929931640625000e+02 8.366168212890625000e+01
1.184226074218750000e+02 1.172089233398437500e+02 8.351007080078125000e+01
1.183453369140625000e+02 1.170617675781250000e+02 8.331616210937500000e+01
1.182754516601562500e+02 1.170260009765625000e+02 8.328930664062500000e+01
1.181026000976562500e+02 1.168443603515625000e+02 8.317138671875000000e+01
1.180671386718750000e+02 1.167957153320312500e+02 8.312322998046875000e+01
1.181281127929687500e+02 1.166804199218750000e+02 8.375488281250000000e+01
1.181387329101562500e+02 1.166601562500000000e+02 8.472845458984375000e+01
1.181057128906250000e+02 1.166677856445312500e+02 8.520770263671875000e+01
1.182427978515625000e+02 1.168546142578125000e+02 8.542791748046875000e+01
1.182770385742187500e+02 1.169646606445312500e+02 8.560412597656250000e+01
1.184323120117187500e+02 1.171788330078125000e+02 8.564324951171875000e+01
1.185883178710937500e+02 1.173234863281250000e+02 8.567608642578125000e+01
1.187637939453125000e+02 1.174186401367187500e+02 8.576788330078125000e+01
1.188225097656250000e+02 1.175282592773437500e+02 8.568432617187500000e+01
1.188909301757812500e+02 1.176366577148437500e+02 8.554974365234375000e+01
1.189566650390625000e+02 1.176216430664062500e+02 8.577984619140625000e+01
1.190895996093750000e+02 1.177285766601562500e+02 8.604626464843750000e+01
1.191217041015625000e+02 1.175828247070312500e+02 8.615911865234375000e+01
1.191709594726562500e+02 1.175635375976562500e+02 8.635766601562500000e+01
1.190969238281250000e+02 1.174284667968750000e+02 8.635736083984375000e+01
1.191972656250000000e+02 1.174970703125000000e+02 8.669970703125000000e+01
1.191441650390625000e+02 1.174961547851562500e+02 8.692559814453125000e+01
1.192671508789062500e+02 1.177011718750000000e+02 8.718231201171875000e+01
1.193792724609375000e+02 1.178111572265625000e+02 8.736407470703125000e+01
1.194955444335937500e+02 1.179912719726562500e+02 8.760864257812500000e+01
1.197147827148437500e+02 1.180445556640625000e+02 8.759710693359375000e+01
1.200614013671875000e+02 1.181735839843750000e+02 8.781024169921875000e+01
1.200562133789062500e+02 1.181047363281250000e+02 8.768530273437500000e+01
1.202359008789062500e+02 1.181842041015625000e+02 8.790069580078125000e+01
1.203593750000000000e+02 1.180596313476562500e+02 8.788635253906250000e+01
1.203225097656250000e+02 1.180983276367187500e+02 8.786114501953125000e+01
1.200657958984375000e+02 1.179095458984375000e+02 8.736810302734375000e+01
1.200795288085937500e+02 1.179390869140625000e+02 8.723406982421875000e+01
1.199825439453125000e+02 1.177580566406250000e+02 8.700201416015625000e+01
1.199367065429687500e+02 1.178220214843750000e+02 8.680249023437500000e+01
1.200623168945312500e+02 1.177799072265625000e+02 8.691662597656250000e+01
1.204420776367187500e+02 1.177213745117187500e+02 8.686376953125000000e+01
1.205800781250000000e+02 1.175700073242187500e+02 8.682586669921875000e+01
1.208632202148437500e+02 1.176878051757812500e+02 8.706256103515625000e+01
1.209831542968750000e+02 1.177826538085937500e+02 8.720947265625000000e+01
1.208647460937500000e+02 1.179929199218750000e+02 8.740069580078125000e+01
1.207448120117187500e+02 1.180735473632812500e+02 8.754339599609375000e+01
1.209651489257812500e+02 1.183074951171875000e+02 8.769738769531250000e+01
1.209100952148437500e+02 1.184479980468750000e+02 8.777844238281250000e+01
1.210381469726562500e+02 1.186157226562500000e+02 8.787091064453125000e+01
1.210805664062500000e+02 1.186406250000000000e+02 8.800164794921875000e+01
1.211972656250000000e+02 1.188149414062500000e+02 8.797332763671875000e+01
1.212662353515625000e+02 1.188654174804687500e+02 8.806689453125000000e+01
1.213454589843750000e+02 1.189191894531250000e+02 8.821917724609375000e+01
1.212743530273437500e+02 1.188501586914062500e+02 8.822821044921875000e+01
1.209426269531250000e+02 1.189638671875000000e+02 8.862182617187500000e+01
1.206407470703125000e+02 1.189555053710937500e+02 8.901257324218750000e+01
1.204566650390625000e+02 1.190914916992187500e+02 8.922198486328125000e+01
1.203413696289062500e+02 1.189866333007812500e+02 8.932873535156250000e+01
1.204655151367187500e+02 1.192224121093750000e+02 8.949468994140625000e+01
1.206188354492187500e+02 1.192000122070312500e+02 8.941900634765625000e+01
1.209851684570312500e+02 1.194488525390625000e+02 8.958508300781250000e+01
1.212827148437500000e+02 1.193266601562500000e+02 8.944134521484375000e+01
1.213850097656250000e+02 1.195493774414062500e+02 8.946844482421875000e+01
1.214472045898437500e+02 1.196020507812500000e+02 8.946368408203125000e+01
1.215534667968750000e+02 1.196298217773437500e+02 8.919689941406250000e+01
1.214179077148437500e+02 1.195153808593750000e+02 8.902020263671875000e+01
1.214913940429687500e+02 1.196373291015625000e+02 8.894317626953125000e+01
1.214344482421875000e+02 1.195877075195312500e+02 8.882580566406250000e+01
1.214163208007812500e+02 1.195728149414062500e+02 8.884552001953125000e+01
1.214011230468750000e+02 1.194862670898437500e+02 8.863720703125000000e+01
1.214826660156250000e+02 1.195539550781250000e+02 8.870098876953125000e+01
1.214231567382812500e+02 1.195436401367187500e+02 8.877032470703125000e+01
1.214082031250000000e+02 1.195560913085937500e+02 8.869250488281250000e+01
1.214155273437500000e+02 1.195217285156250000e+02 8.858575439453125000e+01
1.215350952148437500e+02 1.196409912109375000e+02 8.765264892578125000e+01
1.215388793945312500e+02 1.197681884765625000e+02 8.695263671875000000e+01
1.216367797851562500e+02 1.198914184570312500e+02 8.672973632812500000e+01
1.216814575195312500e+02 1.199941406250000000e+02 8.654382324218750000e+01
1.217339477539062500e+02 1.200228271484375000e+02 8.649804687500000000e+01
1.216701660156250000e+02 1.198737182617187500e+02 8.669158935546875000e+01
1.217575683593750000e+02 1.199411010742187500e+02 8.732116699218750000e+01
1.216362915039062500e+02 1.198887939453125000e+02 8.744213867187500000e+01
1.215449829101562500e+02 1.198993530273437500e+02 8.747558593750000000e+01
1.213405761718750000e+02 1.197207641601562500e+02 8.755969238281250000e+01
1.213822631835937500e+02 1.196469726562500000e+02 8.766357421875000000e+01
1.213287963867187500e+02 1.195233764648437500e+02 8.759246826171875000e+01
1.213706665039062500e+02 1.194864501953125000e+02 8.762615966796875000e+01
1.213242187500000000e+02 1.193758544921875000e+02 8.749682617187500000e+01
1.213468627929687500e+02 1.193802490234375000e+02 8.761230468750000000e+01
1.212966918945312500e+02 1.194251098632812500e+02 8.731903076171875000e+01
1.213562011718750000e+02 1.195111083984375000e+02 8.688287353515625000e+01
1.212910156250000000e+02 1.194544677734375000e+02 8.679095458984375000e+01
1.212762451171875000e+02 1.194125976562500000e+02 8.667199707031250000e+01
1.211042480468750000e+02 1.192133178710937500e+02 8.632086181640625000e+01
1.210888061523437500e+02 1.192431030273437500e+02 8.601318359375000000e+01
1.209672241210937500e+02 1.190927734375000000e+02 8.562774658203125000e+01
1.209925537109375000e+02 1.191354370117187500e+02 8.552355957031250000e+01
1.209177246093750000e+02 1.190258789062500000e+02 8.538281250000000000e+01
1.209231567382812500e+02 1.190546875000000000e+02 8.521807861328125000e+01
1.207998046875000000e+02 1.189921875000000000e+02 8.494720458984375000e+01
1.208041992187500000e+02 1.189105834960937500e+02 8.480194091796875000e+01
1.206830444335937500e+02 1.187266235351562500e+02 8.465496826171875000e+01
1.207135009765625000e+02 1.188806762695312500e+02 8.456878662109375000e+01
1.207940063476562500e+02 1.189496459960937500e+02 8.452368164062500000e+01
1.209885253906250000e+02 1.191333618164062500e+02 8.475897216796875000e+01
1.211366577148437500e+02 1.192893066406250000e+02 8.480981445312500000e+01
1.213359985351562500e+02 1.195218505859375000e+02 8.504718017578125000e+01
1.214646606445312500e+02 1.196748657226562500e+02 8.520288085937500000e+01
1.216292724609375000e+02 1.198799438476562500e+02 8.538311767578125000e+01
1.216445312500000000e+02 1.199133911132812500e+02 8.591558837890625000e+01
1.215354003906250000e+02 1.198009643554687500e+02 8.655523681640625000e+01
1.214004516601562500e+02 1.196570434570312500e+02 8.677667236328125000e+01
1.212384643554687500e+02 1.194430541992187500e+02 8.690222167968750000e+01
1.211557006835937500e+02 1.192916259765625000e+02 8.695758056640625000e+01
1.208906250000000000e+02 1.192274169921875000e+02 8.639196777343750000e+01
1.205438842773437500e+02 1.194134521484375000e+02 8.618145751953125000e+01
1.204577026367187500e+02 1.196492309570312500e+02 8.619366455078125000e+01
1.204741210937500000e+02 1.197040405273437500e+02 8.611560058593750000e+01
1.207050170898437500e+02 1.198741455078125000e+02 8.629998779296875000e+01
1.207821655273437500e+02 1.200429077148437500e+02 8.612982177734375000e+01
1.209356079101562500e+02 1.201337890625000000e+02 8.586138916015625000e+01
1.210871582031250000e+02 1.201290283203125000e+02 8.541833496093750000e+01
1.211581420898437500e+02 1.201656494140625000e+02 8.547503662109375000e+01
1.210729980468750000e+02 1.200643310546875000e+02 8.553002929687500000e+01
1.208567504882812500e+02 1.198626708984375000e+02 8.519720458984375000e+01
1.206428222656250000e+02 1.195932006835937500e+02 8.475653076171875000e+01
1.205397949218750000e+02 1.194903564453125000e+02 8.458428955078125000e+01
1.204479980468750000e+02 1.193588867187500000e+02 8.447479248046875000e+01
1.204754028320312500e+02 1.193762817382812500e+02 8.435668945312500000e+01
1.205641479492187500e+02 1.193184204101562500e+02 8.466845703125000000e+01
1.207033081054687500e+02 1.192952270507812500e+02 8.501269531250000000e+01
1.209152221679687500e+02 1.194680175781250000e+02 8.512786865234375000e+01
1.213782958984375000e+02 1.197299194335937500e+02 8.568066406250000000e+01
1.216557617187500000e+02 1.199923706054687500e+02 8.595910644531250000e+01
1.218432617187500000e+02 1.202161254882812500e+02 8.624285888671875000e+01
1.222769775390625000e+02 1.205366821289062500e+02 8.642968750000000000e+01
1.224620971679687500e+02 1.206344604492187500e+02 8.646868896484375000e+01
1.225621337890625000e+02 1.206515502929687500e+02 8.662829589843750000e+01
1.225252075195312500e+02 1.206924438476562500e+02 8.657189941406250000e+01
1.225888671875000000e+02 1.206277465820312500e+02 8.649176025390625000e+01
1.227517700195312500e+02 1.204967041015625000e+02 8.647454833984375000e+01
1.226649169921875000e+02 1.202796020507812500e+02 8.634973144531250000e+01
1.225195312500000000e+02 1.199981079101562500e+02 8.609094238281250000e+01
1.225398559570312500e+02 1.197186279296875000e+02 8.594403076171875000e+01
1.220838623046875000e+02 1.195300903320312500e+02 8.587823486328125000e+01
1.218469848632812500e+02 1.194458618164062500e+02 8.576745605468750000e+01
1.217130126953125000e+02 1.193387451171875000e+02 8.589483642578125000e+01
1.215291137695312500e+02 1.192437744140625000e+02 8.580285644531250000e+01
1.214420166015625000e+02 1.192116088867187500e+02 8.585345458984375000e+01
1.214453735351562500e+02 1.191284790039062500e+02 8.608148193359375000e+01
1.214118652343750000e+02 1.191350097656250000e+02 8.652886962890625000e+01
1.212501831054687500e+02 1.192230224609375000e+02 8.646746826171875000e+01
1.211284179687500000e+02 1.191913452148437500e+02 8.663476562500000000e+01
1.212018432617187500e+02 1.191455078125000000e+02 8.672894287109375000e+01
1.210230712890625000e+02 1.189158325195312500e+02 8.639978027343750000e+01
1.209036254882812500e+02 1.187265625000000000e+02 8.629315185546875000e+01
1.207681884765625000e+02 1.186229858398437500e+02 8.611053466796875000e+01
1.206986694335937500e+02 1.185404663085937500e+02 8.590344238281250000e+01
1.206034545898437500e+02 1.184854736328125000e+02 8.585394287109375000e+01
1.204702148437500000e+02 1.184780883789062500e+02 8.593664550781250000e+01
1.204395141601562500e+02 1.184948730468750000e+02 8.625769042968750000e+01
1.204461059570312500e+02 1.185243530273437500e+02 8.633831787109375000e+01
1.203064575195312500e+02 1.185044555664062500e+02 8.655682373046875000e+01
1.204658813476562500e+02 1.186569213867187500e+02 8.674597167968750000e+01
1.203242797851562500e+02 1.186799926757812500e+02 8.682849121093750000e+01
1.202235717773437500e+02 1.189546508789062500e+02 8.722308349609375000e+01
1.202952880859375000e+02 1.192550659179687500e+02 8.768994140625000000e+01
1.204326171875000000e+02 1.195054321289062500e+02 8.797406005859375000e+01
1.204627685546875000e+02 1.197072143554687500e+02 8.815612792968750000e+01
1.204674682617187500e+02 1.198514404296875000e+02 8.818206787109375000e+01
1.205747680664062500e+02 1.199313354492187500e+02 8.816052246093750000e+01
1.206337890625000000e+02 1.199979858398437500e+02 8.813549804687500000e+01
1.206357421875000000e+02 1.200255737304687500e+02 8.811254882812500000e+01
1.206037597656250000e+02 1.200990600585937500e+02 8.798516845703125000e+01
1.205620117187500000e+02 1.201275634765625000e+02 8.828076171875000000e+01
1.205171508789062500e+02 1.200143432617187500e+02 8.834338378906250000e+01
1.203166503906250000e+02 1.197772216796875000e+02 8.834448242187500000e+01
1.203148193359375000e+02 1.197216186523437500e+02 8.840588378906250000e+01
1.202920532226562500e+02 1.196740722656250000e+02 8.847235107421875000e+01
1.204707641601562500e+02 1.196855468750000000e+02 8.851586914062500000e+01
1.207069091796875000e+02 1.197135009765625000e+02 8.865869140625000000e+01
1.209694824218750000e+02 1.197141723632812500e+02 8.898205566406250000e+01
1.209682617187500000e+02 1.197283325195312500e+02 8.894256591796875000e+01
1.211101074218750000e+02 1.198374633789062500e+02 8.902276611328125000e+01
1.209761352539062500e+02 1.197177734375000000e+02 8.831640625000000000e+01
1.209064331054687500e+02 1.196931762695312500e+02 8.807379150390625000e+01
1.208637084960937500e+02 1.196568603515625000e+02 8.774609375000000000e+01
1.208038940429687500e+02 1.196417236328125000e+02 8.751690673828125000e+01
1.206857910156250000e+02 1.195529785156250000e+02 8.723388671875000000e+01
1.206959838867187500e+02 1.195129394531250000e+02 8.732049560546875000e+01
1.207349243164062500e+02 1.195021972656250000e+02 8.740747070312500000e+01
1.208923339843750000e+02 1.194811401367187500e+02 8.758166503906250000e+01
1.208021850585937500e+02 1.194840698242187500e+02 8.757263183593750000e+01
1.208739624023437500e+02 1.194828491210937500e+02 8.748510742187500000e+01
1.205856323242187500e+02 1.195276489257812500e+02 8.765014648437500000e+01
1.205565185546875000e+02 1.196560058593750000e+02 8.822070312500000000e+01
1.204949951171875000e+02 1.197390747070312500e+02 8.857598876953125000e+01
1.204902954101562500e+02 1.200123901367187500e+02 8.891497802734375000e+01
1.203985595703125000e+02 1.202983398437500000e+02 8.908599853515625000e+01
1.205972900390625000e+02 1.205263671875000000e+02 8.893981933593750000e+01
1.206020507812500000e+02 1.205176391601562500e+02 8.888201904296875000e+01
1.207553100585937500e+02 1.206373901367187500e+02 8.857135009765625000e+01
1.207785644531250000e+02 1.207229003906250000e+02 8.863250732421875000e+01
1.207675781250000000e+02 1.207352294921875000e+02 8.844372558593750000e+01
1.207504272460937500e+02 1.207044677734375000e+02 8.844165039062500000e+01
1.207462158203125000e+02 1.206953735351562500e+02 8.858123779296875000e+01
1.206250000000000000e+02 1.205808715820312500e+02 8.867028808593750000e+01
1.204276733398437500e+02 1.204149780273437500e+02 8.854473876953125000e+01
1.201646118164062500e+02 1.201394653320312500e+02 8.840771484375000000e+01
1.201426391601562500e+02 1.199177246093750000e+02 8.795751953125000000e+01
1.202999877929687500e+02 1.196749267578125000e+02 8.773065185546875000e+01
1.203595581054687500e+02 1.195092163085937500e+02 8.737066650390625000e+01
1.202309570312500000e+02 1.192882690429687500e+02 8.703295898437500000e+01
1.202595825195312500e+02 1.192495117187500000e+02 8.704333496093750000e+01
1.202864990234375000e+02 1.192443237304687500e+02 8.749078369140625000e+01
1.203938598632812500e+02 1.194291992187500000e+02 8.764184570312500000e+01
1.203079833984375000e+02 1.194104614257812500e+02 8.776660156250000000e+01
1.203493041992187500e+02 1.194009399414062500e+02 8.793402099609375000e+01
1.201856689453125000e+02 1.192846069335937500e+02 8.805676269531250000e+01
1.201980590820312500e+02 1.193099975585937500e+02 8.773937988281250000e+01
1.198760375976562500e+02 1.189495849609375000e+02 8.693157958984375000e+01
1.198226318359375000e+02 1.188627929687500000e+02 8.657446289062500000e+01
1.196640014648437500e+02 1.186406250000000000e+02 8.640930175781250000e+01
1.195714721679687500e+02 1.185020141601562500e+02 8.623107910156250000e+01
1.193125000000000000e+02 1.182749633789062500e+02 8.593261718750000000e+01
1.191869506835937500e+02 1.181895141601562500e+02 8.582141113281250000e+01
1.190332641601562500e+02 1.180447387695312500e+02 8.556286621093750000e+01
1.191087646484375000e+02 1.180852661132812500e+02 8.550073242187500000e+01
1.191261596679687500e+02 1.181402587890625000e+02 8.559515380859375000e+01
1.193657836914062500e+02 1.183320922851562500e+02 8.550439453125000000e+01
1.196136474609375000e+02 1.184999389648437500e+02 8.542913818359375000e+01
1.198611450195312500e+02 1.187262573242187500e+02 8.559600830078125000e+01
1.200125122070312500e+02 1.189645996093750000e+02 8.573516845703125000e+01
1.203902587890625000e+02 1.192831420898437500e+02 8.596893310546875000e+01
1.206504516601562500e+02 1.194888916015625000e+02 8.587939453125000000e+01
1.210831298828125000e+02 1.196559448242187500e+02 8.574658203125000000e+01
1.213628540039062500e+02 1.195357666015625000e+02 8.541210937500000000e+01
1.214830322265625000e+02 1.194724121093750000e+02 8.549548339843750000e+01
1.213977050781250000e+02 1.193090820312500000e+02 8.526440429687500000e+01
1.213168334960937500e+02 1.194365844726562500e+02 8.530792236328125000e+01
1.210173950195312500e+02 1.193494873046875000e+02 8.508422851562500000e+01
1.207908935546875000e+02 1.196119384765625000e+02 8.525103759765625000e+01
1.207760620117187500e+02 1.195872802734375000e+02 8.520159912109375000e+01
1.209661254882812500e+02 1.197881469726562500e+02 8.543768310546875000e+01
1.206560058593750000e+02 1.200100097656250000e+02 8.544256591796875000e+01
1.204425048828125000e+02 1.202230834960937500e+02 8.570599365234375000e+01
1.203130493164062500e+02 1.201785278320312500e+02 8.564282226562500000e+01
1.201671752929687500e+02 1.201755981445312500e+02 8.587292480468750000e+01
1.200070190429687500e+02 1.200209350585937500e+02 8.572058105468750000e+01
1.202246704101562500e+02 1.197987670898437500e+02 8.601959228515625000e+01
1.202855224609375000e+02 1.193914184570312500e+02 8.581909179687500000e+01
1.202813720703125000e+02 1.191138916015625000e+02 8.582391357421875000e+01
1.201310424804687500e+02 1.188099975585937500e+02 8.568823242187500000e+01
1.200654907226562500e+02 1.187323608398437500e+02 8.559606933593750000e+01
1.197756958007812500e+02 1.183975219726562500e+02 8.512591552734375000e+01
1.197095947265625000e+02 1.182114868164062500e+02 8.504650878906250000e+01
1.195165405273437500e+02 1.179965209960937500e+02 8.470935058593750000e+01
1.195054321289062500e+02 1.180691528320312500e+02 8.461907958984375000e+01
1.194895629882812500e+02 1.180987548828125000e+02 8.466479492187500000e+01
1.197485351562500000e+02 1.183507080078125000e+02 8.520867919921875000e+01
1.198591308593750000e+02 1.184438476562500000e+02 8.553240966796875000e+01
1.202551269531250000e+02 1.188130493164062500e+02 8.597265625000000000e+01
1.203349609375000000e+02 1.188849487304687500e+02 8.611517333984375000e+01
1.205086669921875000e+02 1.191764526367187500e+02 8.636450195312500000e+01
1.206350708007812500e+02 1.192260131835937500e+02 8.660101318359375000e+01
1.209213256835937500e+02 1.194152832031250000e+02 8.665972900390625000e+01
1.210564575195312500e+02 1.193318481445312500e+02 8.675268554687500000e+01
1.211912841796875000e+02 1.194051513671875000e+02 8.669158935546875000e+01
1.211288452148437500e+02 1.192739868164062500e+02 8.649993896484375000e+01
1.209925537109375000e+02 1.191488037109375000e+02 8.643261718750000000e+01
1.207824707031250000e+02 1.189321899414062500e+02 8.625280761718750000e+01
1.207933349609375000e+02 1.190418701171875000e+02 8.644067382812500000e+01
1.207575683593750000e+02 1.189988403320312500e+02 8.646099853515625000e+01
1.208245239257812500e+02 1.191069946289062500e+02 8.662945556640625000e+01
1.207342529296875000e+02 1.190038452148437500e+02 8.628002929687500000e+01
1.208460693359375000e+02 1.191284179687500000e+02 8.620141601562500000e+01
1.207539062500000000e+02 1.190704345703125000e+02 8.596588134765625000e+01
1.208092651367187500e+02 1.191723632812500000e+02 8.595318603515625000e+01
1.207010498046875000e+02 1.191834106445312500e+02 8.582104492187500000e+01
1.206645507812500000e+02 1.192015991210937500e+02 8.605737304687500000e+01
1.201007080078125000e+02 1.191784667968750000e+02 8.597705078125000000e+01
1.199983520507812500e+02 1.190726318359375000e+02 8.606726074218750000e+01
1.196984252929687500e+02 1.188201904296875000e+02 8.577502441406250000e+01
1.196265869140625000e+02 1.187968139648437500e+02 8.580517578125000000e+01
1.196415405273437500e+02 1.187059326171875000e+02 8.578051757812500000e+01
1.198721313476562500e+02 1.187060546875000000e+02 8.599969482421875000e+01
1.199532470703125000e+02 1.186353149414062500e+02 8.648968505859375000e+01
1.202111206054687500e+02 1.187698364257812500e+02 8.656982421875000000e+01
1.203438110351562500e+02 1.188007202148437500e+02 8.669787597656250000e+01
1.207786865234375000e+02 1.190045166015625000e+02 8.699816894531250000e+01
1.212047729492187500e+02 1.191110229492187500e+02 8.719677734375000000e+01
1.215073852539062500e+02 1.193110351562500000e+02 8.755590820312500000e+01
1.216312866210937500e+02 1.193910522460937500e+02 8.740502929687500000e+01
1.218186035156250000e+02 1.194940185546875000e+02 8.751727294921875000e+01
1.214329833984375000e+02 1.195856933593750000e+02 8.821893310546875000e+01
1.213025512695312500e+02 1.196744384765625000e+02 8.883447265625000000e+01
1.210771484375000000e+02 1.196313476562500000e+02 8.896893310546875000e+01
1.211326904296875000e+02 1.197935791015625000e+02 8.924456787109375000e+01
1.209069213867187500e+02 1.197377319335937500e+02 8.922302246093750000e+01
1.204343872070312500e+02 1.197269287109375000e+02 8.916448974609375000e+01
1.200359497070312500e+02 1.193879394531250000e+02 8.892797851562500000e+01
1.197598266601562500e+02 1.194514770507812500e+02 8.908563232421875000e+01
1.196686401367187500e+02 1.193675537109375000e+02 8.897497558593750000e+01
1.197573242187500000e+02 1.194494628906250000e+02 8.903466796875000000e+01
1.200081787109375000e+02 1.193640747070312500e+02 8.883203125000000000e+01
1.206090087890625000e+02 1.194172363281250000e+02 8.878143310546875000e+01
1.209776611328125000e+02 1.194465942382812500e+02 8.887164306640625000e+01
1.212420654296875000e+02 1.195769042968750000e+02 8.899475097656250000e+01
1.212008666992187500e+02 1.194653930664062500e+02 8.882330322265625000e+01
1.212846679687500000e+02 1.195346679687500000e+02 8.898217773437500000e+01
1.211493530273437500e+02 1.193184204101562500e+02 8.864678955078125000e+01
1.211621093750000000e+02 1.192553100585937500e+02 8.861938476562500000e+01
1.209682006835937500e+02 1.191862182617187500e+02 8.846490478515625000e+01
1.208156738281250000e+02 1.191156616210937500e+02 8.828106689453125000e+01
1.205602416992187500e+02 1.189912719726562500e+02 8.844451904296875000e+01
1.203192138671875000e+02 1.190081787109375000e+02 8.850854492187500000e+01
1.199399414062500000e+02 1.189210815429687500e+02 8.848699951171875000e+01
1.199569702148437500e+02 1.188605346679687500e+02 8.878979492187500000e+01
1.198326416015625000e+02 1.188331909179687500e+02 8.884197998046875000e+01
1.199711914062500000e+02 1.188740844726562500e+02 8.871661376953125000e+01
1.201392211914062500e+02 1.188675537109375000e+02 8.856811523437500000e+01
1.202709960937500000e+02 1.190274658203125000e+02 8.869805908203125000e+01
1.204326171875000000e+02 1.191151733398437500e+02 8.870849609375000000e+01
1.206152343750000000e+02 1.192822265625000000e+02 8.895343017578125000e+01
1.207283325195312500e+02 1.193504028320312500e+02 8.876947021484375000e+01
1.211282348632812500e+02 1.194713745117187500e+02 8.876153564453125000e+01
1.211871948242187500e+02 1.195303955078125000e+02 8.876055908203125000e+01
1.213975219726562500e+02 1.195235595703125000e+02 8.877069091796875000e+01
1.214472656250000000e+02 1.195682983398437500e+02 8.881231689453125000e+01
1.213867187500000000e+02 1.195935058593750000e+02 8.877960205078125000e+01
1.209513549804687500e+02 1.193508911132812500e+02 8.854125976562500000e+01
1.208765258789062500e+02 1.193092041015625000e+02 8.855554199218750000e+01
1.205656127929687500e+02 1.191249389648437500e+02 8.827789306640625000e+01
1.206428833007812500e+02 1.191622314453125000e+02 8.827990722656250000e+01
1.205145874023437500e+02 1.191127319335937500e+02 8.811218261718750000e+01
1.206276855468750000e+02 1.190800170898437500e+02 8.824462890625000000e+01
1.205471801757812500e+02 1.191254882812500000e+02 8.822161865234375000e+01
1.206669311523437500e+02 1.192210693359375000e+02 8.833929443359375000e+01
1.206481323242187500e+02 1.191511840820312500e+02 8.841638183593750000e+01
1.207677001953125000e+02 1.192269897460937500e+02 8.851177978515625000e+01
1.206640625000000000e+02 1.190656127929687500e+02 8.801885986328125000e+01
1.207087402343750000e+02 1.190950927734375000e+02 8.803662109375000000e+01
1.204937744140625000e+02 1.188675537109375000e+02 8.772039794921875000e+01
1.204127197265625000e+02 1.187563476562500000e+02 8.765911865234375000e+01
1.202377929687500000e+02 1.186466674804687500e+02 8.755853271484375000e+01
1.201990966796875000e+02 1.185883789062500000e+02 8.760247802734375000e+01
1.200339965820312500e+02 1.184211425781250000e+02 8.754742431640625000e+01
1.200089111328125000e+02 1.182995605468750000e+02 8.743719482421875000e+01
1.198999633789062500e+02 1.181660156250000000e+02 8.732800292968750000e+01
1.201035156250000000e+02 1.180551757812500000e+02 8.705114746093750000e+01
1.201804809570312500e+02 1.179256591796875000e+02 8.682971191406250000e+01
1.203019409179687500e+02 1.179826049804687500e+02 8.677105712890625000e+01
1.204336547851562500e+02 1.180316772460937500e+02 8.654675292968750000e+01
1.206265258789062500e+02 1.181205444335937500e+02 8.659997558593750000e+01
1.202379150390625000e+02 1.181701049804687500e+02 8.645196533203125000e+01
1.198588256835937500e+02 1.183515014648437500e+02 8.637548828125000000e+01
1.196749267578125000e+02 1.183510742187500000e+02 8.627972412109375000e+01
1.193652954101562500e+02 1.184869995117187500e+02 8.618920898437500000e+01
1.191693115234375000e+02 1.183552246093750000e+02 8.617132568359375000e+01
1.190028686523437500e+02 1.182056274414062500e+02 8.605841064453125000e+01
1.187653808593750000e+02 1.178930664062500000e+02 8.568029785156250000e+01
1.185558471679687500e+02 1.176581420898437500e+02 8.511773681640625000e+01
1.184088745117187500e+02 1.174887084960937500e+02 8.515625000000000000e+01
1.183789062500000000e+02 1.174290161132812500e+02 8.518646240234375000e+01
1.181318969726562500e+02 1.171521606445312500e+02 8.427514648437500000e+01
1.180805664062500000e+02 1.171912841796875000e+02 8.379797363281250000e+01
1.179479370117187500e+02 1.170172119140625000e+02 8.336987304687500000e+01
1.179406127929687500e+02 1.169541015625000000e+02 8.289648437500000000e+01
1.177305908203125000e+02 1.167694091796875000e+02 8.236572265625000000e+01
1.176528320312500000e+02 1.167136840820312500e+02 8.240051269531250000e+01
1.174063110351562500e+02 1.163820190429687500e+02 8.242852783203125000e+01
1.172051391601562500e+02 1.160988769531250000e+02 8.237017822265625000e+01
1.169519653320312500e+02 1.158805541992187500e+02 8.250927734375000000e+01
1.167705078125000000e+02 1.156463623046875000e+02 8.228167724609375000e+01
1.165462646484375000e+02 1.153777465820312500e+02 8.229119873046875000e+01
1.165247192382812500e+02 1.150914306640625000e+02 8.259667968750000000e+01
1.163783569335937500e+02 1.149249267578125000e+02 8.249328613281250000e+01
1.163763427734375000e+02 1.149069824218750000e+02 8.251232910156250000e+01
1.162304077148437500e+02 1.147704467773437500e+02 8.246820068359375000e+01
1.163688964843750000e+02 1.146197509765625000e+02 8.314117431640625000e+01
1.164334716796875000e+02 1.145166015625000000e+02 8.401867675781250000e+01
1.164428710937500000e+02 1.144780273437500000e+02 8.414147949218750000e+01
1.164952392578125000e+02 1.144441528320312500e+02 8.428601074218750000e+01
1.166658325195312500e+02 1.145470581054687500e+02 8.448315429687500000e+01
1.167526245117187500e+02 1.144855346679687500e+02 8.469549560546875000e+01
1.169180297851562500e+02 1.145007934570312500e+02 8.511840820312500000e+01
1.168461914062500000e+02 1.143853759765625000e+02 8.511883544921875000e+01
1.169024047851562500e+02 1.143366699218750000e+02 8.533752441406250000e+01
1.168414916992187500e+02 1.142283325195312500e+02 8.528094482421875000e+01
1.168798217773437500e+02 1.142534179687500000e+02 8.565472412109375000e+01
1.169219970703125000e+02 1.142152099609375000e+02 8.575439453125000000e+01
1.170054931640625000e+02 1.142677612304687500e+02 8.585302734375000000e+01
1.170882568359375000e+02 1.141622924804687500e+02 8.591766357421875000e+01
1.172404174804687500e+02 1.143289794921875000e+02 8.607495117187500000e+01
1.172767333984375000e+02 1.143562622070312500e+02 8.587274169921875000e+01
1.173169555664062500e+02 1.146044311523437500e+02 8.556469726562500000e+01
1.173244628906250000e+02 1.146981811523437500e+02 8.533166503906250000e+01
1.173963623046875000e+02 1.147184448242187500e+02 8.538116455078125000e+01
1.171873168945312500e+02 1.145512695312500000e+02 8.516900634765625000e+01
1.170856323242187500e+02 1.144699707031250000e+02 8.522039794921875000e+01
1.168493041992187500e+02 1.142783813476562500e+02 8.512377929687500000e+01
1.167995605468750000e+02 1.142203369140625000e+02 8.528350830078125000e+01
1.167438354492187500e+02 1.141790771484375000e+02 8.541412353515625000e+01
1.167975463867187500e+02 1.142261962890625000e+02 8.539660644531250000e+01
1.166678466796875000e+02 1.140991821289062500e+02 8.490563964843750000e+01
1.168190307617187500e+02 1.142275390625000000e+02 8.484167480468750000e+01
1.169486083984375000e+02 1.143298950195312500e+02 8.459667968750000000e+01
1.171129760742187500e+02 1.145614624023437500e+02 8.448675537109375000e+01
1.172876586914062500e+02 1.148070068359375000e+02 8.468029785156250000e+01
1.174984130859375000e+02 1.151112670898437500e+02 8.510699462890625000e+01
1.176781616210937500e+02 1.154632568359375000e+02 8.559271240234375000e+01
1.176769409179687500e+02 1.157938842773437500e+02 8.587097167968750000e+01
1.175727539062500000e+02 1.159522705078125000e+02 8.603088378906250000e+01
1.176992187500000000e+02 1.161741333007812500e+02 8.629675292968750000e+01
1.179207763671875000e+02 1.161569213867187500e+02 8.548559570312500000e+01
1.180523681640625000e+02 1.161546630859375000e+02 8.471160888671875000e+01
1.181871948242187500e+02 1.159893188476562500e+02 8.439434814453125000e+01
1.181675415039062500e+02 1.159027099609375000e+02 8.394012451171875000e+01
1.180560913085937500e+02 1.156034545898437500e+02 8.369433593750000000e+01
1.178536376953125000e+02 1.155441284179687500e+02 8.354180908203125000e+01
1.176464843750000000e+02 1.155247192382812500e+02 8.351171875000000000e+01
1.173622436523437500e+02 1.155150146484375000e+02 8.370758056640625000e+01
1.175281372070312500e+02 1.156274414062500000e+02 8.381774902343750000e+01
1.175817871093750000e+02 1.157592773437500000e+02 8.394097900390625000e+01
1.178412475585937500e+02 1.157684326171875000e+02 8.376611328125000000e+01
1.180175170898437500e+02 1.158005981445312500e+02 8.383392333984375000e+01
1.180650634765625000e+02 1.158113403320312500e+02 8.375842285156250000e+01
1.182397460937500000e+02 1.158013916015625000e+02 8.367028808593750000e+01
1.180621948242187500e+02 1.155924682617187500e+02 8.338903808593750000e+01
1.180352172851562500e+02 1.155164184570312500e+02 8.314007568359375000e+01
1.179266967773437500e+02 1.152604980468750000e+02 8.264141845703125000e+01
1.177841796875000000e+02 1.150765991210937500e+02 8.240093994140625000e+01
1.176238403320312500e+02 1.148493652343750000e+02 8.209692382812500000e+01
1.175214843750000000e+02 1.146810913085937500e+02 8.185375976562500000e+01
1.173390502929687500e+02 1.146029052734375000e+02 8.246820068359375000e+01
1.174953613281250000e+02 1.146928710937500000e+02 8.297149658203125000e+01
1.175032958984375000e+02 1.147008056640625000e+02 8.310687255859375000e+01
1.176751098632812500e+02 1.148717651367187500e+02 8.364294433593750000e+01
1.178312377929687500e+02 1.150278930664062500e+02 8.391546630859375000e+01
1.180554199218750000e+02 1.152068481445312500e+02 8.414788818359375000e+01
1.182683715820312500e+02 1.152716674804687500e+02 8.436657714843750000e+01
1.184773559570312500e+02 1.154124755859375000e+02 8.452526855468750000e+01
1.184034423828125000e+02 1.153164062500000000e+02 8.444561767578125000e+01
1.185458374023437500e+02 1.153830566406250000e+02 8.457427978515625000e+01
1.182588500976562500e+02 1.153224487304687500e+02 8.461090087890625000e+01
1.177932739257812500e+02 1.152156982421875000e+02 8.465008544921875000e+01
1.174160156250000000e+02 1.149441528320312500e+02 8.441815185546875000e+01
1.172057495117187500e+02 1.147729492187500000e+02 8.434094238281250000e+01
1.169799194335937500e+02 1.145475463867187500e+02 8.436132812500000000e+01
1.170010375976562500e+02 1.145025634765625000e+02 8.452075195312500000e+01
1.171715087890625000e+02 1.145443725585937500e+02 8.457470703125000000e+01
1.174563598632812500e+02 1.145696411132812500e+02 8.448138427734375000e+01
1.175216064453125000e+02 1.146193847656250000e+02 8.452294921875000000e+01
1.178869628906250000e+02 1.145484008789062500e+02 8.456072998046875000e+01
1.178681640625000000e+02 1.145680541992187500e+02 8.473706054687500000e+01
1.178496093750000000e+02 1.146561889648437500e+02 8.493249511718750000e+01
1.178872070312500000e+02 1.145703125000000000e+02 8.520550537109375000e+01
1.178696899414062500e+02 1.146532592773437500e+02 8.532965087890625000e+01
1.178039550781250000e+02 1.145357055664062500e+02 8.521838378906250000e+01
1.178988647460937500e+02 1.146483154296875000e+02 8.521624755859375000e+01
1.178094482421875000e+02 1.145264282226562500e+02 8.487109375000000000e+01
1.177923583984375000e+02 1.145596923828125000e+02 8.469897460937500000e+01
1.177685546875000000e+02 1.144572753906250000e+02 8.464685058593750000e+01
1.177688598632812500e+02 1.144471435546875000e+02 8.467474365234375000e+01
1.178300781250000000e+02 1.144536743164062500e+02 8.447644042968750000e+01
1.181419677734375000e+02 1.143576660156250000e+02 8.439245605468750000e+01
1.183696899414062500e+02 1.144611206054687500e+02 8.418005371093750000e+01
1.188103637695312500e+02 1.144802246093750000e+02 8.406604003906250000e+01
1.188688964843750000e+02 1.147052001953125000e+02 8.424328613281250000e+01
1.190820312500000000e+02 1.148076171875000000e+02 8.448950195312500000e+01
1.191459350585937500e+02 1.150313110351562500e+02 8.486254882812500000e+01
1.191979370117187500e+02 1.151577758789062500e+02 8.501617431640625000e+01
1.192468261718750000e+02 1.152160644531250000e+02 8.518865966796875000e+01
1.192266845703125000e+02 1.153060302734375000e+02 8.530670166015625000e+01
1.186106567382812500e+02 1.155217895507812500e+02 8.545465087890625000e+01
1.184373168945312500e+02 1.156558837890625000e+02 8.570501708984375000e+01
1.182239990234375000e+02 1.156449584960937500e+02 8.561334228515625000e+01
1.180703125000000000e+02 1.156287231445312500e+02 8.560430908203125000e+01
1.178206176757812500e+02 1.154225463867187500e+02 8.555487060546875000e+01
1.186038208007812500e+02 1.152782592773437500e+02 8.556231689453125000e+01
1.191920776367187500e+02 1.152005004882812500e+02 8.569134521484375000e+01
1.198535156250000000e+02 1.151567993164062500e+02 8.572570800781250000e+01
1.200348510742187500e+02 1.152954101562500000e+02 8.581921386718750000e+01
1.202761230468750000e+02 1.154993896484375000e+02 8.599896240234375000e+01
1.201303100585937500e+02 1.158789062500000000e+02 8.620483398437500000e+01
1.198063964843750000e+02 1.161355590820312500e+02 8.635821533203125000e+01
1.195329589843750000e+02 1.164646606445312500e+02 8.639428710937500000e+01
1.195087890625000000e+02 1.165759277343750000e+02 8.656011962890625000e+01
1.193734130859375000e+02 1.165892333984375000e+02 8.655194091796875000e+01
1.188952026367187500e+02 1.166012573242187500e+02 8.620227050781250000e+01
1.185755004882812500e+02 1.165576782226562500e+02 8.596520996093750000e+01
1.185034790039062500e+02 1.165926513671875000e+02 8.578808593750000000e+01
1.183151855468750000e+02 1.165175781250000000e+02 8.561260986328125000e+01
1.182855834960937500e+02 1.164663696289062500e+02 8.546435546875000000e+01
1.184240722656250000e+02 1.164020385742187500e+02 8.537005615234375000e+01
1.183712158203125000e+02 1.162479248046875000e+02 8.529144287109375000e+01
1.183527832031250000e+02 1.161751708984375000e+02 8.525158691406250000e+01
1.184463500976562500e+02 1.162259521484375000e+02 8.518988037109375000e+01
1.184985351562500000e+02 1.162207641601562500e+02 8.517022705078125000e+01
1.186015625000000000e+02 1.162765502929687500e+02 8.547845458984375000e+01
1.187320556640625000e+02 1.162841796875000000e+02 8.585144042968750000e+01
1.187822265625000000e+02 1.163171997070312500e+02 8.623797607421875000e+01
1.188605346679687500e+02 1.163420410156250000e+02 8.647283935546875000e+01
1.188068237304687500e+02 1.163826904296875000e+02 8.644946289062500000e+01
1.187335205078125000e+02 1.164246215820312500e+02 8.622875976562500000e+01
1.186669921875000000e+02 1.163570556640625000e+02 8.601989746093750000e+01
1.184392089843750000e+02 1.161164550781250000e+02 8.567724609375000000e+01
1.182703247070312500e+02 1.159593505859375000e+02 8.529901123046875000e+01
1.180921630859375000e+02 1.157001342773437500e+02 8.511999511718750000e+01
1.177847900390625000e+02 1.154362792968750000e+02 8.461553955078125000e+01
1.175101928710937500e+02 1.154045410156250000e+02 8.388305664062500000e+01
1.173049316406250000e+02 1.153458862304687500e+02 8.340802001953125000e+01
1.172238159179687500e+02 1.153140258789062500e+02 8.339642333984375000e+01
1.173095703125000000e+02 1.153475341796875000e+02 8.318524169921875000e+01
1.169314575195312500e+02 1.154335327148437500e+02 8.318957519531250000e+01
1.166590576171875000e+02 1.156115722656250000e+02 8.329998779296875000e+01
1.163393554687500000e+02 1.157442626953125000e+02 8.326721191406250000e+01
1.162017822265625000e+02 1.158016357421875000e+02 8.328289794921875000e+01
1.160109252929687500e+02 1.156752319335937500e+02 8.314251708984375000e+01
1.164334716796875000e+02 1.153903198242187500e+02 8.284106445312500000e+01
1.166873168945312500e+02 1.151770019531250000e+02 8.253320312500000000e+01
1.168677978515625000e+02 1.149182128906250000e+02 8.216931152343750000e+01
1.168410644531250000e+02 1.147302246093750000e+02 8.184490966796875000e+01
1.167758178710937500e+02 1.146800537109375000e+02 8.184191894531250000e+01
1.167231445312500000e+02 1.145901489257812500e+02 8.162011718750000000e+01
1.166936035156250000e+02 1.144509277343750000e+02 8.150213623046875000e+01
1.166146850585937500e+02 1.143099365234375000e+02 8.131707763671875000e+01
1.166600952148437500e+02 1.143369750976562500e+02 8.116821289062500000e+01
1.168148803710937500e+02 1.144422607421875000e+02 8.121154785156250000e+01
1.170293579101562500e+02 1.146307983398437500e+02 8.167871093750000000e+01
1.172992553710937500e+02 1.147868652343750000e+02 8.250891113281250000e+01
1.174482421875000000e+02 1.149716186523437500e+02 8.260516357421875000e+01
1.175421142578125000e+02 1.149978637695312500e+02 8.286541748046875000e+01
1.175991210937500000e+02 1.151547241210937500e+02 8.304315185546875000e+01
1.176163940429687500e+02 1.152355346679687500e+02 8.322674560546875000e+01
1.175665283203125000e+02 1.152833251953125000e+02 8.342608642578125000e+01
1.174685668945312500e+02 1.152634887695312500e+02 8.340631103515625000e+01
1.174445800781250000e+02 1.151663208007812500e+02 8.350708007812500000e+01
1.174827880859375000e+02 1.151743774414062500e+02 8.350531005859375000e+01
1.174344482421875000e+02 1.151116943359375000e+02 8.432489013671875000e+01
1.173452758789062500e+02 1.152617187500000000e+02 8.489691162109375000e+01
1.170966186523437500e+02 1.154271850585937500e+02 8.514715576171875000e+01
1.172222290039062500e+02 1.155960083007812500e+02 8.544738769531250000e+01
1.173670043945312500e+02 1.158498535156250000e+02 8.561303710937500000e+01
1.178492431640625000e+02 1.160401611328125000e+02 8.593383789062500000e+01
1.182089843750000000e+02 1.160870361328125000e+02 8.623876953125000000e+01
1.183645019531250000e+02 1.161024169921875000e+02 8.623791503906250000e+01
1.182232666015625000e+02 1.159357299804687500e+02 8.603594970703125000e+01
1.180667724609375000e+02 1.157233276367187500e+02 8.594317626953125000e+01
1.178551635742187500e+02 1.155369873046875000e+02 8.527740478515625000e+01
1.176893310546875000e+02 1.155126342773437500e+02 8.460131835937500000e+01
1.175823364257812500e+02 1.155664062500000000e+02 8.402819824218750000e+01
1.175398559570312500e+02 1.156059570312500000e+02 8.395977783203125000e+01
1.175575561523437500e+02 1.156811523437500000e+02 8.395837402343750000e+01
1.176637573242187500e+02 1.156786499023437500e+02 8.375976562500000000e+01
1.178317871093750000e+02 1.157174072265625000e+02 8.374096679687500000e+01
1.180213012695312500e+02 1.158709106445312500e+02 8.377423095703125000e+01
1.183186035156250000e+02 1.160959472656250000e+02 8.393499755859375000e+01
1.186298217773437500e+02 1.163644409179687500e+02 8.414355468750000000e+01
1.187529296875000000e+02 1.164193115234375000e+02 8.432989501953125000e+01
1.186666870117187500e+02 1.165704956054687500e+02 8.460095214843750000e+01
1.186415405273437500e+02 1.167599487304687500e+02 8.482153320312500000e+01
1.186561279296875000e+02 1.169180908203125000e+02 8.495391845703125000e+01
1.187319946289062500e+02 1.169420166015625000e+02 8.511621093750000000e+01
1.186490478515625000e+02 1.169938964843750000e+02 8.482189941406250000e+01
1.186024780273437500e+02 1.170405883789062500e+02 8.469641113281250000e+01
1.185084838867187500e+02 1.169583129882812500e+02 8.427972412109375000e+01
1.184413452148437500e+02 1.168865966796875000e+02 8.423999023437500000e+01
1.183511962890625000e+02 1.169097900390625000e+02 8.421124267578125000e+01
1.176467285156250000e+02 1.172500610351562500e+02 8.406536865234375000e+01
1.171528930664062500e+02 1.174975585937500000e+02 8.391973876953125000e+01
1.170297241210937500e+02 1.176296386718750000e+02 8.385565185546875000e+01
1.170038452148437500e+02 1.177701416015625000e+02 8.384930419921875000e+01
1.168328247070312500e+02 1.178354492187500000e+02 8.368255615234375000e+01
1.169454345703125000e+02 1.179397583007812500e+02 8.380749511718750000e+01
1.169871826171875000e+02 1.178611450195312500e+02 8.377062988281250000e+01
1.168742065429687500e+02 1.177611694335937500e+02 8.379858398437500000e+01
1.167409667968750000e+02 1.175658569335937500e+02 8.364526367187500000e+01
1.166611938476562500e+02 1.173322753906250000e+02 8.365148925781250000e+01
1.165130004882812500e+02 1.172420654296875000e+02 8.345568847656250000e+01
1.164118041992187500e+02 1.170723266601562500e+02 8.336779785156250000e+01
1.162749633789062500e+02 1.169401245117187500e+02 8.323010253906250000e+01
1.162199096679687500e+02 1.170145263671875000e+02 8.314208984375000000e+01
1.163355102539062500e+02 1.171126708984375000e+02 8.325396728515625000e+01
1.163846435546875000e+02 1.171247558593750000e+02 8.353839111328125000e+01
1.165519409179687500e+02 1.172008666992187500e+02 8.375988769531250000e+01
1.168306884765625000e+02 1.173979492187500000e+02 8.405877685546875000e+01
1.169933471679687500e+02 1.176081542968750000e+02 8.421954345703125000e+01
1.171988525390625000e+02 1.178175048828125000e+02 8.457812500000000000e+01
1.173105468750000000e+02 1.179418334960937500e+02 8.471856689453125000e+01
1.174466552734375000e+02 1.180296630859375000e+02 8.492919921875000000e+01
1.175748291015625000e+02 1.181369018554687500e+02 8.502099609375000000e+01
1.177716674804687500e+02 1.181154174804687500e+02 8.518255615234375000e+01
1.176411132812500000e+02 1.180803222656250000e+02 8.505859375000000000e+01
1.176122436523437500e+02 1.180455322265625000e+02 8.556250000000000000e+01
1.175132446289062500e+02 1.177841186523437500e+02 8.598602294921875000e+01
1.175572509765625000e+02 1.177601318359375000e+02 8.625842285156250000e+01
1.175402221679687500e+02 1.176933593750000000e+02 8.641540527343750000e+01
1.175288696289062500e+02 1.176088867187500000e+02 8.642425537109375000e+01
1.178245849609375000e+02 1.175414428710937500e+02 8.671197509765625000e+01
1.181973266601562500e+02 1.176428833007812500e+02 8.689526367187500000e+01
1.186723632812500000e+02 1.175444946289062500e+02 8.689062500000000000e+01
1.187982788085937500e+02 1.176147460937500000e+02 8.696539306640625000e+01
1.188618164062500000e+02 1.176553344726562500e+02 8.700000000000000000e+01
1.189020385742187500e+02 1.176989746093750000e+02 8.697406005859375000e+01
1.190153198242187500e+02 1.176810302734375000e+02 8.702380371093750000e+01
1.188797607421875000e+02 1.175355834960937500e+02 8.667175292968750000e+01
1.188031005859375000e+02 1.173974609375000000e+02 8.650006103515625000e+01
1.188170166015625000e+02 1.172863769531250000e+02 8.639898681640625000e+01
1.186430053710937500e+02 1.171118774414062500e+02 8.644744873046875000e+01
1.185935668945312500e+02 1.170711059570312500e+02 8.638189697265625000e+01
1.185363769531250000e+02 1.169899291992187500e+02 8.637554931640625000e+01
1.185812988281250000e+02 1.170401611328125000e+02 8.644561767578125000e+01
1.186365356445312500e+02 1.170686645507812500e+02 8.665356445312500000e+01
1.187211303710937500e+02 1.172028808593750000e+02 8.688952636718750000e+01
1.187446289062500000e+02 1.173259277343750000e+02 8.706219482421875000e+01
1.189327392578125000e+02 1.175576171875000000e+02 8.739807128906250000e+01
1.190628051757812500e+02 1.176878051757812500e+02 8.756530761718750000e+01
1.193229370117187500e+02 1.178596191406250000e+02 8.785803222656250000e+01
1.191057739257812500e+02 1.181671752929687500e+02 8.781683349609375000e+01
1.189705810546875000e+02 1.184350585937500000e+02 8.773773193359375000e+01
1.186444091796875000e+02 1.183085327148437500e+02 8.743566894531250000e+01
1.185922851562500000e+02 1.183849487304687500e+02 8.753143310546875000e+01
1.183283081054687500e+02 1.183061523437500000e+02 8.729193115234375000e+01
1.191102905273437500e+02 1.181530151367187500e+02 8.738635253906250000e+01
1.194927368164062500e+02 1.178920288085937500e+02 8.733502197265625000e+01
1.198028564453125000e+02 1.177432250976562500e+02 8.742004394531250000e+01
1.199224243164062500e+02 1.176046142578125000e+02 8.724908447265625000e+01
1.199899902343750000e+02 1.175287475585937500e+02 8.726788330078125000e+01
1.200863647460937500e+02 1.173187866210937500e+02 8.697766113281250000e+01
1.203070068359375000e+02 1.172164916992187500e+02 8.670874023437500000e+01
1.203255004882812500e+02 1.171292724609375000e+02 8.592779541015625000e+01
1.204423828125000000e+02 1.171473388671875000e+02 8.604107666015625000e+01
1.204413452148437500e+02 1.170767822265625000e+02 8.588940429687500000e+01
1.200510864257812500e+02 1.170512084960937500e+02 8.620703125000000000e+01
1.197612304687500000e+02 1.168152465820312500e+02 8.669757080078125000e+01
1.193696899414062500e+02 1.166764526367187500e+02 8.672741699218750000e+01
1.190058593750000000e+02 1.163498535156250000e+02 8.648046875000000000e+01
1.188618164062500000e+02 1.163206787109375000e+02 8.657440185546875000e+01
1.186746826171875000e+02 1.160924072265625000e+02 8.601293945312500000e+01
1.184526977539062500e+02 1.160067749023437500e+02 8.524621582031250000e+01
1.182443237304687500e+02 1.158046875000000000e+02 8.481634521484375000e+01
1.180371704101562500e+02 1.156668090820312500e+02 8.467413330078125000e+01
1.177865600585937500e+02 1.154203491210937500e+02 8.430035400390625000e+01
1.173862304687500000e+02 1.154625854492187500e+02 8.429443359375000000e+01
1.170900878906250000e+02 1.156051635742187500e+02 8.435101318359375000e+01
1.169497680664062500e+02 1.158920288085937500e+02 8.446575927734375000e+01
1.170128173828125000e+02 1.159982910156250000e+02 8.457745361328125000e+01
1.169742431640625000e+02 1.160247802734375000e+02 8.456005859375000000e+01
1.168521118164062500e+02 1.159686279296875000e+02 8.410668945312500000e+01
1.168131103515625000e+02 1.159369506835937500e+02 8.377166748046875000e+01
1.166280517578125000e+02 1.159225463867187500e+02 8.336169433593750000e+01
1.164876098632812500e+02 1.158496093750000000e+02 8.335357666015625000e+01
1.163646850585937500e+02 1.156559448242187500e+02 8.322644042968750000e+01
1.163220825195312500e+02 1.157318115234375000e+02 8.347747802734375000e+01
1.163078002929687500e+02 1.158035888671875000e+02 8.354852294921875000e+01
1.166145629882812500e+02 1.160587158203125000e+02 8.397479248046875000e+01
1.168433837890625000e+02 1.162894897460937500e+02 8.419696044921875000e+01
1.171247558593750000e+02 1.165761108398437500e+02 8.444647216796875000e+01
1.171494750976562500e+02 1.166984252929687500e+02 8.438238525390625000e+01
1.173039550781250000e+02 1.169985351562500000e+02 8.422082519531250000e+01
1.172267456054687500e+02 1.173388671875000000e+02 8.352075195312500000e+01
1.174416503906250000e+02 1.175355224609375000e+02 8.368518066406250000e+01
1.175119018554687500e+02 1.175941772460937500e+02 8.366979980468750000e+01
1.181403198242187500e+02 1.175556030273437500e+02 8.336950683593750000e+01
1.183366699218750000e+02 1.175433349609375000e+02 8.288665771484375000e+01
1.185800170898437500e+02 1.174354248046875000e+02 8.265228271484375000e+01
1.184913330078125000e+02 1.173018188476562500e+02 8.240759277343750000e+01
1.185657348632812500e+02 1.171411132812500000e+02 8.214221191406250000e+01
1.187272949218750000e+02 1.170369873046875000e+02 8.225628662109375000e+01
1.189512939453125000e+02 1.171036987304687500e+02 8.235754394531250000e+01
1.189608764648437500e+02 1.170963134765625000e+02 8.237280273437500000e+01
1.189538574218750000e+02 1.171946411132812500e+02 8.246343994140625000e+01
1.190125122070312500e+02 1.172301025390625000e+02 8.251287841796875000e+01
1.192071533203125000e+02 1.172799682617187500e+02 8.259423828125000000e+01
1.195661621093750000e+02 1.172062988281250000e+02 8.270245361328125000e+01
1.199070434570312500e+02 1.172454223632812500e+02 8.268890380859375000e+01
1.198912353515625000e+02 1.172502441406250000e+02 8.260510253906250000e+01
1.199584960937500000e+02 1.173092041015625000e+02 8.247821044921875000e+01
1.194109497070312500e+02 1.173237304687500000e+02 8.254449462890625000e+01
1.188804931640625000e+02 1.172209472656250000e+02 8.239337158203125000e+01
1.183474731445312500e+02 1.170500488281250000e+02 8.229760742187500000e+01
1.181585693359375000e+02 1.170133666992187500e+02 8.228918457031250000e+01
1.180028686523437500e+02 1.168637695312500000e+02 8.219226074218750000e+01
1.181641235351562500e+02 1.168958129882812500e+02 8.261181640625000000e+01
1.180664672851562500e+02 1.167302246093750000e+02 8.274383544921875000e+01
1.182374877929687500e+02 1.168496093750000000e+02 8.303527832031250000e+01
1.184537963867187500e+02 1.168995971679687500e+02 8.311004638671875000e+01
1.186059570312500000e+02 1.170263061523437500e+02 8.327874755859375000e+01
1.187760620117187500e+02 1.171640014648437500e+02 8.329760742187500000e+01
1.189705810546875000e+02 1.172656860351562500e+02 8.316784667968750000e+01
1.189599609375000000e+02 1.171313476562500000e+02 8.298498535156250000e+01
1.190834350585937500e+02 1.169788818359375000e+02 8.286676025390625000e+01
1.189094848632812500e+02 1.167058715820312500e+02 8.269427490234375000e+01
1.194281005859375000e+02 1.166732177734375000e+02 8.276098632812500000e+01
1.195281982421875000e+02 1.165756225585937500e+02 8.282098388671875000e+01
1.196433105468750000e+02 1.164553833007812500e+02 8.279370117187500000e+01
1.196314086914062500e+02 1.162826538085937500e+02 8.273608398437500000e+01
1.197241210937500000e+02 1.162223510742187500e+02 8.268066406250000000e+01
1.194885253906250000e+02 1.162636718750000000e+02 8.266455078125000000e+01
1.196724243164062500e+02 1.164607543945312500e+02 8.296105957031250000e+01
1.196505737304687500e+02 1.165832519531250000e+02 8.286712646484375000e+01
1.197301025390625000e+02 1.168338012695312500e+02 8.309936523437500000e+01
1.198976440429687500e+02 1.170501708984375000e+02 8.347521972656250000e+01
1.199214477539062500e+02 1.172377319335937500e+02 8.369329833984375000e+01
1.199580688476562500e+02 1.173362426757812500e+02 8.373645019531250000e+01
1.199972534179687500e+02 1.174855346679687500e+02 8.388098144531250000e+01
1.199818725585937500e+02 1.175233154296875000e+02 8.384851074218750000e+01
1.199515380859375000e+02 1.176138916015625000e+02 8.382043457031250000e+01
1.198334350585937500e+02 1.173607788085937500e+02 8.383557128906250000e+01
1.195632324218750000e+02 1.172774658203125000e+02 8.383520507812500000e+01
1.192406616210937500e+02 1.170330810546875000e+02 8.401843261718750000e+01
1.192241210937500000e+02 1.169501342773437500e+02 8.405834960937500000e+01
1.191848754882812500e+02 1.168497314453125000e+02 8.400408935546875000e+01
1.190606689453125000e+02 1.167373046875000000e+02 8.398431396484375000e+01
1.190773315429687500e+02 1.167116088867187500e+02 8.422680664062500000e+01
1.190952148437500000e+02 1.167155761718750000e+02 8.430096435546875000e+01
1.191867065429687500e+02 1.167542724609375000e+02 8.449725341796875000e+01
1.191942138671875000e+02 1.167949218750000000e+02 8.459960937500000000e+01
1.193143920898437500e+02 1.167192382812500000e+02 8.452490234375000000e+01
1.193543701171875000e+02 1.167070312500000000e+02 8.437646484375000000e+01
1.194229125976562500e+02 1.163408813476562500e+02 8.356237792968750000e+01
1.193969116210937500e+02 1.162596435546875000e+02 8.355102539062500000e+01
1.194049682617187500e+02 1.162385253906250000e+02 8.359722900390625000e+01
1.191304931640625000e+02 1.162898559570312500e+02 8.366436767578125000e+01
1.186890258789062500e+02 1.164840087890625000e+02 8.375720214843750000e+01
1.184775390625000000e+02 1.164856567382812500e+02 8.367456054687500000e+01
1.183780517578125000e+02 1.164573364257812500e+02 8.367669677734375000e+01
1.183079223632812500e+02 1.166935424804687500e+02 8.393847656250000000e+01
1.185162353515625000e+02 1.167807617187500000e+02 8.411236572265625000e+01
1.188561401367187500e+02 1.170620117187500000e+02 8.432653808593750000e+01
1.191600341796875000e+02 1.172379760742187500e+02 8.436663818359375000e+01
1.194603881835937500e+02 1.174445190429687500e+02 8.452758789062500000e+01
1.196738281250000000e+02 1.176381835937500000e+02 8.465649414062500000e+01
1.199407958984375000e+02 1.177293701171875000e+02 8.569146728515625000e+01
1.200927124023437500e+02 1.177675781250000000e+02 8.619842529296875000e+01
1.202366333007812500e+02 1.178056030273437500e+02 8.665124511718750000e+01
1.202300415039062500e+02 1.178051147460937500e+02 8.678137207031250000e+01
1.201662597656250000e+02 1.176140136718750000e+02 8.676538085937500000e+01
1.199133911132812500e+02 1.174382934570312500e+02 8.654028320312500000e+01
1.197869873046875000e+02 1.172393798828125000e+02 8.640563964843750000e+01
1.197119140625000000e+02 1.171116333007812500e+02 8.623541259765625000e+01
1.196853027343750000e+02 1.170233764648437500e+02 8.609466552734375000e+01
1.196813964843750000e+02 1.169862670898437500e+02 8.610546875000000000e+01
1.197223510742187500e+02 1.169918823242187500e+02 8.597973632812500000e+01
1.197706298828125000e+02 1.170903930664062500e+02 8.557995605468750000e+01
1.198800048828125000e+02 1.171490478515625000e+02 8.546765136718750000e+01
1.199461059570312500e+02 1.172345581054687500e+02 8.554736328125000000e+01
1.199428710937500000e+02 1.172495727539062500e+02 8.553027343750000000e+01
1.201204223632812500e+02 1.172456665039062500e+02 8.573510742187500000e+01
1.203860473632812500e+02 1.171165771484375000e+02 8.575451660156250000e+01
1.204865112304687500e+02 1.170361328125000000e+02 8.596142578125000000e+01
1.205529785156250000e+02 1.170907592773437500e+02 8.599737548828125000e+01
1.206392211914062500e+02 1.171621704101562500e+02 8.605206298828125000e+01
1.205077514648437500e+02 1.172128295898437500e+02 8.611480712890625000e+01
1.203898925781250000e+02 1.173329467773437500e+02 8.624829101562500000e+01
1.203762817382812500e+02 1.174844970703125000e+02 8.626287841796875000e+01
1.203132934570312500e+02 1.175656127929687500e+02 8.633203125000000000e+01
1.203784179687500000e+02 1.177333374023437500e+02 8.646502685546875000e+01
1.203001098632812500e+02 1.179546508789062500e+02 8.664056396484375000e+01
1.203278198242187500e+02 1.182515258789062500e+02 8.695404052734375000e+01
1.202898559570312500e+02 1.184051513671875000e+02 8.720703125000000000e+01
1.203115844726562500e+02 1.186262207031250000e+02 8.744055175781250000e+01
1.202862548828125000e+02 1.187565917968750000e+02 8.748413085937500000e+01
1.204221801757812500e+02 1.188451538085937500e+02 8.751654052734375000e+01
1.204524536132812500e+02 1.188442382812500000e+02 8.735754394531250000e+01
1.205144042968750000e+02 1.188293457031250000e+02 8.726757812500000000e+01
1.204895629882812500e+02 1.188486328125000000e+02 8.703100585937500000e+01
1.203735351562500000e+02 1.187572021484375000e+02 8.702270507812500000e+01
1.202817993164062500e+02 1.186210937500000000e+02 8.695568847656250000e+01
1.203844604492187500e+02 1.186759033203125000e+02 8.727349853515625000e+01
1.205039062500000000e+02 1.187790527343750000e+02 8.748205566406250000e+01
1.206045532226562500e+02 1.187678833007812500e+02 8.749920654296875000e+01
1.207380981445312500e+02 1.187677612304687500e+02 8.761022949218750000e+01
1.209533691406250000e+02 1.189540405273437500e+02 8.782550048828125000e+01
1.210687866210937500e+02 1.191246337890625000e+02 8.808978271484375000e+01
1.211883544921875000e+02 1.193258056640625000e+02 8.826129150390625000e+01
1.211754760742187500e+02 1.194240112304687500e+02 8.827587890625000000e+01
1.211016845703125000e+02 1.193707275390625000e+02 8.824438476562500000e+01
1.209654541015625000e+02 1.191914062500000000e+02 8.806036376953125000e+01
1.208341674804687500e+02 1.191931152343750000e+02 8.771331787109375000e+01
1.206018066406250000e+02 1.189910278320312500e+02 8.686560058593750000e+01
1.206797485351562500e+02 1.188867797851562500e+02 8.691619873046875000e+01
1.205039672851562500e+02 1.188591308593750000e+02 8.671051025390625000e+01
1.205532836914062500e+02 1.188823242187500000e+02 8.754193115234375000e+01
1.205953369140625000e+02 1.188218383789062500e+02 8.794506835937500000e+01
1.206142578125000000e+02 1.187897949218750000e+02 8.825866699218750000e+01
1.206331176757812500e+02 1.188361206054687500e+02 8.831457519531250000e+01
1.207109985351562500e+02 1.188964233398437500e+02 8.842236328125000000e+01
1.208898315429687500e+02 1.188682861328125000e+02 8.838122558593750000e+01
1.211450195312500000e+02 1.189469604492187500e+02 8.846771240234375000e+01
1.211287841796875000e+02 1.189196777343750000e+02 8.859558105468750000e+01
1.212174072265625000e+02 1.189317626953125000e+02 8.871197509765625000e+01
1.212537841796875000e+02 1.189830932617187500e+02 8.861553955078125000e+01
1.209978637695312500e+02 1.190909423828125000e+02 8.834692382812500000e+01
1.205436401367187500e+02 1.191406250000000000e+02 8.816583251953125000e+01
1.205194702148437500e+02 1.191441040039062500e+02 8.806353759765625000e+01
1.202989501953125000e+02 1.192067260742187500e+02 8.796569824218750000e+01
1.201922607421875000e+02 1.192004394531250000e+02 8.807360839843750000e+01
1.206059570312500000e+02 1.189107055664062500e+02 8.809930419921875000e+01
1.210465087890625000e+02 1.189233398437500000e+02 8.835064697265625000e+01
1.212709350585937500e+02 1.188491210937500000e+02 8.838946533203125000e+01
1.214644165039062500e+02 1.189993286132812500e+02 8.858728027343750000e+01
1.216077270507812500e+02 1.190380859375000000e+02 8.860491943359375000e+01
1.217678222656250000e+02 1.191605224609375000e+02 8.885705566406250000e+01
1.218031616210937500e+02 1.192684326171875000e+02 8.895562744140625000e+01
1.218277587890625000e+02 1.194047851562500000e+02 8.907348632812500000e+01
1.216859741210937500e+02 1.193454589843750000e+02 8.902935791015625000e+01
1.214805908203125000e+02 1.191015014648437500e+02 8.878967285156250000e+01
1.210570678710937500e+02 1.186951293945312500e+02 8.786853027343750000e+01
1.206782836914062500e+02 1.184376220703125000e+02 8.709991455078125000e+01
1.204841308593750000e+02 1.182772216796875000e+02 8.660638427734375000e+01
1.204865112304687500e+02 1.183411865234375000e+02 8.636560058593750000e+01
1.204723510742187500e+02 1.182641601562500000e+02 8.624761962890625000e+01
1.204470214843750000e+02 1.183439331054687500e+02 8.605163574218750000e+01
1.203440551757812500e+02 1.183900146484375000e+02 8.577075195312500000e+01
1.203428344726562500e+02 1.184235229492187500e+02 8.552258300781250000e+01
1.204800415039062500e+02 1.186657714843750000e+02 8.552874755859375000e+01
1.206635742187500000e+02 1.188901367187500000e+02 8.577526855468750000e+01
1.209653320312500000e+02 1.192345581054687500e+02 8.558227539062500000e+01
1.212312011718750000e+02 1.195583496093750000e+02 8.559930419921875000e+01
1.213823242187500000e+02 1.197239379882812500e+02 8.564379882812500000e+01
1.215394897460937500e+02 1.199224243164062500e+02 8.569134521484375000e+01
1.216616821289062500e+02 1.200979614257812500e+02 8.568414306640625000e+01
1.214915161132812500e+02 1.200792236328125000e+02 8.533636474609375000e+01
1.213887939453125000e+02 1.202492065429687500e+02 8.527716064453125000e+01
1.213790283203125000e+02 1.203589477539062500e+02 8.503796386718750000e+01
1.212833862304687500e+02 1.203240356445312500e+02 8.506890869140625000e+01
1.212432250976562500e+02 1.203305664062500000e+02 8.490643310546875000e+01
1.212967529296875000e+02 1.202746582031250000e+02 8.525952148437500000e+01
1.213215332031250000e+02 1.202682495117187500e+02 8.553289794921875000e+01
1.213151245117187500e+02 1.203624877929687500e+02 8.563757324218750000e+01
1.213888549804687500e+02 1.204075927734375000e+02 8.582214355468750000e+01
1.214271850585937500e+02 1.204401855468750000e+02 8.590997314453125000e+01
1.214506835937500000e+02 1.203766479492187500e+02 8.566693115234375000e+01
1.213179321289062500e+02 1.200938720703125000e+02 8.517016601562500000e+01
1.212020874023437500e+02 1.197742919921875000e+02 8.466577148437500000e+01
1.210102539062500000e+02 1.194042358398437500e+02 8.432153320312500000e+01
1.206649169921875000e+02 1.189621582031250000e+02 8.389984130859375000e+01
1.203246459960937500e+02 1.186861572265625000e+02 8.358312988281250000e+01
1.198916625976562500e+02 1.184935302734375000e+02 8.330859375000000000e+01
1.195667724609375000e+02 1.183163452148437500e+02 8.329437255859375000e+01
1.193269042968750000e+02 1.181942138671875000e+02 8.323034667968750000e+01
1.192859497070312500e+02 1.181647338867187500e+02 8.317138671875000000e+01
1.193290405273437500e+02 1.182166748046875000e+02 8.334497070312500000e+01
1.195087890625000000e+02 1.183813476562500000e+02 8.352954101562500000e+01
1.196762084960937500e+02 1.184915771484375000e+02 8.363903808593750000e+01
1.197687988281250000e+02 1.186672973632812500e+02 8.378399658203125000e+01
1.200562744140625000e+02 1.188973999023437500e+02 8.405755615234375000e+01
1.201069335937500000e+02 1.191811523437500000e+02 8.443212890625000000e+01
1.199893798828125000e+02 1.194258422851562500e+02 8.473748779296875000e+01
1.199548339843750000e+02 1.195818481445312500e+02 8.513836669921875000e+01
1.198555908203125000e+02 1.196198120117187500e+02 8.514886474609375000e+01
1.198084106445312500e+02 1.197229003906250000e+02 8.516174316406250000e+01
1.195059204101562500e+02 1.196776733398437500e+02 8.461419677734375000e+01
1.191984252929687500e+02 1.195701904296875000e+02 8.408203125000000000e+01
1.189808349609375000e+02 1.194285278320312500e+02 8.352752685546875000e+01
1.190758666992187500e+02 1.194252319335937500e+02 8.355700683593750000e+01
1.190928344726562500e+02 1.193914184570312500e+02 8.353973388671875000e+01
1.191387329101562500e+02 1.194058837890625000e+02 8.373297119140625000e+01
1.191558837890625000e+02 1.193714599609375000e+02 8.375189208984375000e+01
1.192192993164062500e+02 1.193316040039062500e+02 8.378369140625000000e+01
1.191813354492187500e+02 1.192457275390625000e+02 8.382263183593750000e+01
1.191923828125000000e+02 1.191902465820312500e+02 8.385430908203125000e+01
1.191215820312500000e+02 1.191705322265625000e+02 8.407635498046875000e+01
1.187839355468750000e+02 1.188358154296875000e+02 8.420501708984375000e+01
1.183644409179687500e+02 1.184962768554687500e+02 8.398083496093750000e+01
1.180819702148437500e+02 1.181958007812500000e+02 8.375073242187500000e+01
1.178068237304687500e+02 1.180322265625000000e+02 8.366925048828125000e+01
1.179534301757812500e+02 1.179681396484375000e+02 8.323406982421875000e+01
1.181654052734375000e+02 1.179349365234375000e+02 8.304809570312500000e+01
1.183029174804687500e+02 1.179963989257812500e+02 8.297521972656250000e+01
1.184802246093750000e+02 1.180549316406250000e+02 8.294232177734375000e+01
1.186638183593750000e+02 1.181845092773437500e+02 8.304156494140625000e+01
1.190158081054687500e+02 1.184503173828125000e+02 8.337994384765625000e+01
1.193826293945312500e+02 1.187282714843750000e+02 8.364837646484375000e+01
1.197138061523437500e+02 1.189852905273437500e+02 8.400970458984375000e+01
1.200269165039062500e+02 1.191989746093750000e+02 8.428637695312500000e+01
1.202323608398437500e+02 1.194001464843750000e+02 8.452343750000000000e+01
1.202585449218750000e+02 1.194616699218750000e+02 8.440374755859375000e+01
1.202416381835937500e+02 1.195891723632812500e+02 8.436352539062500000e+01
1.201639404296875000e+02 1.196115112304687500e+02 8.435754394531250000e+01
1.200761108398437500e+02 1.197517700195312500e+02 8.426947021484375000e+01
1.201057739257812500e+02 1.198048095703125000e+02 8.442181396484375000e+01
1.199603881835937500e+02 1.196374511718750000e+02 8.420904541015625000e+01
1.198063964843750000e+02 1.194852294921875000e+02 8.397668457031250000e+01
1.197237548828125000e+02 1.193636474609375000e+02 8.383856201171875000e+01
1.197178344726562500e+02 1.193556518554687500e+02 8.386828613281250000e+01
1.197203979492187500e+02 1.193369750976562500e+02 8.375421142578125000e+01
1.198872680664062500e+02 1.191823120117187500e+02 8.396136474609375000e+01
1.201474609375000000e+02 1.190205688476562500e+02 8.444238281250000000e+01
1.205527343750000000e+02 1.187572631835937500e+02 8.466430664062500000e+01
1.206411132812500000e+02 1.185254516601562500e+02 8.478424072265625000e+01
1.205589599609375000e+02 1.184594726562500000e+02 8.469622802734375000e+01
1.199893188476562500e+02 1.184130859375000000e+02 8.444421386718750000e+01
1.194697265625000000e+02 1.184200439453125000e+02 8.424462890625000000e+01
1.189274291992187500e+02 1.182322387695312500e+02 8.394927978515625000e+01
1.184888305664062500e+02 1.180010986328125000e+02 8.366015625000000000e+01
1.182803955078125000e+02 1.177432250976562500e+02 8.350897216796875000e+01
1.187080688476562500e+02 1.173517456054687500e+02 8.331018066406250000e+01
1.194217529296875000e+02 1.170748291015625000e+02 8.323034667968750000e+01
1.199957885742187500e+02 1.168789062500000000e+02 8.290332031250000000e+01
1.199274902343750000e+02 1.167139892578125000e+02 8.279229736328125000e+01
1.200393676757812500e+02 1.167266845703125000e+02 8.283715820312500000e+01
1.198198852539062500e+02 1.168615722656250000e+02 8.324615478515625000e+01
1.194802246093750000e+02 1.170849609375000000e+02 8.372723388671875000e+01
1.193439941406250000e+02 1.173855590820312500e+02 8.430401611328125000e+01
1.194026489257812500e+02 1.175457763671875000e+02 8.462225341796875000e+01
1.192495117187500000e+02 1.177319335937500000e+02 8.479467773437500000e+01
1.193106689453125000e+02 1.179685668945312500e+02 8.447467041015625000e+01
1.194025268554687500e+02 1.180484008789062500e+02 8.414807128906250000e+01
1.195367431640625000e+02 1.182361450195312500e+02 8.404321289062500000e+01
1.195234375000000000e+02 1.183168945312500000e+02 8.399645996093750000e+01
1.195703125000000000e+02 1.183809204101562500e+02 8.400183105468750000e+01
1.197053222656250000e+02 1.183312377929687500e+02 8.417346191406250000e+01
1.199425659179687500e+02 1.182207031250000000e+02 8.434686279296875000e+01
1.199582519531250000e+02 1.180305175781250000e+02 8.442163085937500000e+01
1.200517578125000000e+02 1.177219238281250000e+02 8.452026367187500000e+01
1.202636718750000000e+02 1.176471557617187500e+02 8.479357910156250000e+01
1.200949707031250000e+02 1.176364746093750000e+02 8.466851806640625000e+01
1.198312377929687500e+02 1.175562744140625000e+02 8.455413818359375000e+01
1.197319335937500000e+02 1.175692749023437500e+02 8.450415039062500000e+01
1.196632690429687500e+02 1.175516967773437500e+02 8.442883300781250000e+01
1.197265014648437500e+02 1.177119750976562500e+02 8.458959960937500000e+01
1.194505004882812500e+02 1.178352661132812500e+02 8.430224609375000000e+01
1.194465942382812500e+02 1.178880004882812500e+02 8.411724853515625000e+01
1.193402709960937500e+02 1.177926025390625000e+02 8.371600341796875000e+01
1.191440429687500000e+02 1.177119140625000000e+02 8.362048339843750000e+01
1.188084716796875000e+02 1.174766845703125000e+02 8.333166503906250000e+01
1.190237426757812500e+02 1.171331176757812500e+02 8.326300048828125000e+01
1.192039794921875000e+02 1.169628295898437500e+02 8.314685058593750000e+01
1.193988037109375000e+02 1.169102172851562500e+02 8.317395019531250000e+01
1.196163330078125000e+02 1.168417968750000000e+02 8.320117187500000000e+01
1.196024780273437500e+02 1.167675170898437500e+02 8.317767333984375000e+01
1.194946899414062500e+02 1.168363647460937500e+02 8.327593994140625000e+01
1.194694213867187500e+02 1.170696411132812500e+02 8.356634521484375000e+01
1.195758056640625000e+02 1.173296508789062500e+02 8.375659179687500000e+01
1.196436767578125000e+02 1.176969604492187500e+02 8.400085449218750000e+01
1.197301635742187500e+02 1.180016479492187500e+02 8.426495361328125000e+01
1.201315307617187500e+02 1.182799682617187500e+02 8.427661132812500000e+01
1.204626464843750000e+02 1.184440917968750000e+02 8.418841552734375000e+01
1.207714843750000000e+02 1.186293945312500000e+02 8.428271484375000000e+01
1.208386230468750000e+02 1.186469726562500000e+02 8.415869140625000000e+01
1.208864746093750000e+02 1.186401977539062500e+02 8.418304443359375000e+01
1.209444580078125000e+02 1.186550292968750000e+02 8.418273925781250000e+01
1.211430664062500000e+02 1.185207519531250000e+02 8.428045654296875000e+01
1.211410522460937500e+02 1.183701171875000000e+02 8.401538085937500000e+01
1.211458740234375000e+02 1.183471679687500000e+02 8.394519042968750000e+01
1.211389160156250000e+02 1.181996459960937500e+02 8.376629638671875000e+01
1.209038696289062500e+02 1.180953369140625000e+02 8.366149902343750000e+01
1.205311279296875000e+02 1.177227783203125000e+02 8.328857421875000000e+01
1.203513183593750000e+02 1.176336669921875000e+02 8.318890380859375000e+01
1.203467407226562500e+02 1.175513305664062500e+02 8.316729736328125000e+01
1.203852539062500000e+02 1.175535278320312500e+02 8.316711425781250000e+01
1.203538818359375000e+02 1.175466918945312500e+02 8.320825195312500000e+01
1.205708007812500000e+02 1.176963500976562500e+02 8.356903076171875000e+01
1.207500000000000000e+02 1.178119506835937500e+02 8.387994384765625000e+01
1.210493774414062500e+02 1.180570068359375000e+02 8.421905517578125000e+01
1.212266235351562500e+02 1.182040405273437500e+02 8.460864257812500000e+01
1.212991943359375000e+02 1.182728881835937500e+02 8.471075439453125000e+01
1.211968994140625000e+02 1.181747436523437500e+02 8.461462402343750000e+01
1.207075195312500000e+02 1.179802246093750000e+02 8.417248535156250000e+01
1.207164306640625000e+02 1.178152465820312500e+02 8.381762695312500000e+01
1.206268310546875000e+02 1.176157226562500000e+02 8.375720214843750000e+01
1.205305175781250000e+02 1.174996337890625000e+02 8.334564208984375000e+01
1.204224243164062500e+02 1.173352661132812500e+02 8.298681640625000000e+01
1.204266967773437500e+02 1.172561645507812500e+02 8.255694580078125000e+01
1.204899902343750000e+02 1.173045043945312500e+02 8.233538818359375000e+01
1.207047119140625000e+02 1.175217285156250000e+02 8.238800048828125000e+01
1.206837158203125000e+02 1.177380981445312500e+02 8.286395263671875000e+01
1.205372314453125000e+02 1.179556884765625000e+02 8.325671386718750000e+01
1.205275268554687500e+02 1.182248535156250000e+02 8.355023193359375000e+01
1.204927978515625000e+02 1.183203125000000000e+02 8.374969482421875000e+01
1.205745849609375000e+02 1.185753173828125000e+02 8.394775390625000000e+01
1.207088623046875000e+02 1.187292480468750000e+02 8.430895996093750000e+01
1.208131713867187500e+02 1.188361816406250000e+02 8.444372558593750000e+01
1.207869262695312500e+02 1.188075561523437500e+02 8.439739990234375000e+01
1.207180175781250000e+02 1.187739257812500000e+02 8.454669189453125000e+01
1.206593627929687500e+02 1.188030395507812500e+02 8.452349853515625000e+01
1.205468139648437500e+02 1.187689208984375000e+02 8.447851562500000000e+01
1.203781738281250000e+02 1.186469726562500000e+02 8.439123535156250000e+01
1.202905883789062500e+02 1.185923461914062500e+02 8.431378173828125000e+01
1.201723022460937500e+02 1.185004272460937500e+02 8.418475341796875000e+01
1.201998291015625000e+02 1.184997558593750000e+02 8.407653808593750000e+01
1.202916870117187500e+02 1.184940795898437500e+02 8.421405029296875000e+01
1.205343627929687500e+02 1.186105957031250000e+02 8.459899902343750000e+01
1.207279052734375000e+02 1.186743774414062500e+02 8.483062744140625000e+01
1.210973510742187500e+02 1.189138183593750000e+02 8.532965087890625000e+01
1.212764892578125000e+02 1.191358642578125000e+02 8.556213378906250000e+01
1.213426513671875000e+02 1.191233520507812500e+02 8.537524414062500000e+01
1.213168945312500000e+02 1.190930175781250000e+02 8.515637207031250000e+01
1.213841552734375000e+02 1.191201782226562500e+02 8.491583251953125000e+01
1.211492919921875000e+02 1.189536132812500000e+02 8.461999511718750000e+01
1.211066894531250000e+02 1.188574218750000000e+02 8.457171630859375000e+01
1.207319335937500000e+02 1.185902099609375000e+02 8.413183593750000000e+01
1.205959472656250000e+02 1.184808349609375000e+02 8.363848876953125000e+01
1.203388671875000000e+02 1.182319946289062500e+02 8.333984375000000000e+01
1.202774047851562500e+02 1.181731567382812500e+02 8.303186035156250000e+01
1.201744995117187500e+02 1.181806640625000000e+02 8.302404785156250000e+01
1.204147338867187500e+02 1.182677612304687500e+02 8.336230468750000000e+01
1.207365112304687500e+02 1.184211425781250000e+02 8.365789794921875000e+01
1.210438232421875000e+02 1.186974487304687500e+02 8.400427246093750000e+01
1.213422241210937500e+02 1.189556274414062500e+02 8.439581298828125000e+01
1.215844726562500000e+02 1.191439819335937500e+02 8.474835205078125000e+01
1.215300903320312500e+02 1.192553710937500000e+02 8.489721679687500000e+01
1.215744018554687500e+02 1.194375610351562500e+02 8.491650390625000000e+01
1.214446411132812500e+02 1.194714355468750000e+02 8.512780761718750000e+01
1.213378906250000000e+02 1.196118774414062500e+02 8.514355468750000000e+01
1.211602783203125000e+02 1.194553833007812500e+02 8.514135742187500000e+01
1.206870117187500000e+02 1.196687622070312500e+02 8.493927001953125000e+01
1.203467407226562500e+02 1.196232299804687500e+02 8.476391601562500000e+01
1.200355224609375000e+02 1.196851196289062500e+02 8.464752197265625000e+01
1.199147949218750000e+02 1.196306152343750000e+02 8.457397460937500000e+01
1.198340454101562500e+02 1.196365356445312500e+02 8.457000732421875000e+01
1.198499755859375000e+02 1.196099853515625000e+02 8.469836425781250000e+01
1.202056884765625000e+02 1.197478027343750000e+02 8.510491943359375000e+01
1.203458862304687500e+02 1.196802368164062500e+02 8.538024902343750000e+01
1.206028442382812500e+02 1.196206665039062500e+02 8.562274169921875000e+01
1.205869140625000000e+02 1.195385742187500000e+02 8.573840332031250000e+01
1.203479614257812500e+02 1.196264648437500000e+02 8.519073486328125000e+01
1.201362915039062500e+02 1.195117187500000000e+02 8.486553955078125000e+01
1.197990722656250000e+02 1.195855712890625000e+02 8.448956298828125000e+01
1.197518920898437500e+02 1.196329345703125000e+02 8.440563964843750000e+01
1.199355468750000000e+02 1.198537597656250000e+02 8.475793457031250000e+01
1.199947509765625000e+02 1.198353881835937500e+02 8.468463134765625000e+01
1.200078735351562500e+02 1.196887207031250000e+02 8.448101806640625000e+01
1.198992919921875000e+02 1.193002929687500000e+02 8.396166992187500000e+01
1.197667236328125000e+02 1.192028808593750000e+02 8.375091552734375000e+01
1.195604248046875000e+02 1.189672241210937500e+02 8.339855957031250000e+01
1.196031494140625000e+02 1.187463989257812500e+02 8.330902099609375000e+01
1.196096801757812500e+02 1.186120605468750000e+02 8.324456787109375000e+01
1.196822509765625000e+02 1.185335083007812500e+02 8.312109375000000000e+01
1.197528686523437500e+02 1.185526123046875000e+02 8.315399169921875000e+01
1.200601196289062500e+02 1.188220825195312500e+02 8.325677490234375000e+01
1.200346679687500000e+02 1.191645507812500000e+02 8.388922119140625000e+01
1.201441040039062500e+02 1.195379638671875000e+02 8.435388183593750000e+01
1.202854003906250000e+02 1.198941040039062500e+02 8.463446044921875000e+01
1.205865478515625000e+02 1.203685913085937500e+02 8.494714355468750000e+01
1.204448852539062500e+02 1.204961547851562500e+02 8.517352294921875000e+01
1.207754516601562500e+02 1.207107543945312500e+02 8.547247314453125000e+01
1.208591918945312500e+02 1.206395263671875000e+02 8.552923583984375000e+01
1.208703002929687500e+02 1.206716918945312500e+02 8.555993652343750000e+01
1.208114013671875000e+02 1.206338500976562500e+02 8.551940917968750000e+01
1.207750854492187500e+02 1.205499267578125000e+02 8.551605224609375000e+01
1.206621704101562500e+02 1.203222656250000000e+02 8.519171142578125000e+01
1.205203857421875000e+02 1.202168579101562500e+02 8.466162109375000000e+01
1.203282470703125000e+02 1.200108642578125000e+02 8.442254638671875000e+01
1.202465820312500000e+02 1.198933715820312500e+02 8.424114990234375000e+01
1.201070556640625000e+02 1.197142944335937500e+02 8.402185058593750000e+01
1.201375732421875000e+02 1.197445678710937500e+02 8.446136474609375000e+01
1.200364379882812500e+02 1.196320800781250000e+02 8.456561279296875000e+01
1.200403442382812500e+02 1.197944335937500000e+02 8.479821777343750000e+01
1.200271606445312500e+02 1.197637939453125000e+02 8.488214111328125000e+01
1.202089233398437500e+02 1.199955444335937500e+02 8.512292480468750000e+01
1.205041503906250000e+02 1.201196899414062500e+02 8.539709472656250000e+01
1.208595581054687500e+02 1.202410278320312500e+02 8.570098876953125000e+01
1.209576416015625000e+02 1.201740112304687500e+02 8.576751708984375000e+01
1.210365600585937500e+02 1.201686401367187500e+02 8.586926269531250000e+01
1.208791503906250000e+02 1.199763183593750000e+02 8.566424560546875000e+01
1.207092895507812500e+02 1.197819824218750000e+02 8.523944091796875000e+01
1.203863525390625000e+02 1.194490356445312500e+02 8.457104492187500000e+01
1.203016357421875000e+02 1.193656616210937500e+02 8.419897460937500000e+01
1.200708007812500000e+02 1.191795654296875000e+02 8.381250000000000000e+01
1.199755249023437500e+02 1.191459350585937500e+02 8.348126220703125000e+01
1.198654785156250000e+02 1.190539550781250000e+02 8.332080078125000000e+01
1.198671875000000000e+02 1.191693115234375000e+02 8.336492919921875000e+01
1.198748779296875000e+02 1.192705078125000000e+02 8.345233154296875000e+01
1.200339355468750000e+02 1.194962158203125000e+02 8.390002441406250000e+01
1.202307739257812500e+02 1.196898193359375000e+02 8.421063232421875000e+01
1.203313598632812500e+02 1.199847412109375000e+02 8.443011474609375000e+01
1.203323364257812500e+02 1.201114501953125000e+02 8.483593750000000000e+01
1.203472900390625000e+02 1.205532836914062500e+02 8.508148193359375000e+01
1.205213623046875000e+02 1.208477172851562500e+02 8.540905761718750000e+01
1.207617187500000000e+02 1.211024780273437500e+02 8.571679687500000000e+01
1.209796142578125000e+02 1.212030639648437500e+02 8.579327392578125000e+01
1.212430419921875000e+02 1.212944946289062500e+02 8.598315429687500000e+01
1.211445922851562500e+02 1.210833129882812500e+02 8.574279785156250000e+01
1.212818603515625000e+02 1.211671752929687500e+02 8.567633056640625000e+01
1.211421508789062500e+02 1.208543090820312500e+02 8.550946044921875000e+01
